Architecture: k-jumps
Number of States: 12
Parameters:
0.6998743277025492
0.051341488991249684
0.9969612915486294
0.5517838532272307
0.40160032923842137
0.401132783392936
0.29835706789475946
0.9937973549319541
0.1994446524534137
0.7085018528554413
0.5545288394227473
0.04142040614343001
0.14693471782167078
0.627522203604568
0.768984764698803
0.5805453686705502
0.6125339896712987
0.9747628311169975
0.36840451752209535
0.9896046121674898
0.6798995069570194
0.9159864861147723
0.7480961357778676
0.44542532567297133
0.4738231202922756
0.9101941836961961
