Architecture: k-jumps
Number of States: 14
Parameters:
13.616363695601509
-15.0
12.67868781803269
-15.0
12.044357672030108
-14.495684349471391
11.419980541957095
-13.43373962936596
11.016848621095601
-12.45619923368347
14.030615681299592
-13.448065587946292
-3.0235418461945356
0.23457517000721373
-5.328303173942448
-7.033690185942046
0.25592839548457413
-5.791011082986489
-10.836692147150204
0.20287787128842452
-3.168871956514871
-11.841459835558332
0.15953214542563976
-3.6351850119529363
-11.462425454056707
0.24283660189627101
-7.742332003590699
-11.714693283839189
-7.982868732656869
-0.5626024015887351
-0.28733247426622543
6.632788180624233
-8.435106993535705
3.005020916062504
