Architecture: chain
Number of States: 30
Parameters:
-1.0254037607015594
-0.8108745277744734
-0.9705748904377925
-0.984014657766559
-0.847600698090242
-0.898968355688486
-0.9830524528072563
-0.7928008731065556
-0.8020264476876688
-1.000596300747398
-0.9399700437544929
-0.8976975367283722
-1.0090913720939134
-1.0144761985681874
-0.8515063304655694
-0.946095585755416
-0.8911859945045014
-0.816193154306422
-0.9702180113531297
-0.7876613562813661
-0.824805046496388
-0.7872644276343874
-1.0302915172424298
-0.7862696125425696
-0.9552770998439304
-0.8736350571774029
-0.7919556918320759
-0.8787770251801656
-0.8792784960770564
