Architecture: escape_chain
Number of States: 28
Parameters:
-15.0
-15.0
-15.0
-15.0
-15.0
-15.0
-5.519066601202602
-5.523504571972451
-3.991590187458544
-3.6780973552249945
-3.367306203009211
-2.595196413373017
-2.170909884829323
-1.5961536621406671
-1.3295835097904294
-1.0215018855835103
-0.8430746893863231
-0.50247720490719
-0.5834967976259008
-0.07641242215953493
-0.7070859895011025
0.05353938575651202
-0.18266625104044087
1.571175500089658
-5.304734051057144
4.643943134855237
0.24209676511475142
