Architecture: k-jumps
Number of States: 18
Parameters:
5.992487204008646
-7.852514550924893
2.863159780095545
-10.516763118560252
5.478897824146488
-7.4648777315965305
1.4812460997183319
-10.589102672107762
2.5014024326610507
-9.92235733884384
1.2492621075597974
-9.850330567227182
0.8067384531486271
-3.9281074843970356
6.314284332372674
-4.789866738966206
-4.309455304922966
0.3627193253481367
-3.656662410230699
-9.646771697144747
0.4171731031125618
-3.835199052869273
-10.889032963213715
0.46485044253722135
-2.5273097492235133
-12.074992894727293
0.25486552985384703
-4.9830968646191645
-12.203853282941726
-0.07019791065586498
-1.0035650945210335
-11.773270316247258
-0.028135909520628725
-1.2988977888674365
-12.738857337290344
0.21695600649208238
-5.292355369690325
-10.730526540112074
0.25018318786055815
-9.578835382571214
-11.607584535787053
9.421547620009685
-7.674868790673519
-3.241205005394476
