Architecture: full
Number of States: 28
Parameters:
-6.16859656146185
-10.084276215512848
-3.2702668477541748
-12.138768970414645
-9.950411399441151
5.837698148484212
5.641051006196948
-4.9482080707237674
-9.221294749791715
5.105498668938002
-10.238202712425183
-1.633812062764101
2.5416041850998385
-3.2874528244708676
2.013729983209316
-10.727876115774178
-2.8540162730820624
-2.995329705953072
5.809010551140812
15.0
-12.220076970530366
-3.034355299776616
-8.751157595465527
-9.22749447427135
-10.720154525998414
-12.149757054722166
-15.0
0.5682088203494331
2.4703313273182514
1.6785050638808536
5.2440745531262625
-1.2433069631039058
0.46353656656507886
0.20071092867008683
0.7451956015763812
0.21764020602992198
-0.1287577566055765
1.9609165540150517
1.1012376436663673
0.8101215813201629
1.0906125925645387
0.24539379375727055
-0.10010504320370979
1.0657064516953243
0.5475182181818271
0.7146211599426725
-2.1171545302167036
2.422376838384621
0.6544456211572195
3.2841622269788275
-0.226912550421558
0.5784381224409811
-0.02532207617414959
-3.754566387394622
0.7321396004483006
3.857655629857984
0.6798443284846625
2.6232117810035165
6.169614075714191
-0.1255748027095515
0.020338806666793736
0.8238876377191501
-0.1068562550415417
-0.15946679188197638
3.814760012418907
2.1464365494397493
0.8845035513804836
1.24783128837741
0.37185679656629006
-0.9813071390259961
6.541610642930677
2.7532110539348973
-0.23524380184259724
-6.667430075239087
7.826182469577476
0.2906475781154875
5.1987757951803495
-1.2472627916600703
0.0002471907574861222
-0.31317870722496666
-8.093081979002262
0.21237981411715073
-0.9684573463606849
6.319874145446805
2.9686255630582163
-8.642316378409497
1.0693928552477328
1.1670140023772397
12.131637423617283
1.8685917957585547
2.3128995653922795
6.833801222223574
0.13563133258993848
0.2850126895569072
2.4286614553743804
2.7565574823226773
0.46420582006401506
-4.7763423437071495
1.058740826237203
3.8448637380272097
-14.188915399634327
-0.944682589834993
14.986612060034991
-1.118176964194631
-1.1555915090848294
2.1154997081806997
1.1646182297535568
-5.63278470334671
0.7879298921080046
2.4858653999196
-1.1848368776283444
10.56813130748135
4.618635942749517
-0.6065122091977834
-0.5612550299670853
-0.0556082023550698
-0.5786065383845953
-0.5580213416361137
0.2362353014325277
2.291128061292329
0.4217504284780574
-0.4728414988209876
0.0505358964787755
-1.6850593186560745
15.0
0.9131560955040176
-0.9144043626695262
-9.599166104925688
8.396959691022035
-0.3618475704758577
2.534482890755558
-2.0613493172894963
-0.1371470325474198
-0.6408234965708561
-2.6537504286663576
-0.07206334059171783
1.100365846446985
-0.43630851426264106
5.023906992614224
13.308275284552774
-0.8775146908019987
-0.8125459011240443
-0.1702763360302987
-0.8123619780643976
-0.8155796189655907
1.3521029415372205
0.7369191698458918
-0.21904885127539128
-0.6284708059033225
-0.3762397648670406
-1.3521831528847539
10.448384401649504
0.4385383193760823
-0.8891576958037923
-6.025088683421007
3.8546710723181037
-0.43082628248719507
2.2334638607923725
-1.3561337035111656
-0.5162464889283868
-0.8896615044426972
11.12894742259261
0.054586904234002365
1.0103445865172567
4.1318569183567515
1.2623863480744577
-1.2094490436228775
0.8560752617278065
0.3454940558147437
1.5479319913173684
0.44763399643905494
0.11960181582391555
2.484655646888512
0.3418980448019677
0.5811479245805905
1.8757034530087622
0.9175366259318202
0.5492587769012311
0.8723239098306605
2.0586632434524077
1.1878467179971455
-3.2145133782051376
1.8966671008153222
0.9606272591169047
0.4180188446508436
0.025971887989903304
0.9961126750835156
0.4858964067947064
-3.5245499079820695
0.7181842653912339
2.1337353343073775
1.2999374939840962
2.8926815972080138
0.4061624654981328
0.04222361117328039
0.532860813125508
2.1430661528453148
-0.10675667247170988
0.6027259887370915
0.7649709541333644
0.42494785125833784
0.9988306712064583
0.7241203885424455
0.3287012675152586
0.019699932680550446
2.3336660632552944
0.8136988067202487
0.5224492040594747
-2.9062046966025123
3.031175061851156
0.8606561315902743
0.8299477448878119
-0.16870846666392753
0.6236638507552339
0.3314822355629406
-2.4330811927205307
1.1950514309249587
2.4952519631666568
1.5866425913613005
11.19135645593977
-0.7755252949387492
0.40855302481144073
0.7766836623036332
2.4953807939084056
0.2904900548598549
0.5983597531605434
5.219289940797058
1.433629197281387
0.7336571435733471
1.5174981211805592
0.39047619911685516
-0.7724671966600198
1.4214513370050832
0.6487450762050633
-0.23756956389307152
-6.960231499488871
2.651894789510159
1.2939417183565112
1.153576165136047
-1.2525886917895528
0.4709357414613024
0.34936050102151717
-2.404555527411742
0.20616541169401167
1.0113606377473754
1.1083011404699323
1.9688409603555819
0.08979313824523001
-0.17695776019287018
0.1154782643489539
1.9043170780556793
-0.06399960258265618
0.24538722227186602
3.190529953987729
0.2706080590380673
0.0382730324365442
0.654117251291369
0.2361889056279777
-0.10420977946781464
0.9269250113457388
1.3873969717302923
0.433423729658124
-1.9464754589533781
3.224667743657924
0.47125114956223363
2.2307191375944333
-0.08279770794668602
0.24686712019888576
0.31940868194520844
-1.519657939555475
0.43733953929222175
0.4100151306018854
1.2779916287291382
2.679785460953804
-0.9675069469431256
0.33403514807122064
0.18389968060485753
3.7860740016524144
0.315842525458061
0.8282387705708839
1.083340382611721
1.63127063776381
0.7673132485794122
1.3352994400538791
0.5235288661822868
0.27338561081381607
1.9626894772159102
0.4491179143777742
1.2255592554686126
-3.2749596608921894
2.4486276341315527
2.07053645951452
0.9329804133439835
0.13456899081888934
0.37213221902012644
0.6696339185043904
-3.440922354547109
0.882227532847738
1.1143734450939642
1.0808613430761131
11.457178539927448
0.8113752272925234
0.26880950481633675
0.44453183090042964
0.9185029319197364
0.4916463141116133
0.8068587821030534
2.129020859639135
1.9214128457041628
0.8683324215902397
0.7762015814924395
1.6441315169837618
-0.8507356270468056
4.113516125256338
1.7259745547550054
-0.1858402031434701
-9.274564720985843
6.606930090244637
0.8023524482154948
3.6430386578132117
-1.243339778538073
1.2597348790795007
0.525735950367217
-5.095503351205121
0.15779321825873147
1.3875273978068021
0.9351428078115421
3.181083925787427
5.279402623366388
-0.028597626974940622
0.16058431329632775
0.7825438415952981
0.034090390735553054
0.16577637465703196
0.5930578508674349
0.4458013259102003
0.5594967988435257
0.32773381364159315
0.4562042258073742
-0.5470372045963717
2.1200879201725327
0.7382593755854504
0.0749728010157363
-3.8659006383808237
6.214675530392756
1.0999274291217376
2.5695556875121905
-0.6092017587680959
0.27839501130099253
-0.06016992184427984
-0.9221644780844126
0.24584915222751222
0.9138501886516694
0.6983295923454768
2.446743229114434
2.4226336348428963
0.200095656415623
0.18934095148551247
1.4401010374897238
0.06215566444426679
-0.17421156898623044
2.478464815515345
0.45478861430676826
0.7373195203212722
1.2031806351179823
0.616198716840596
-0.33266940324626765
4.150932730621242
0.9582494686021429
0.2170765745254538
-2.7136434094474198
2.942612032251041
0.4283222611811173
3.1951191804008907
-0.43585991196876733
0.36810331798306106
0.031437994468001634
-1.2785089203242588
0.617092355111245
1.088977055314227
0.7445171290982543
7.224410479166701
-0.07007944955144312
0.44105733365222716
0.3649287868832451
0.8515653571569365
0.4874079761734802
1.3378113162304204
4.9603433106479
2.7463281448009416
1.598622904080771
0.5161165105784752
0.4261218996966318
-0.01325711015541549
1.7339654040693762
2.038364160287692
0.12156647926956131
-6.92512971152378
1.9102828723936747
0.5593582532802773
2.060634495602648
-0.429652298967941
1.4199618261418065
0.1254678814757488
-2.9056894347580706
0.2753987833520669
2.2512667738311882
2.257495973725221
3.465152550910933
-0.14089343039615418
0.30899046437747785
-0.04251574927867512
2.9653784966810335
0.32958675090599326
-0.008362570260322954
3.913423744844916
1.0146146217120826
0.12124414181747084
0.9894176417552503
0.4961568542024534
-0.09042533360220337
0.9026542060474809
0.9275092824808631
0.31984001038921844
-3.7388414870738247
1.7012494170219254
1.8871629509431835
2.6857206345954503
-0.261466968816486
0.5414731480596092
0.12539055735127766
-1.8487739842140898
-3.611676750853338
-2.3738074129502067
15.0
-1.5282635502545756
-5.860794759720224
3.33208031688699
1.4443497694734873
2.491647957804615
0.707620747543663
4.909190602009492
2.8316812753101885
-2.5850454240090763
-0.6061076170840459
4.693839260347036
0.38003156968547636
3.403186003126371
-5.202972471195255
-1.1085694505775363
7.334431024090675
-14.905000038199049
-3.524154124510074
3.7950279268068665
-2.6330185371732413
4.3630326755504765
-0.147427065412198
3.8330458937931726
-10.375720630488619
-0.05455700800768656
1.4370115289596221
-0.26415721033806056
1.4080032159181382
15.0
-0.6013140148554422
-0.3365179971654953
-0.17873756063917087
-0.45766308631761216
-0.3682660230383115
0.07396425812153738
0.5111029872495895
-0.14669620763976673
-0.35143102721176267
-0.2958268840014715
-0.8605567930720602
4.809195628234769
0.3956846867500039
-0.4613447615629605
-3.809942659361934
0.7702932678955999
-0.13097320359094455
2.0703091513761884
-0.9070293405723644
-0.3978996012847625
-0.6169012778294078
1.696891417194952
0.4179138161301242
0.8855756132692715
1.7147487698742112
5.586374936864043
0.5677398303834394
0.2981896291359735
0.4495861675269321
1.708771532234882
0.1790253286186458
0.3504295404260532
0.8606710797216296
2.2121754969979697
0.33297069744746766
0.8919171039433945
0.6385709119581136
-0.31475537558294847
3.2924033207777628
1.488929971697144
0.6169101148639627
-5.029889579621874
3.816170935381085
1.8090065404315667
4.453283607599074
-0.5552120192619027
0.8078243398669154
0.12192863033350503
-3.0025760620999953
-2.110855950523337
-2.4860144602102343
14.383485469180586
0.5808277483756195
-5.707056855796358
3.999289426457389
1.2546324238598723
4.550052237873589
0.8205095993563779
2.906386534841358
1.9164778477181488
-0.4076347280077983
-0.06771624032733417
7.601967454592746
1.1099386860216625
6.557954301842149
-6.021582116312857
0.9605173238246505
2.5907155277949565
-4.480442932174301
-2.967296632424377
1.4251573720520867
-1.2109869161322677
1.7981541703482982
0.9265803714255392
2.955179807584678
-11.878387000231395
-0.37362097801010186
-2.4604974377160334
-3.0216663870745846
-3.0439884002289106
-3.6666389779110977
0.9056354698659598
0.786671784221442
0.8931648534739651
0.8259533690942431
1.1678863413330576
-0.6627093830544264
-1.050633158289706
-0.5405732751517559
1.4697914686145468
0.0605253276367153
9.419670223783925
-4.284340337439225
-0.2839831032774253
12.015558946827678
14.379751838414867
-1.1412116130276473
0.9284761694060061
-5.404117525998622
3.8880352952058783
0.12907009083478097
0.9736278889561498
0.2279627622681605
0.6830584874569094
4.631561980752262
0.17899438352328703
15.0
13.0742000348753
-0.38718492124245185
-0.11227222344550614
0.26696654668440906
-0.24131222265723448
-0.37987978603198336
0.8219163804405741
0.821352719924847
0.27377341460955107
0.23267674683832945
0.8421739055306859
-1.3465743483060382
3.299411076679285
0.8351471522941674
-0.5786208729394692
-8.142626194329381
7.212458367384208
0.501338366487069
7.132270846777388
-1.670181988737305
0.13833731069482247
-0.37357114425535476
-10.49025055735586
1.48925520504821
2.1145385223967494
1.929212648174594
7.176153868806661
-3.4870327738023756
0.06756863342282593
0.8664720229209724
6.36015668809826
0.5390394850188454
0.8335238577603764
2.362033216389146
1.193201028486805
0.5882330060836778
2.074112094151487
1.3190116809981423
-0.6017319776569705
1.346083964267802
1.1439026340234926
0.08311617065070097
-7.177626365393249
5.162601132055861
2.5548458727452714
1.2626224163543316
-1.8573207817714632
0.2876176451428749
0.2781062559016048
-3.3927580476087478
0.3960740484890509
1.8610426860498521
0.0009676956317262518
0.9154701578157799
14.83506917296602
-0.36996131778072944
-0.42501898761074497
0.39086895253920073
-0.3480301622296876
-0.21164397883784591
0.6454047303292625
0.7462623033794396
0.1696988699130303
0.16789054812039292
-0.03642728592129291
-0.7598590731735971
1.6895900929376677
0.7186083186471379
-0.19569944787406982
-3.7451963495082077
1.2339981445996322
0.2721601624271291
4.140911553970446
-0.8510815067217796
0.1453123743809196
-0.43911661065142255
3.518282268989809
0.8758118742050627
0.7076831598462249
6.119697107401186
1.178413083334925
-1.890950294112072
1.8740943528468055
1.169385194572742
1.1439390845771162
1.284873559035201
1.6995033353001108
7.105264531121999
0.6025691222090366
0.6032171957822362
1.6593300935166349
3.346711645863255
4.761263357170097
0.06816808101475663
0.7510513152436696
1.5594054749160478
-13.473403814446563
1.9881656286345197
2.690922431543938
-0.3406802355256304
1.581172677555018
3.8277704634002925
2.638134682821971
-15.0
0.11998930039308782
1.269111414755453
1.3676383967895944
3.8678371308337476
-1.20952943954312
-0.0757635248456917
0.11622379655187447
1.7839071349687818
-0.12982034058757624
0.1704232107093925
4.719850071158799
0.4395084493946055
0.6835714089657476
1.8481149167568447
1.3332417318772805
-0.27779994603461416
0.856977746906902
0.9502407992511354
-0.044149460174644446
-2.6341880730279894
2.910085662097525
1.6967871588240184
1.398961804169167
-0.393622350333573
0.522086183089487
0.23803783946160367
-2.9707941536917875
-0.022924283727086256
1.40356744239821
2.860045686158278
0.8653986545156527
-1.048406764126498
0.8323586915913529
0.22927206561819805
2.161259789290863
0.1366557087502049
0.291367946400285
2.338284691554624
1.4905833111500582
0.5245322622983739
1.587965532143
0.2620614077401441
0.2924730319600583
0.8308044291913137
0.8264665464341818
0.4836148899747726
-3.0144247501440105
2.106719079710729
1.9271396123345519
1.26616853385974
0.29953156695493055
0.7855263373474091
0.821640752752746
-2.2776546253649483
