Architecture: escape_chain
Number of States: 38
Parameters:
-2.9444618957393986
-2.8907833051024214
-2.8334944547638665
-2.7721287224121554
-2.7078704125185293
-2.6389581126986514
-2.5649903644581573
-2.485020890365458
-2.3980146186958877
-2.302428960007251
-2.1979061479197277
-2.0793174618697123
-1.9455428116749462
-1.791450629434499
-1.6093377322008238
-1.385959035672339
-1.098766282346982
-0.6931587501039748
-0.0005465682312423526
10.125121673666722
0.8191783701507903
0.76222869011985
0.3232110974036485
0.6357402103362935
0.8041848167656123
0.03977387612520733
0.4325714254199087
0.45396519619541753
0.15555723748981964
0.20512320964683672
0.9864139881642613
0.3244988256110011
0.047634114913329806
0.5787534229827215
0.443704907744785
0.6709706058969126
0.7951762920380292
