Architecture: chain
Number of States: 44
Parameters:
1.9667982884061683
1.966927624949334
1.9665412064114303
1.9671936288541731
1.9666447439827814
1.9668291845411106
1.9670640821951029
1.9669285306463207
1.9666495996922284
1.9665941786946157
1.9662787295049111
1.9674464967125438
1.9664308477188446
1.9666219296394034
1.966687145010478
1.9657128503285204
1.9666267166599072
1.9669328587230335
1.96647186260236
1.9669459389518655
1.967102578155775
1.966382448643912
1.9670361540293884
1.966551191751683
1.966681638688024
1.9667032291107882
1.9666722534179812
1.9672509960415367
1.9669092273282098
1.9666811164470155
1.9667160516321436
1.9665296940115224
1.966863236066992
1.9666110913499264
1.9666971798304185
1.9667406369262042
1.9666975476737336
1.966579015262298
1.9669885282300628
1.9670639306344564
1.967579429601553
1.9675865831389823
1.966486054361198
