Architecture: combined
Number of States: 24
Parameters:
14.550839987911147
-14.967363869659431
15.0
-15.0
15.0
-15.0
-2.9665144965127905
-14.186794594025493
-2.9651875048715253
-15.0
15.0
-6.191847950262349
-2.9627041597111297
-15.0
-2.965295646132937
-13.771032892342095
-2.9653362270010786
-14.944481104116768
-2.9645885063673005
-13.62402930551584
-2.9625725953457627
-14.414832476762257
-2.9639516341350656
-14.372624463650924
-2.965532497686512
-15.0
-2.9639093210694094
-15.0
-2.9646124377003957
-13.362935105027331
-2.9628247412017963
-13.87736253315156
-2.9649142942659283
-13.058856444262364
-2.962721113227001
-12.480758277050846
-2.9630608942718157
-11.207571401399463
-2.963471759083583
-12.76904664650933
-7.569215044540304
-2.9714431409335287
-1.907626678917298
11.467780528817489
3.78114436446438
-3.2120228572529017
