Architecture: combined
Number of States: 22
Parameters:
6.013463316806654
-10.858013350977437
0.4148512790403894
-15.0
0.4212268103275701
-15.0
0.4269657051733859
-15.0
0.4278612765022887
-14.148874710183982
0.42765791959250904
-7.591861726631257
0.4057984134053759
-3.08765181713209
0.3410778742347485
-12.141513201874403
0.3540013897307556
-13.060486677176804
-0.384903999057156
-0.3122632718639705
-0.2707120451368584
-14.158548293349748
-0.2650157034169969
-15.0
-0.26455430542365
-15.0
-0.2631927457816377
-15.0
-0.25847246439191396
-10.383126924085255
-0.2683859241396082
-15.0
-0.26738398483523096
-15.0
-0.2690409733676641
-15.0
-0.2658606796012623
-15.0
-0.2686062854058057
-15.0
10.398165709524461
-11.804140381542373
