Architecture: combined
Number of States: 50
Parameters:
6.8406216035932115
-6.666113577508613
6.999306739835903
-6.57915102401786
5.75070390590472
-7.826697523507116
7.248432808215526
-6.27388072179661
5.351922142234116
-8.382583312311786
7.0790453626844565
-6.1432368905801935
3.274887410490599
-2.9985881179437337
6.149579320365204
-6.975971574126512
1.1325916723607568
-2.7878714579212494
1.2384340305590193
-3.6580951403796584
1.0334661477517064
-2.553105173646256
0.9579052909004372
-1.71649488350213
0.985508017725465
-1.5916392635980514
0.9084963721005564
-0.1845816317287459
1.5098413363144736
-5.071527664906861
1.2291699583334272
-1.2952970406731834
1.4379395912968809
-0.4858707379438894
1.2533608371054046
-4.411522199963033
3.8964180984713623
-5.093280261503368
2.4462199919239636
-6.5892361469648195
5.310745512221703
-5.39929721711891
4.5562331245784495
-6.244024805051065
2.585138184872644
-6.905373081766827
3.8240131130694053
-5.494580555043403
1.125176098098608
-4.269284455451711
2.7677826191254784
-3.6021321268025774
1.6703497398532396
-5.106350991138419
1.3449920531000974
-1.557938419828149
1.1147566273003502
-4.3039553767346455
1.3524518295799681
-3.0234086455517395
1.1591412987523304
-0.5596866404517465
1.2840736060750753
-3.731746499555058
1.4819997937831497
-4.131895180042202
3.423169883707365
-2.655339138251787
-0.0691014654750742
0.765347557006554
1.291754648166854
-2.0875178770809244
1.4475208471306416
-2.911890553362083
1.3711996694153616
-3.263381272863723
1.322034815519207
-2.7944237545885446
2.0127121527944944
-0.44414250920512627
-1.322669545963863
3.054457522281298
-0.23272264536470255
2.0609479200515755
-0.47354383403445827
1.8753779050290673
-0.16477794677021318
0.8418126271436014
0.6602769945745046
0.9464621531034899
0.34600072344917693
0.7098470856384769
0.197660888240967
0.7692373815624695
0.7849803125946244
0.7137741048063719
0.8844955757938353
0.5182661800354516
