Architecture: combined
Number of States: 36
Parameters:
7.62561403345495
-6.234104096319686
6.971627849001533
-7.17229192768295
6.872372066356808
-7.356184079267586
6.831559562459867
-7.463725549421892
7.389093534972984
-6.515629135645248
6.67942790208308
-6.9368768777038845
4.19460611047844
-1.3364180590730355
6.8036039835334465
-7.000829806965035
5.783818956427988
-7.546243101069268
2.638361823006514
-3.4518026018812358
2.4727037436582937
-3.6547064406437797
2.637265127885247
-1.5370752257025473
2.701691584027672
-0.7921810698548918
2.4231394494660408
-0.6946694800964476
2.4775742445582605
-0.39232985312667334
2.4378566329622653
-0.39016142647491736
2.3442198860760564
0.7158819152222498
3.4744268235560236
-4.159181284325983
1.0216683698914246
-0.10384843217461809
1.4775708189260999
0.10399468665032151
3.6758794723793558
-3.3706040486877864
0.947468059398972
0.723254954554043
2.023916357478924
-0.9859054930965221
0.2402996735954756
1.06081898171741
0.519817192720653
-2.590733408328626
2.3317688128132232
-2.6143729261167996
-0.989432237910873
2.0373646729509955
0.4141432109497628
0.7386188324482273
-0.29982175736094757
1.3132087630284455
-0.05136660163808846
0.4093715019074714
0.2656431654528859
0.4437490736346967
0.13400454601788958
0.6303216607069724
0.8329674344765747
0.9622637192453747
0.7180122007836989
0.5253439643644606
0.7984348311175714
0.8637453707984473
