Architecture: escape_chain
Number of States: 50
Parameters:
-2.9447394081983673
-2.8897699926412868
-2.833181633526959
-2.7726307177744647
-2.7083300045750867
-2.6382984583821236
-2.565072048862526
-2.484975362671567
-2.3979156453582133
-2.302630575565472
-2.197339426653378
-2.0793666509128
-1.9457430646484808
-1.7916688607187081
-1.6091411228396262
-1.3867327693537657
-1.0988259483593743
-0.6929689802357216
-0.0004604201540246057
10.004980026099428
0.2913533124919683
0.423678537672588
0.42365698800646423
0.954382501774556
0.7453292078018927
0.719828220143567
0.09156561551564135
0.3976447083250424
0.56247206928781
0.24761924081648945
0.186874046207122
0.5050176383967362
0.29425754487538824
0.5847855311795098
0.5158912805381943
0.15705128097948728
0.33923846738180563
0.45988075831036523
0.3697335005222968
0.30981735753965167
0.12696113978713353
0.691363742389703
0.7538060415613327
0.1379193228359462
0.42720016076559464
0.18876643391883552
0.1110697153604242
0.8361992742910551
0.26337546644201615
