Architecture: combined
Number of States: 30
Parameters:
7.492413459139968
-15.0
5.26611464121437
-15.0
5.629334292441397
-11.205858460085791
4.642287420456517
-15.0
3.7618709526045735
-13.593985156686593
-2.366702413844607
-9.253128889542335
3.6679408783847083
-13.787848463082026
0.06612806267107653
-13.784558214075439
5.6532091105678015
-10.039153574938648
8.849717942588075
-15.0
8.243687780805603
-13.86290679161938
-2.3442461106624584
-6.396725086908609
1.2844298649859358
-10.008904969207553
7.463297472824202
-11.68952831888192
-0.3351348990794614
-13.856361464131027
4.831231468936765
-13.875424072638346
8.571701879407577
-14.191482578652279
0.5292732511285915
-13.92552651294847
3.8808531710268386
-7.979461581561783
5.764917226919407
-9.8101985064838
6.477642111487915
-14.002196779760325
-6.02883063205229
-14.218501671574293
5.605669047248641
-9.619143835885929
0.9056631135420663
-14.332476233152486
0.9533389247587669
-13.113226612845086
3.3854786778212986
-6.49508500616663
0.8290404378949904
-4.719982667640483
-0.763489629778141
-1.7100846143197912
5.732985811499661
-6.998281203954451
