Architecture: full
Number of States: 32
Parameters:
-2.2435101074549864
1.1421741758290096
-1.5598780420652671
2.0748364864893434
1.4249980794414936
-1.8162814042374327
0.014102317177336794
0.29481135961203925
-15.0
-0.9650937382933455
-1.9031904042126109
-0.16423464559618675
1.30316255360903
2.4440596255819504
-2.7266566720361016
1.956785506037946
1.0758879128969892
-2.003197263836681
0.8645277091292032
-0.25021137993827225
2.13893781082474
-0.19481319926242052
0.9625209271492288
15.0
-3.111883119932927
-0.48153281399681014
-2.87858827415569
-1.0658535812105736
0.8903317347164715
1.4473645640085877
-15.0
4.761250878459645
0.5896205104913955
0.9671242686214372
1.1143884527293884
0.6142804998550736
3.224141879160633
1.06841117421939
1.068461830987594
-0.9100494297912607
0.3785570516024117
0.879917885016603
6.403774815009632
1.6209853087028638
0.45454961573813757
3.489011514449574
0.3960243196825321
1.0391072594098199
0.7729932773116919
0.40328902822131957
0.2283049557657426
1.1366216203082216
1.3739680410512656
0.22018120019312407
-7.741613851139826
1.0060056327987998
1.9907865322690241
-0.8067453951160957
0.8160449425750246
0.7593202579379966
0.7810024604288055
-2.5104386665148986
1.2981315537152556
2.0950065802086137
1.5334759011526327
1.434329936026084
1.9657231145860092
0.753819429330184
0.5178119293963139
2.3998105486342287
-0.02973249568376297
1.9241388485188482
3.015465969150962
0.32828145711467344
0.9082630439094954
0.7374460125891602
-0.49739770827406077
0.8653203777895977
1.7582965868147102
3.78038299576263
0.733643547009663
1.1529621429487373
1.3326072959975344
2.185306672147381
0.7930517982103098
-8.206926628137005
2.215850273803884
2.5688652497227675
-5.2886152411895555
1.1513841667208506
0.9813877119831729
1.321820066764641
-1.4781109892042135
2.932963536063686
1.4961293117740087
1.6519087448598944
0.9366710121014596
0.7835230897551445
2.28946217941222
2.315314958770324
2.298773076158294
-0.5759663901883336
0.7222681852042884
0.8064681470820165
5.202346434228466
2.0643079685468453
1.2150032395485006
1.8344824308645375
0.5879999397836322
0.6886646562368804
1.150348195509609
0.46974707805518545
0.6718855990875013
0.36685780441962934
2.441274552203283
0.16243264021587858
-7.304239847533773
1.1589797386622578
2.9403363818933963
0.9324763599949042
0.47608032788186927
0.6895877463092891
0.9659632030563348
-5.170322549151568
1.4892085338377572
0.19406130755866324
2.289067394115901
0.5034247406477091
0.11819303601513108
4.078885313793672
2.210409364901824
1.0202794145751224
-0.5978404527400063
0.45150902733752374
1.6170361428491395
1.1300719763699556
1.080593775727104
0.3394555117349275
0.6219466971555072
0.12813261136626733
0.3794986877114782
0.8250144324708545
0.1557562918998969
0.46156428882831724
0.7840258571158247
2.01979125792702
0.28435507111923397
-4.790599598513491
0.5798217655506449
1.4614164373457887
0.3919823646938852
0.2581662347693033
0.8370922996219216
0.8150454019180736
-1.2581766770817975
0.620619770930423
1.2652348226702403
3.4067625975131026
1.7092651963268861
2.2652012462378477
-0.18119536031239847
1.434117760858283
1.1482104426691353
0.6543201528952989
1.151551737210209
2.4759669776790902
0.22704127641994482
1.6809586791486757
2.65985196917147
-1.3050799829104067
1.0499797939980169
0.9938779895233674
0.9256429964183664
2.4307172373164274
2.0543542268948043
1.954614251535792
0.5262881162364619
1.5653242213114378
-6.656811913496338
2.6562623272734838
0.7934449269645674
-4.87756956946927
1.463244067208763
0.9846206437867296
1.1004994458373245
-2.723295689307646
1.1062820005969414
0.22216696143324202
0.7381032892844274
0.6892021307798561
0.3040916677061113
5.4497919444992595
1.7434463596056213
1.2016693584805354
-0.8004012601788271
0.376324219001238
0.5295611730587599
1.7213837982041649
1.5296879145522138
0.12532554181582942
9.731485187717462
0.26038372889206085
0.17137253859113913
0.6636837780782348
-0.12247352696110922
0.4483118593537256
-0.03649806429642593
0.2847300476883569
0.21343424789408222
-5.3238250172250865
0.7326844137710585
0.7579189553609091
6.778480987362181
0.4404543400878796
0.1944360134097341
-0.0666206440565139
-7.216137767560046
2.667469109101044
0.9447397804741622
1.04339258090704
1.557776773826837
0.43743256687112986
1.4809221525649545
2.1299525856322097
0.48930810617856824
-0.5116330731969202
0.29337763440405623
1.0530103241069124
3.9342332613415962
0.8985383129025433
0.6894507278482419
2.288335756071548
0.08558364146669524
0.9041457403768038
1.9069951005656076
0.08639848724908897
0.5379145241516416
0.9169507298255808
1.8670853884814427
0.1336313860509697
-4.3179805740190105
2.456935148597214
0.8097268720313242
2.839420957199202
0.4423593295833234
0.8713462354494114
0.9961781463849323
-7.144198374217527
2.6392382629310536
0.5656679958621706
0.7533261030663646
0.46485636623549276
0.30325703758184935
4.196788474397527
1.8417762479788764
1.247519450863924
-0.6727745237505559
0.9090121643878781
0.33650720622672026
1.4011247852769042
1.9246627178037796
0.9711204068911617
3.5455861531845034
0.5884970991327056
1.3238005191969646
0.7648585891895187
0.13223324050582774
0.7428499212504078
0.8754917632206936
1.364630607573473
0.08492750631789853
-6.603959651382742
0.6025128337088472
1.7911997578663827
1.0714761698236277
0.5341087350006509
0.9006550276677822
0.21826418821558946
-0.9852522915956686
-1.5618550406646736
5.976825409939064
-0.10584737605236866
0.3503304429793366
5.671205351874113
-3.4271022264342217
-2.0193075204177364
-0.2800697237143024
2.6530666400448526
2.5435903712734755
0.9487985645757676
-3.1205460377462604
-1.1182170310848105
1.6628798610004434
-3.800616862473494
6.684335354594887
0.9368205418275214
0.40751706470007293
5.210310743152
6.637598496353899
10.780392999265207
-0.4802994112182369
4.1884806590736545
-14.53743972944383
-0.26746049910026776
-1.1323198783198474
-5.699906020499597
1.5731624001111773
4.102805530828099
1.6418982940360898
3.930490837851937
1.7211708629043823
1.4972987757375182
2.98777557953536
0.7512665715108426
0.6893029174672382
0.6968044321478573
2.0812412592305902
2.372258443769768
-0.3891517734535047
1.976525850360184
2.2960308986635147
0.9561584037880835
2.0399727081606973
0.9908959733033795
0.2812865824704096
0.7459159982752135
1.5052684265938188
0.6320822097772906
1.157239528913769
1.1320271988705652
1.5601050564711678
0.8448469427825558
1.083626601866004
-6.7422575220705765
1.3303752840152487
1.8858532040903522
-1.4287768805313266
1.8512277372997883
0.630532425314106
0.5893375964743053
-1.825913104767544
1.6124193250829526
2.287064038830617
3.628711312021708
1.5141767033656413
1.6362285468844817
2.8134516390714284
1.1636894054605547
3.0063937833070544
-0.6341787703126637
1.2917028026695767
3.9370438105034786
0.3195224686900765
1.2175093934230476
0.6244534052274301
0.26082077348299215
0.24492769478521023
0.43221219222833446
0.9660246935551571
0.5011340587919111
0.7929014756344169
1.4825532624637063
1.6105290764235072
1.1217547571041109
-7.65905349456137
2.5655645433694434
1.703948051951796
-2.1710449447672997
1.3941450922390328
1.4602193940465609
1.822052601794282
-2.987584737448605
1.5964291741612067
0.43891267779691046
0.49736139324227424
0.783888916365282
0.1770195162710572
2.9287367889123597
1.6794189160422546
0.1243544902551106
-0.7585859200335265
0.14057232327555863
0.5563359749799094
1.3505666998589179
0.37099904004171225
0.08687636369498794
5.881892596083746
-0.14751072255395495
0.3459325680470444
0.336174692619829
-0.09772841177884935
0.32130952059775286
-0.08280133395604407
1.1427229935221392
0.09031117022066869
-4.0720558816413766
0.8497112029936486
0.5051794674778822
7.747689775133038
0.5180158017134433
-0.21894088158576977
0.15136987486786757
-2.4834159865334495
2.032018485633533
0.2817334416676748
0.8727033865533865
1.4216183075857507
0.7944603027027671
2.1319822102512385
1.0158274417821636
0.8639456481844493
-0.5691525913067448
0.486139776871579
1.0748276848718687
1.4039058470708345
0.5473829065812089
0.7097447590686554
5.1626821584283
0.5580716834537384
0.36201527932622884
0.8833984444318517
0.13640724449112285
0.06546923465095235
0.19359493358744254
1.1820952786383891
0.598346512349826
-4.011225616119939
0.6226789492665565
1.130928037349139
1.724604787750458
0.703380590145592
0.014323337913255175
0.774668794287505
-2.7664708171660535
2.868378283882931
1.92852497591677
1.3065999578968646
1.5322238726698654
0.5542950391086359
0.38478095617926844
0.3267377129750466
1.0919825104345422
0.06956517848747962
1.2753273687009814
3.242317337804848
-1.4789234898397945
1.2700590632060003
0.6829687072534666
-0.777027709508157
0.729975695304021
1.1971668757858653
2.9246277190046355
0.6963115514311065
2.2869507674060774
1.3248320476148538
0.5521486602554806
1.981898324647187
-5.15871816938374
1.4455853677300923
2.4823206122593358
-3.761569367528623
0.9373012007257386
2.6998843087074684
1.4776126885584437
-2.470848966639249
1.7850178848423914
0.43155468003836883
0.5831875463423194
0.8178826156596283
0.32873546077942173
9.348798565999997
1.533122879833677
0.4494229691520479
-0.8426919260412205
0.5682297161207063
0.2673628422009788
4.47305898905375
1.6214029310569993
0.6585609439046898
6.405399506329109
0.24737637273692872
0.04644063601746232
0.763176614685076
0.10687968081069099
-0.012713376326293544
0.48005433993496327
1.2921224217761702
0.24541118909272658
-5.6674219842395
0.7020281019793313
1.02023732401947
7.281802372345299
0.15162289313836863
-0.19745678265042682
0.46486482070630003
-11.43485035537358
1.1784087090757207
2.2655764802131637
1.2535017031369398
1.4557528681410075
1.9439267194386802
-0.2998062764654312
0.2637772869589749
0.8297847540554395
0.43531058191179534
1.491673408174863
2.1945766501170576
-0.29483509098225397
0.3114355488128393
2.2653681913724877
-1.287887293265617
0.8033977198906497
1.1935866105620285
1.989157789335051
0.7427140378239925
1.3292573408297244
1.4005218796856715
0.5265964473504878
1.26220888129204
-5.699209494381097
2.4271547998910172
1.918706730153542
-3.4540049535079858
2.3818850516404764
2.641462160526842
2.1184743128006387
-4.108357926863992
0.7039413206041338
0.28831193335592986
1.5116137083101833
1.1603270999888051
1.3767807995229635
1.7095105502319763
2.445089526043781
0.6199555170432126
-0.3086541216456471
2.1083429003782084
0.8332148915127968
1.5009671510861444
1.1688318178483725
0.5506032487651719
0.6270919517525231
0.8116447197459618
0.3154906456059114
2.1049205659457684
0.7412942250177303
0.9930020150461564
0.6384972152481971
0.7456980872876272
1.3155255250011655
-5.9845511249859715
2.13418993961548
1.5681137339558482
-0.4559247329510483
0.7986336203879965
1.3221988069093422
0.34865282028072536
-1.4591087696427396
1.0142122310586852
1.270556381398626
2.0938699221537127
0.4712013800263305
1.31888113177528
5.43747428355961
0.9938409574332866
1.1859745364936822
-0.6248124443431602
1.890924141719822
1.2618241575314795
1.4400857610927538
1.065602204538018
0.5271936616434447
1.0237699905947595
0.6500193609852455
0.4243001647765679
1.6177029401457157
1.2995867112028165
1.0909720040256787
1.2955739022098103
2.284534373164232
0.19127598816768307
-6.26767880915996
0.9051829279950788
2.5943863703560126
-0.3715981457895162
0.616954516354504
0.6024726191916697
0.7886240283944185
-2.8230715577494574
2.0013217298362864
1.527411567148641
2.213552358633352
0.6091223479311552
0.4709132167279626
0.8179032582631904
0.497234512036526
1.1323055876643742
0.14107594979601423
1.1519017954120891
2.8870720805581547
1.6110365538424107
0.3757102682281991
2.0835812718073696
0.13183682578797837
0.4315336159941493
0.46430659408566116
2.239540723006248
0.9999362934810766
1.1706609431847328
0.6904788099081194
1.3324296376950815
0.8465605105461488
-4.903478982098431
0.5311610820106665
0.9881265539165158
-0.9415794242933433
1.7835758750000184
0.937271181966311
1.191245534405168
-4.685855638031211
2.836097358041572
0.46914224559290674
0.6014544820644737
1.1183501748240938
0.9234861025115015
0.16773693579370003
1.2251567250956696
0.9273428597700476
0.06670273496283408
2.1459056352437478
2.6490149030753254
-0.21879184746855096
1.4798571839359442
1.6457467996728306
-0.7500668795684928
0.757058126481457
1.7844508430562103
1.0537426749099321
1.0197703822461655
0.5536149811470448
2.150412487162881
1.769523273050846
1.4413760432382001
-4.297447482860754
0.9547073498038923
0.6621946863751819
-2.3347240989219684
1.040935191669947
1.0938782436916794
1.0449048646093826
-2.2700020481160483
-0.045378878230761754
3.143375306296888
1.4491279052288188
0.7082675068725306
3.566098663543674
-1.6938343280130206
-0.2231036223676669
0.8063479157272886
1.2333614127452537
1.6497166619254062
4.975240624467703
-1.6077740248492984
0.4316240759622499
2.77108362317559
-4.25265484488661
1.7873775294662322
0.6612744103275726
3.210497854035233
2.0546681994258504
2.8310956751496072
3.429950597919204
1.162737163517409
2.91695216445177
-5.478068032054615
0.4903930237582753
1.5593024293353805
-9.29013672407592
1.8120249929562142
6.361878235252057
1.7274403775680272
-2.3102710428638282
3.902209456739729
1.050230663353801
1.2030397760178912
0.8126519462255224
0.395816224849663
2.237891570676068
1.886565380153173
0.5481068579173841
-0.5653422276977917
0.3992540669394678
0.24782063412582447
3.3212151602834106
0.9377107307741235
0.5446085883188748
2.2946450716512974
0.13567105238199614
0.9311486913239602
0.7013798567104862
0.33430025237737304
0.44203046887257547
-0.014958142435451032
0.7920076013289394
0.15201801674230464
-4.6767512351533655
3.003530460780351
1.7294793502802783
1.6810430230211442
1.0392494665058487
0.1354676132829422
0.4091774559668124
-2.991808668157975
1.9675116362496583
1.9471123116823468
1.1950425471395576
0.5999028708334481
1.0730487051053252
0.7063972503067211
1.751411135581981
0.7728457745172963
-0.006997590942386833
2.39849512053961
1.799607094003806
1.0610039006515688
1.2869267785251075
2.318944096882708
0.09919862854499198
0.9184806112696587
0.8580775270152985
0.57752815239972
1.561381835165545
1.6931240173746036
1.4205260452084292
1.7677958516539507
0.5907660490278214
-6.343113835689092
0.625846874629819
0.6841808515193337
-1.3013547887750931
0.9314174866831919
1.8060152630495776
1.2920021457489772
-3.6559589518868694
-0.9719386716497922
-1.1080213958529082
-2.144671085094677
-0.6833468278453608
-0.6676411136422454
-3.9689210871262657
-4.458193454941751
-0.6449447540820749
12.683491594859017
0.049637196079390544
0.6624840578931915
-2.420366645492145
-0.8311883928673799
0.3027681834033913
-5.504919946598413
2.0192270570762125
0.10531523639851387
-0.2994685601784479
1.2576141494186104
0.8541614902925093
-0.21629781955685623
-1.4672911653276686
1.6102535790126662
15.0
-2.791669317138978
-0.8705192346247057
-6.469542867329862
-1.3861470030483907
7.960904710387789
0.07887303615442459
-2.9355705828573786
3.500030260709794
0.9429136765794699
3.339077007327627
1.8518320955820378
1.2775181432341334
2.665562967714009
1.123029858599277
1.397118077497599
-0.8923205883075216
0.4339846991532993
0.4386610165066679
4.428232183957638
1.2896908983400952
0.9479250092241365
1.8639688890864965
0.8109471625792893
1.198307310547911
0.571478007523613
0.990657153686462
0.45057827387949695
1.081580475599295
1.802340923621581
0.16404582373579396
-7.783870465251768
1.3497048515612122
1.7066865207470332
1.643329908617625
0.4110411398334644
0.13519833722216423
0.5196531743830636
-3.862795789634367
2.1109511555375584
0.795387371750904
0.6821575148938989
0.6186862024816621
1.1762413135009169
4.203832415794168
2.2911982425138215
1.0592183255432037
-0.6443510982858323
1.0612294663518875
0.4058416672136093
3.572279787350209
0.6486952735595842
0.9501030512126524
4.159602334027439
0.33736705745426687
0.27265695593717737
0.5227583305116724
0.14995838846535114
0.3595391105225119
0.5585368979985329
0.8014260719704263
1.046211140347464
-6.139030548490736
2.2587064462230844
1.4262002464216803
-0.12596495768537444
1.0139397342138214
1.1090283568033377
0.782943430548756
-3.7471255368389826
-0.26604078944455256
-0.6212144112705448
-0.4636501673196193
-0.30211916379276105
-0.6458527113558115
1.0825737458797349
-0.013874883013700622
-0.37871278517047896
-1.0455156572000022
-0.7194328179885789
-0.7346133257200997
0.9066839882341856
0.03994203364102932
-0.5411259478079884
0.621670417141889
-0.7246682754684999
-0.5519293535907803
-1.1277636916321763
-0.7794971011877744
-0.6842660831654056
-0.657774308284668
-0.29143647895412106
-0.6961443719635447
-2.6980933469854644
-0.5696361589686886
-0.36775290346172723
3.012164611317587
-0.7166578807339496
-0.828933018639322
-0.7081220612379653
14.332394316327978
2.8012032454831504
0.38427393087213785
0.7603264798618949
1.1104752002588696
1.6383764348605934
2.0309382756289995
1.147389128621674
1.2310315852694573
-0.44347377751186495
1.6728081728247581
1.8480647539806596
1.7699791578312276
1.1865790311213091
0.851079460933204
1.4210364080519815
1.2516035626280313
0.8560151371024369
1.577404049735082
0.7919302286147072
0.30465589624732686
1.4514729646245421
0.624394574375583
1.4149996058404732
-7.122706165070735
2.008119260601308
2.366873260596437
0.5275852804995163
0.8518723453812236
1.1357618945970556
0.6296644673827995
-5.050942512140901
-4.735323148462122
3.352415173369451
0.12843384467432167
0.3234481899972691
3.6021538841246192
-6.910416173390002
-2.5894087971748525
-0.3826049123640903
3.4285933626410174
2.9249359758482343
7.675343822933966
-6.199967926635464
-1.4661076027204953
9.619273451121092
-6.552006192391157
6.635580636249539
3.1092119695048908
4.349071334086933
3.203062948146235
4.77556131817758
4.253087521560731
-0.33245659827109897
2.9862105039343887
-6.870614636291113
0.7568079430156046
-1.1001218099562493
-11.073671015790516
2.6119878581816725
6.523542213894583
2.2803791490083496
-1.8547436350912367
2.742172368198053
1.6022491830692065
2.0283860213250713
1.6674435747944372
0.46185012644200774
1.5603879110332923
0.6249375619842166
0.8023473234078318
-0.23699210686147731
1.379698169085917
0.6909529986135491
0.9217671780546886
0.5066327365094301
0.8092716758174273
0.27960429933677955
0.45077911934675785
0.6739870173876453
1.7372384883907894
1.1234403446963017
1.3243815668249568
1.4834493538688502
0.638689193926036
0.699896487914441
-4.811126855585068
0.6341389971284469
2.0434911609701034
-1.2126234887555178
1.6178996802070342
1.9425368549253685
0.29608383092341595
-2.6866318475394704
