Architecture: combined
Number of States: 24
Parameters:
5.557756100935424
-7.073924457011759
4.021595324823486
-8.355981999428126
5.417006158833629
-7.160477793765985
6.2882182598737515
-6.393210831102358
6.017832257331571
-6.609934506110524
6.5019026991596425
-6.2111422098902125
2.540499401520653
-2.8515816694910723
1.8531772744361565
-4.356925756176502
2.13180306980154
-3.9115127865372985
2.268344890118521
-3.842686887772026
2.0104790506094816
-1.5800347402558108
1.617890594314551
-7.364909433718429
1.63369167591729
-2.6298612593360424
1.3548138858107428
-0.8984488362493396
1.552099009164488
-1.8871968729740445
1.6092013072559443
0.00068510230492101
0.3359622377679604
-4.428101422580717
-0.5822016085627162
-0.350167921292576
0.7499280558087328
-3.5751876860674385
1.8000514003750272
-4.941831277903957
3.6207992426523274
-3.558455757660523
-2.146204923150865
3.418490331833325
3.5981846740288486
-1.767368279706289
