Architecture: combined
Number of States: 20
Parameters:
15.0
-14.833573829394297
14.953146973045236
-15.0
9.34931984813021
-15.0
8.674061362809777
-11.03899221707503
2.4080832712808213
-7.852042306087808
-9.253900301089448
-8.37387953431744
8.82547773367488
-14.398855987294745
9.811259818064634
-15.0
6.490409293205026
-14.97414853484777
-11.953399930613935
-12.984434549467075
3.7252014430452998
-8.913402016900868
7.5393339658764615
-13.337822616012476
7.4958837033051235
-10.48527832119294
-8.149618550499081
-7.74872289124692
3.460916959013103
-9.934562788251775
-2.965149273055818
-10.484144597279034
3.2649581330968744
-7.734516612199415
-2.1702154431007923
-9.64925343532515
-2.2578735906254024
-14.931467050875439
