Architecture: chain
Number of States: 44
Parameters:
0.9668050686264917
0.3150529545938414
0.1616858520845016
0.9858138156650814
0.858817115835809
0.9003415169137001
0.6753200922737121
0.7626958785233154
0.15306693057799825
0.5322937509700977
0.027161812455716805
0.24660475190109898
0.8761425492960373
0.42631374401029454
0.25929187758480243
0.7555319732209296
0.6545620759927133
0.9156627906829513
0.48247002993367716
0.5428474837092726
0.6286750203713644
0.5637101300043734
0.23977640782745757
0.9913820264716954
0.15298888053494641
0.9296934285302842
0.9611222913604144
0.6979022997183593
0.7480495748043746
0.8905318289851418
0.845310210225678
0.8865235828162074
0.4503947299043858
0.7118642562456843
0.8721090141674754
0.9510817090533366
0.645989451744333
0.2608530747739142
0.06336654300243894
0.12766140533362513
0.303066152297335
0.525384588504653
0.6688577841550515
