Architecture: combined
Number of States: 26
Parameters:
-2.659968093459803
-8.777602020439003
3.461800458886798
-13.200162584972471
-2.5699568369864827
-11.95983936277381
-2.7041372608081393
-6.953148698712639
4.104384475798637
-6.850049162984636
1.9974924090718418
-12.193307826534724
3.2393661150903785
-14.999726055451648
1.6878448766209102
-7.373345571843262
1.6622025086258447
-11.154077200167146
-5.062977722376712
-12.700604908136183
3.1690547839830283
-14.577354984772736
4.095542211786642
-7.617939248027343
2.948801032554332
-6.0520489993468525
2.948360195363036
-7.7264120310578654
2.861236930192095
-8.304267323853871
2.741376269096669
-5.784506186631215
-2.395624030157781
-4.534024777808381
5.882649900099153
-11.194349502532669
1.847375664927373
-13.4976628127028
1.1156037193761847
-12.35769207264859
2.021177623426095
-7.0730133370501935
-3.2003725453997354
-2.5368931938619017
-7.0205025968378845
-8.474748404968887
-1.3405297164664882
-2.772470350156747
5.3571360039244045
-7.286563854449363
