Architecture: escape_chain
Number of States: 36
Parameters:
-14.972638720389153
-15.0
-15.0
-15.0
-15.0
-15.0
-5.502321992397032
-6.245136266833414
-5.117347647035253
-4.394870117154231
-4.233054134162803
-4.559541051556303
-4.207222115876995
-3.280739625079307
-3.1264837065907987
-2.6713178857508035
-2.1043588415043
-2.514726482854375
-1.7143303715005753
-1.7470585709931927
-1.4996955035544302
-2.023621634869017
-1.2422278695226818
-0.9366076805080764
-0.9527265042774758
-0.4047961816879201
-2.555904476254456
-0.36202199662476986
-0.08537208305885055
-0.3382474232878161
-0.9282444373865116
0.39726218985051764
-7.319011505323364
-7.120799948086038
-6.714282824787255
