Architecture: cyclic
Number of States: 50
Parameters:
-7.7112134196329025
0.9088614989936982
0.9406618878733201
0.5558833907254359
0.02324309916700762
0.642499243592356
0.4221881877368341
0.32395077433743913
0.977612928980469
0.8694970766048469
0.9298454969045157
0.38645651059284325
0.1001437169314282
0.47033359851167156
0.5183404381906416
0.14338652797366347
0.5861194705802215
0.48356872379951743
0.5334379378456168
0.6039159005388037
0.6159485905440892
0.04143151961350022
0.30807121999907194
0.453455445662877
0.48438074418135413
0.7262526744594711
0.6427140309302805
0.5578032488233938
0.32753204669782154
0.5842197593436138
0.9436407914781986
0.9683237974712463
0.7242289686183739
0.5197245574886661
0.727460677249122
0.9237285507554774
0.24495836180757313
0.0185765807300593
0.1424500118438875
0.31807890266384464
0.4797134582459285
0.07461581566252729
0.4652947691124437
0.9777171547189725
0.2648231141991154
0.4544159100212074
0.9486802215894603
0.3338155374689964
0.3898357098752422
