Architecture: full
Number of States: 20
Parameters:
-13.678840281499621
-11.39498682910894
3.4678899633313365
-12.735001194303708
-15.0
7.8221226609617664
-1.297380380727443
3.7146815849707138
-0.9617917286922869
-12.498486789616283
-13.276148813108831
11.857579252233155
-11.056815744023538
-9.532832858612341
2.7564547003731783
1.8370500533936183
-10.96636697347925
14.814069849729481
-15.0
13.58788759865714
2.8169332624960743
-2.5795642528771383
3.095943461127258
1.2007292427030476
-1.5919605691865613
-4.469047653704622
-5.673922294496664
-1.8929097699944517
8.290867965702546
8.013444775558126
-0.7138316102536827
3.5043910130906486
2.028846133352282
0.8479224543941996
0.7901095063576897
13.35307151095222
-5.085985348877316
-12.411610502629715
3.7023133162793624
14.575403917026918
0.30541243076650837
5.471279681798109
-0.29397064056137395
0.9448392102374205
-0.25246898277615654
-1.8903744544306798
0.2308687125868065
2.5904399589747755
2.2376217408160426
0.9594509912019945
3.685537216895014
14.314479067199786
0.8657748458924401
1.3924460504412737
4.96872501648646
-1.660143565658661
-11.34462536076463
-4.560782028941702
13.390293055264642
10.49434880882326
9.299857266625484
-11.16428086341786
7.93051967339831
13.405232105265114
11.261940388205142
11.1355122247178
-3.824214165906053
-10.177490862991059
7.409842231838815
7.192941968421735
11.422184591342793
6.952465527147628
1.2519402806916247
5.918133501621077
5.069747796247969
-5.804664025386808
11.425642681008572
3.571675478650033
-1.0322043353728858
11.662396735214934
0.9533873975646159
-0.7614905387828012
-2.467642311424237
-3.316490705884456
-1.3181905092820723
7.6584697938365345
4.31791953211038
-0.11592592009144224
6.275136487887736
5.985265134682279
0.5690435850863157
1.3885045532345683
4.764126883982308
-3.4937249637377787
-11.10093192359942
3.7670791772072336
-1.0267389733535837
-6.098878890172005
1.2180163642983657
14.234150651882944
-9.304207077593098
-7.482881454169438
-9.443546736804441
-6.175045518449246
3.9588421080883918
5.913997847748266
-9.108719436389757
-0.28667817402282136
-2.3342226156509143
-5.024603118810872
-2.3917773273368486
0.3910385838820851
-9.454322224247527
13.982290817006495
3.52268031997027
7.568587689356764
6.560622494889238
7.7518237771980125
-5.772617376891569
6.473415386690124
7.664153748622638
14.90098361364488
6.044102903468368
2.358003642059504
-0.6702845035525381
3.817982078908053
5.0105911166058075
7.4605675664931335
5.7158444550336345
1.962329815536548
4.417956599721241
10.87539409559003
-9.861165584473374
3.1216884641284897
9.359790375857811
11.572663066665275
6.137138486911893
-10.187805825543277
5.395161738569793
6.628494071381735
3.648591744036939
9.340898655298442
1.3823694022518025
-2.6105684623225662
2.7087410097483597
8.602271670061203
7.726829429433992
5.241680643707043
-0.1257364355452815
4.9817086413243805
3.0940430456935943
-13.171799484478738
-0.41521262444181417
7.360992755858604
8.227159485446206
5.173598950328314
-10.678746001712637
6.887141657208827
7.729408304296606
7.424790605038754
11.576511333750602
-1.3608871639870435
-5.429214805273376
2.185472896536304
4.879399541935507
9.38983351686235
5.187203345622055
-0.6805600087010678
2.146911203623934
5.53557712421694
-13.654271004070939
2.206627709605615
14.136927296905132
7.558191359329924
6.219489305026797
-6.955992497565214
5.3486150508414365
8.419626590465732
6.754148333338498
14.386894480754851
3.481585087058416
-0.6935140220104681
3.793560519930003
6.074888260882226
6.870395308106144
4.698265806767082
2.0911891172120263
4.276322825921978
5.682755279163642
-7.791109903522966
8.338644454909154
2.1022078578388266
-6.851678991026052
6.2234504450721495
1.153176307503315
-2.6334793609301816
-5.668486864288629
-7.331647473913347
-4.524385948800956
9.521698685120267
14.660602446827022
-2.536018375007323
2.669495039619585
3.1714232917564256
-0.6084427783463626
1.074082613732708
8.493994719286995
-5.004525903432791
-13.654169528284324
6.133327775164988
2.0696742008769493
-4.10702986284714
3.8206506523560515
13.71772910641948
-2.3682534519286276
-8.541734499818716
-5.613331514180404
-3.45342485845035
4.308612988934112
13.959478936391399
-4.370133627009493
2.5641112182049324
2.2262313225832036
-1.222632705774819
-0.3297466770367438
2.288220156992091
-5.016461270115931
-13.457442534544372
11.753231497329088
4.841004300295822
-0.666455921431288
11.908666110836759
2.61161723834478
0.3431583344804135
-2.3416512271022585
-2.5011296732970045
-0.9088319484586913
3.2883566929587666
2.1254810505589803
-0.21535320579342082
4.359010963820131
6.577428272562821
0.7131339807647307
0.8298071099804566
3.025477686504736
-4.379075754600202
-10.77082480166847
6.26449840185514
6.814991097040984
-0.6117323051169916
13.617796339075829
1.6465794722348481
-0.27449743438303975
-1.661196479154625
-2.2874078667377646
-0.8967284289021421
6.882799272131953
3.6734167141365757
0.5145754803487901
2.4216231755836826
2.0286886699006184
0.7423057455295954
2.0269642420356373
4.462086121996375
-3.639639355707573
-10.780963102439223
6.9967132245095565
5.506757157890219
0.8003583074657123
14.995606238771543
-1.021353458099913
1.768160591921485
-0.44323335294469957
-1.7155848135218943
0.06390167160598406
5.3616656055807335
3.6800912758327198
1.0160486834103477
3.308322659126917
4.900710348151596
2.940542081648326
1.3662801480755309
5.789296201465339
-1.6798869799379397
-11.430212559573835
6.732840848653628
3.599062251856176
-0.4353805801604717
7.22695309976503
3.001920035599172
0.625059627947392
-1.727983936519052
-5.899534749480354
-0.7814849106711154
10.84033046883079
4.161929056650548
0.39517481588854425
3.2280230152629277
2.5205306020472507
1.3614133956132888
1.5264030746277475
8.015355941041737
-2.230603856631448
-10.872736875003891
7.919911981562865
7.916511204874606
-2.5162114642020335
7.978713366918307
6.333588691012554
-1.073188266814951
-2.7485043029244727
-6.15686560196253
-2.129515967541276
3.835509411287256
9.849615168319268
-1.6316678312088542
2.4808588600974715
1.509320827214019
0.0389439659737178
0.15933386583420914
6.465596289313619
-6.863906888094903
-11.403322141043116
6.454090044003993
2.37842526758194
-3.454291982143125
4.4244537011009735
1.4393832832384292
-2.0706314883323684
-4.4294271020147615
-5.343732677284695
-4.292450120969288
15.0
8.377745452231029
-1.428801054464147
2.3805454187310024
1.3934075491792433
-0.3249726509253813
1.2813652044112116
8.13604684464308
-4.171127094388747
-11.119639054722889
-9.917264621939143
6.7366437174799145
11.133528426393374
5.476293295086691
-12.68822888151838
13.374254775120617
9.6374937230816
5.307304449596068
9.777888355499348
-9.410853387043298
-10.791949689572528
5.2034049275895065
6.339645194824462
7.621210790911629
5.642356861258095
-5.18390513180856
-0.08101488706644479
13.68301946065025
-15.0
