Architecture: k-jumps
Number of States: 28
Parameters:
12.533201883006052
-15.0
8.836680139249331
-11.77056825366364
8.11705980645131
-9.18128191129034
4.9502238791136834
-9.555627034379071
1.27445330523696
1.1998335939459635
-10.68851133761771
1.7710376669667303
8.831095533457857
-8.447298067793005
-2.6526380370832454
10.706884777803063
-5.776686445162732
-4.807302556932213
5.69433344602955
0.9248555431857167
-8.582069402595222
0.5148252316617243
-2.321718948439016
-7.211332647785159
0.35450295590841185
-2.419328743060283
-7.962492216085997
0.9905035122514846
-5.719649292397189
-5.0541689982004065
-7.275851644490417
-0.30350102258211786
0.070685421388369
-4.617510920900545
3.176042341075338
1.8951016859873524
-5.441160198277604
10.846470972535641
0.2377843405584957
-0.5923198026757756
1.3052200142546257
1.440803636599611
0.16969364767318498
-0.25330937572188206
0.2777315849367618
1.0973376544873412
0.27392929509376573
0.35192568752277575
0.829954794211808
0.21683956120216127
0.1593648393281527
0.18636596471974942
0.3820756520736624
0.7353622064800778
0.9223633176929105
0.03304995236618652
0.656661212390578
0.43161778809367535
0.2537990726559029
0.4335419255625119
0.6785344469817822
0.37274614864551925
0.16618764705796057
0.87802989492728
0.0027795329664993115
0.012865891129415963
0.46674905012255263
0.4011765354718851
0.6686837663403858
0.4057507581776478
0.15945787101619927
0.16176803048164473
0.36133427082141334
0.9559394247529487
0.6334074839820327
0.5942585204887751
0.059223539820361895
0.22107873763764904
