Architecture: combined
Number of States: 28
Parameters:
14.842116684040104
-15.0
14.910092713851325
-14.921119385227016
12.845703819975066
-14.998567938421838
-2.1243389668306483
-10.329929007672854
-9.185401669417486
-10.34894753528352
12.161358901494829
-15.0
11.69596292987515
-14.99357773885304
10.288267721744177
-14.672789456711126
9.292247434446685
-12.219912711457617
8.33708614011416
-14.259293510702344
-13.425840419905915
-11.582829368189762
14.293100625934228
-14.734552060797201
-2.1681493332031505
-14.086147023883724
8.120423776714116
-14.666031488366222
9.736252052539403
-14.528827134089493
-8.511444794202019
-14.569503172240506
-15.0
-14.085631531732687
8.3900298594435
-14.474132982690243
10.76938629949114
-14.072623846862811
8.233406461498058
-14.349616112610361
-3.2231617931317325
-13.952237661037925
9.432923739269658
-12.64562018612063
7.304445264704681
-14.061357057673291
5.575036625918963
-14.002409033112812
4.497790471748864
-14.185601621681654
7.108282774178205
-13.561708784257316
-2.6533511895068314
-10.372973252775497
