Architecture: chain
Number of States: 26
Parameters:
-0.38324128996172435
-0.3285115860219197
-0.6833072254253393
-0.5153391324076609
-0.36512649461183855
-0.47043755589127945
-0.35005872366890384
-0.32260281058346013
-0.6914737788095233
-0.31243357277408185
-0.45633829197536346
-0.5216968393323632
-0.6532641759685732
-0.6064486943762553
-0.3796329030530151
-0.39598350192009313
-0.4364357336245687
-0.5740080743935569
-0.6486172459213326
-0.5611926302880702
-0.342849307338543
-0.3316850244782084
-0.4722703036163341
-0.5502853383553747
-0.6349387872500958
