Architecture: escape_chain
Number of States: 26
Parameters:
0.44673383174538583
0.11317192481979621
7.470842675028067e-05
0.16131233529804434
0.36075944749916034
0.08914935015012859
0.508234713784038
0.30192642098939915
0.8700164021704366
0.32327747260961015
0.5951968122359418
0.3495835190791896
0.9533602955498474
0.04673914405324053
0.4806877199625904
0.7908906356921976
0.9373307806106866
0.1595741124150204
0.22535249227650422
0.2335317125655998
0.8887697414380045
0.6102808275977256
0.31431808517405846
0.9565117367630859
0.5950788683689658
