Architecture: combined
Number of States: 16
Parameters:
6.289618929681981
-10.191957008011917
2.6862293440430305
-12.16512516785791
0.4032141007655159
-12.604200660046539
0.4250701851107323
-15.0
5.7685398931257215
-9.452701194967572
5.703827331672718
-8.010569875421348
0.3708402353911299
-4.968973936471442
0.26577733163123907
-12.688949882452107
0.2798843260631999
-3.110471896793738
0.24589069839110536
-10.369693914162866
0.20882327220376895
-5.698744095464092
-0.23718679544057267
-0.5795766774801862
-0.1664371475854995
-7.876225277182974
-0.18100147225131344
-9.195632457784537
7.900882319479241
-7.204652048412031
