Architecture: combined
Number of States: 14
Parameters:
0.9035477919408144
0.5432534322959606
0.6216778324970614
0.05093934093158203
0.947981449754404
0.6745565406614952
0.17485017434722394
0.18870359977344642
0.8968047816337859
0.3239928377670679
0.47015039454891494
0.430796018602277
0.552087901744901
0.14522365436805917
0.8162272040153243
0.7173606778316964
0.3086129900532404
0.5044774231098467
0.39301499865594225
0.5369643847666986
0.9463815778743163
0.7903579123380147
0.8717290137340236
0.6624503977292058
0.5412951297335248
0.7346373254496792
