Architecture: combined
Number of States: 16
Parameters:
0.014810510779208245
-9.970315734162712
0.020477872950937854
-13.683001539940069
0.020503935260399907
-13.546973998291262
0.021830913440090898
-14.9994470180499
0.020390834358473664
-11.121767269719061
0.005019662774946046
-4.5399758442654425
0.010319587982706293
-14.030275055910602
-0.6803464348716601
-0.7065064523900885
-0.9125304029288454
-14.91807754151623
-0.9151298831698601
-12.94545166348768
-0.9132334224291342
-15.0
-0.9146306974199726
-14.780499223518271
-0.9114000263832873
-15.0
-0.9156328883009104
-13.555305730114533
-0.9096639666720268
-15.0
