Architecture: combined
Number of States: 30
Parameters:
14.918256951407308
-15.0
14.90907428363247
-15.0
7.388862843263844
-15.0
8.308120050733097
-11.91806132840977
0.42425330952328066
-11.429527292681959
0.3489575117867661
-4.544087363927472
5.284782521634672
-7.719220838185621
6.842775834381911
-8.924810275223784
2.9705695741433322
-1.0521667587104742
7.4945349307062195
-5.8262955436553865
2.82790089740559
-0.49291622213673664
3.3310090863167328
-3.718668801611367
2.9165701489901004
-0.28649327744976183
2.749217697216797
0.6392760112631498
1.5417291583139536
-3.2524294192019716
0.8576127181213963
-0.1927937971207426
3.8861816039707158
-1.4438699207661048
6.355602436477641
-1.9348768355868842
3.3814125330100535
3.1474339844040458
1.3104173810245685
-3.030196587241055
1.8318419885586628
-5.472618548342976
-0.7081012092043927
0.7037788932852688
1.3710459996599098
-0.7390642730255298
2.8187949078079177
-2.457467732047216
2.385389708386756
-0.6477795195059136
-1.2569538165897383
2.9670592915696186
-0.4270395587248323
1.5816720212158588
-0.35032710953045265
1.395128561257138
1.1810969466588033
-0.222320884069195
