Architecture: combined
Number of States: 36
Parameters:
14.7057412260592
-15.0
14.66701702308831
-15.0
8.429889617210865
-15.0
9.59070256861045
-13.437164689789112
0.3591950364266944
-8.854866995387153
0.5315695313729832
-4.3795200110795856
6.628196440664389
-8.086607112061811
7.8027684424123285
-8.560110079088421
2.3151403885266904
-1.828562066539186
2.523082638855527
-2.985102653474179
3.08584992862153
-0.28394596665935856
2.6708903575257854
-4.34168001134588
2.8055982765697713
-0.30428964675480147
2.4388674258342187
0.3642555389424756
1.7905539255612557
-4.699061825885607
1.1479388860814668
0.08760125555083557
5.152098663386855
-4.745207108810418
9.36283978301181
-3.19836269906899
3.7119064687519927
3.4787672601259234
1.0003889376209618
-4.533618283656616
4.740455071979826
-7.758933454816777
-0.8494610719899076
0.52054608788165
1.6039867296020924
-0.5182027113650093
2.64901235937644
-2.779704653696393
1.5902931774666904
0.05772369446038922
-1.7210368104188165
4.368433773748872
-1.1103760089766557
2.421563375124733
0.6221352404010458
0.4751950480779832
-0.13718575034003044
1.4348385301583308
0.5208986129966628
0.3019298752968909
0.6987277703067171
0.1510075755581959
0.243281911395308
0.46048076605395355
0.7932996107703008
0.7040926528232486
0.680508215732359
0.5988243387310207
0.753848146503875
0.587402869526667
