Architecture: combined
Number of States: 28
Parameters:
2.236831472067201
-0.6027297648127384
2.250675478827931
-0.5401774586290825
2.22473091726312
-0.48992749421025567
2.219936438004366
-0.42125268512168373
2.2202980252301865
-0.349331407065325
2.2155240531621354
-0.28415958716110884
2.206943638018279
-0.21376010039385074
2.2109224333886766
-0.11308767079707671
2.071430801378423
-0.13405423402143696
2.0105789820692186
-0.07180024891844632
1.9339439030806431
-0.004976918143246148
2.029024081912504
0.24702875940834298
1.8495981550724898
0.21962167513292585
1.861690097946481
0.5180167751652638
2.11475712756526
1.213567766331412
2.611950566751375
-0.8100548254430826
-2.632239716192885
4.6712880967461725
-0.4087010789581215
1.7124684572117184
0.21972139437546145
0.5976241204524589
0.4453488892512066
0.7765297141377716
0.1711602414094816
0.42023888914444474
0.4116942257969445
0.9602178798151454
0.8839171260458331
0.4064881837611197
0.4148498008729502
0.8875677862142746
0.11131803585793498
0.8103302557206387
0.5848679483294171
0.07981140122114261
0.32912781933290536
0.25698609272565165
