Architecture: combined
Number of States: 44
Parameters:
14.977196121389664
-15.0
14.999747320172796
-15.0
14.999532210537051
-15.0
5.896645846137774
-10.766730512517674
0.35624036379156027
-10.940443222327925
0.4477529864669285
-4.462182136054859
5.942613345206957
-8.743952913950066
6.555848276352441
-7.921432429561709
2.490740796032619
-1.5188074558228155
3.524724362869576
-4.832173031722388
2.9870282986871164
-0.327395584134879
4.092261742691538
-3.360926421859776
2.499516925531383
-0.6867431201300725
2.4513690818220897
0.38930513859333205
2.426118169195628
-2.9415334074193105
2.3252322898384716
0.8540759265952277
2.041088045894497
-0.3142858735949883
4.578189499194612
-2.1447725489591902
1.4728063658568193
1.198453875994295
1.1863807866819405
-2.940652944256538
1.3060000061274604
-4.728547578154824
-0.26952551914689515
1.0468509321689579
1.594541179087177
-0.38311720810283934
2.696709741254118
-2.493692857017669
2.1684711674731614
-0.14319634845699397
-1.6693636950179405
3.4518488719926004
0.1963112801042984
1.9250488630977816
0.028333026596797813
1.030886462582309
0.1706705010568495
0.37457857282310153
0.6176692995295546
0.8905368565605296
0.19702073011005816
0.31677831470599954
0.5260594320666211
0.511488787638097
0.11204407151922871
0.01695920502257463
0.5632799882587041
0.9652029354907397
0.9929731018483379
0.924910370043295
0.8403461313633853
0.44412253833048326
0.06403771947265609
0.13774535047909361
0.3263403887617309
0.28890423650705793
0.9154703087808156
0.6136923621021088
0.8678574130479372
0.2209045196102749
0.10323172983584396
0.7480500851814418
0.5562344558024268
0.1431622362792298
0.8778653675974893
0.977179982811809
