Architecture: k-jumps
Number of States: 22
Parameters:
1.0569094654364095
-1.5893267403342797
1.0459837170942627
-1.526835808502568
1.0553810970841726
-1.4354888948985003
1.0512560549253
-1.3828930412507683
1.0021177496729656
-1.2012451045913748
1.0550778311360363
-1.521333954807337
0.886673953650306
-0.702751996486679
1.0464511767989908
-1.7387689748851476
-7.206556805164801
1.1188334409660212
-1.0948246854126418
-13.693908415627108
0.6484370386247312
0.11691360642439687
-13.486026367570238
6.972186466642822
-3.6195365794437953
-4.188661069945048
1.2882229220896104
-2.77648828362802
-6.578542142516652
3.415858220529626
-0.4384996150793783
-8.666054017577778
-1.559862075290255
7.9612966567509655
-5.1883737647370065
-0.6195658888201939
3.6090177167185247
-1.463327653380873
-0.25643915520688304
1.6985351516918847
0.023074617275310624
0.49062184637069217
0.15455702603574492
0.17103970213759415
0.7548799863451988
0.34892019599437496
0.11637166605749971
0.7193153086503769
0.6940183985754159
0.0891551822499631
0.6423532446492748
0.184539609950837
0.8970884290562887
0.6949957467261401
0.9737425330742413
0.2716175283387754
