Architecture: full
Number of States: 46
Parameters:
-7.994359615896857
9.138166505940722
-3.3530868320190574
-9.600409475795047
-2.0288221791568817
9.828291113469174
-1.0761054944553616
-1.4595431273533654
-1.0858819151055408
-3.32607422739122
8.202436044081805
-3.9386763305385912
1.7027733070251219
-3.845478772116447
-9.878648180307598
7.833152196776614
5.807546277586775
8.886613311862492
-2.8050668333902373
-7.459318758214743
6.808481710289108
6.448888300634407
-1.3116013101694053
-4.431001699021884
-9.389208844778198
2.665808374094489
9.927432573880562
-7.672684991612231
9.108504641018614
2.893782181875873
5.769992879162024
1.5955289657428877
9.99415751402178
-0.9833841812569835
1.9160646422840895
10.040786196177377
2.500432350607677
-5.097698823082534
9.057041361355097
7.557665700446931
5.818046116485285
-15.0
3.587821135348942
15.0
-15.0
1.040259677024774
0.31944232279041823
0.956503071868359
1.9507601462539088
0.3512030063023991
0.014361810827328632
0.34601734464685835
0.6742991602294267
0.1250324025435046
1.4409514703364563
0.7280054729457651
1.2146594044174444
0.20233789964523477
0.3679516637956307
0.8376997121126
0.35999916818712474
0.47079316729829684
-0.20044459076183602
0.48852137789581745
0.18879910138914402
0.36927279357106263
0.5022210123605437
0.25271193168338857
2.273626689460161
0.613183144201797
0.676211108997778
0.41593353059568505
0.33007481558145746
0.3605715453567111
-0.06627609910603974
0.48188961660645546
0.3519197587062986
0.14107823895383817
0.9131709463336507
0.3409896991644123
0.4371792720762622
0.4502589948883728
1.318367594161554
-0.13892388470368605
0.21051106660407543
0.1345361679440663
2.732496049738645
0.5565960240937011
0.12680540661708956
-2.0090947695770187
0.4692616783955293
0.8167615124266866
0.2684329636098184
1.0323113661226218
0.6308562044915538
0.9328037197202518
1.142219112054092
0.24184740314835343
1.1731408733959168
0.9495138173155357
0.6630261243219374
0.33597521517710827
1.1970785636127956
0.7754963434611476
1.2971402757313368
0.09307201025354132
0.3959438533514007
0.31770491456885586
0.39230076549368487
0.4886201718968724
0.8759661229409847
0.7023563724034987
0.18345089606397635
1.6802258039974438
0.5846359564146646
0.3711415393548077
0.254026448049222
0.8662759989040043
0.8048860590649018
0.9768832879226649
0.5206217973874443
0.44047377111106517
0.6869435341309316
0.8239756096704715
1.0814951647803308
0.12948530380391307
0.9134445403371008
0.2272104316687448
0.16662103771134093
0.32490320338893314
0.2920944365394773
0.45940291429234603
0.7797565506994395
0.2032877893404217
-5.482879642178645
1.1362248387001186
-0.007739137351972776
0.7579963201392098
0.39715497421655893
0.6136514868724047
0.12576004201488875
0.20650694772129372
0.8110675850978766
0.27149702069249076
1.339293203886231
-0.0006474279160989121
0.27439269501282354
0.010543888244825257
0.01574200025699409
0.6038007773574425
0.1506720513959008
-0.050431247111711
0.12523056618103684
0.4364466960403012
1.1673864201052477
0.2874687276493379
0.3017495232783212
0.6929701439671586
2.3190591165049304
0.7316175734888336
0.3520432620029534
0.400285916610177
0.8846321366635932
0.13007882125815598
-0.06133294092294516
0.6219860144015126
-0.04966500456235643
0.22743084898103247
0.5288351953415975
0.1314310608334837
0.29065688195694817
0.38516215606265364
0.6876369741883552
0.5418976217872182
0.5288390219921126
0.5919357356578745
4.044776495733721
0.10052195825329037
-0.13242618178819546
-2.107737642586235
0.40375077459602543
0.2749372626341555
0.19378840004537795
0.6566152895385989
0.7428952990469471
0.0924707466599218
0.8066680026864823
0.10923163367016181
0.3930255181879311
0.954518342050856
0.2784407259454909
0.13011994605090355
0.06714982509284528
0.5133963618338571
1.6096062360728836
0.2604838928673064
-0.019081444213212246
0.00033802838150068064
0.6516025929440368
0.6283256264894166
0.3988356899347384
0.40693780901239324
0.8599698276355247
1.523067284017279
1.082240354806393
-0.03339912058662542
3.8465642917441404e-05
1.4485051606508357
-0.05186076080503632
0.4373857357814548
0.29320610655448137
0.08311138956918257
-0.16050396051395233
0.7680084525455869
0.3154613250883274
0.0033723562306370355
0.09759245514257306
3.4942630358544537
0.4485260470503288
0.3384503531149135
-0.09333254201999693
4.062292852335357
0.3912899051029175
0.16678633666077822
-2.36659588088762
0.24054187423091247
-0.0036307210375158385
0.42923513821060805
1.4737160122478175
0.6589349914442604
0.004262578045273558
0.13982127399893196
0.45762765166602887
0.32729773603253565
1.0045906975333143
0.5686841444400099
0.9537760862154251
0.31753837791985573
0.17135059287006152
1.9358343168585175
0.023029455238711923
0.6054698423706344
0.4169472616597225
0.4880977195420024
0.2040188693411957
0.28849680344372225
0.6878962252118294
0.45821385190381386
1.3489948983540812
1.9315381577536421
-0.012279508353942575
-0.0471955103936509
0.7006663209885651
0.017618674238789864
0.35169173592667086
0.6128142601798184
0.22391802900817653
0.17110807029792086
0.43137673723964015
0.2387966411910337
0.36990617620188293
0.45566679736915694
0.7792857941027188
0.3520318329889081
0.6015212689480066
0.6764749710054394
1.4867091214927122
-0.06912580048607618
0.2963769118053142
-2.8862931933791423
0.9094113628486389
0.983827802625401
0.8094754793607709
0.04553177915180298
1.3229445885717181
0.44476931882791576
1.1537923592026778
0.42437660329439
0.8336102139741982
-0.7239754870038522
1.2090575545010622
0.2830802159305467
0.9635513423130384
0.45940289194893874
1.3377101800653959
0.6917744402188796
0.6766900628142278
1.2855404659234615
1.7346194795823895
1.1149269745583061
0.6897548686502689
0.7345888446742768
0.2704459569617426
0.8263241508490642
0.14278064511692554
0.8689010992836753
1.7812984388922652
0.34960186358553375
0.728525163211531
1.1133233160674285
1.4996704302196089
1.3773571128534599
0.6804933397256403
1.0468222662760378
1.2926379671890857
0.5847691204530009
1.268516834936294
-0.28843394638422815
1.2338937408050492
1.5294436656732504
1.4385143485850147
-1.8647518014510003
0.6897861593825413
0.7514290524335717
-9.00268112602994
0.9746987945794131
-0.0005738965589298607
0.6185664239619311
1.6403122050671173
0.4762156064953975
0.3783537712090548
0.4835978503724709
0.18763049867211382
0.7806387940549598
0.8309656305106334
0.9525699210168924
0.15498210984405264
1.0483994507649737
0.32515450686026837
1.2856585616200413
0.3021871581566862
-0.04138508524023825
0.3333875371021485
0.9420892192478962
1.1541435210890483
0.5130300188115653
0.5014147147365824
0.6368071543130032
1.51797434526203
0.3157302761176725
0.7969930130048615
0.06895735484470103
0.37368576452163826
0.8639783962451568
0.6827793599147503
0.202424440555659
0.384075244100754
-0.038722388877536804
0.6238613176965344
0.6968744382231231
0.6414617410092627
0.03512941780614534
1.950132276141516
0.248027069748633
0.6680526386733245
0.7126152945667396
0.7868449689856741
0.27047792221257916
-0.02834862046681802
-3.3214181929227227
1.0442223754421591
0.2589624427777191
0.5778651473052379
0.3967416028843825
0.5768224903248753
0.6168357080311266
0.7183917096545709
0.8532498810143391
0.6462130926682274
2.0233371873350605
0.14782622744897816
1.2388249023197129
0.9192477830671575
1.149671664266528
1.4657147973185114
0.5371638459739451
0.04003077622123355
0.3381055924920815
0.1219101120649431
0.6416079282292395
0.09902648130816034
0.4129755946443418
0.4926397881453239
0.5195597335847915
0.7703146760780768
0.4835112362670392
0.405573422070697
0.39313504176593994
0.4134385077517931
0.18698033776319126
-0.0051877706279993795
0.9025399709423481
0.5970236748945064
0.15453058048450716
0.8406789893888624
0.16935575848463533
0.28859809380561485
0.974574060150828
0.11593136505618806
0.16508009826648173
0.5546739275463868
1.6588707619507919
0.5066597634140543
0.1661787737408284
-4.581981545878065
0.49984255903310965
0.7830793602574686
0.998603254943786
0.5113666497230707
0.6899968208730245
0.19491087650342262
0.8216593986845145
1.1615224088158538
0.7552645930427839
0.7078090164523027
0.6514822132837566
0.5596740578984294
0.655734282702707
1.1064136517282808
1.098896592481412
0.11572811884185792
0.7802825592146352
0.5428715221879007
0.5151201538275453
0.952681454589139
0.3751688526010537
0.15089366236221938
0.14853229722264208
1.1282157104306885
1.7520870644991167
0.7502213661760457
0.3606602263051337
0.942052080385854
0.5431818560495676
0.4925500017570807
0.35150801904162404
0.7935183177764659
0.08044460984965843
0.983892270066055
0.12660098249637688
0.4507831796971496
0.9320776264661312
1.2661218265974492
0.5796870788639238
0.36160934135415324
0.3085002393468597
1.2722606037836595
-0.021046704655006583
-0.01965027471986204
-3.4955259409337733
0.7896341433637883
0.030792740473822622
0.6315887033132616
0.5947340072126477
0.5190828589695249
-0.29631796954776546
0.017045161146972965
0.2758469922305561
0.4648204830970643
3.9802879665559727
0.21391006205729102
0.23222955922566885
0.40264854149539153
0.16482630529876444
0.9751802725228071
-0.03701059534941435
0.10155051665217182
-0.22904195845398787
0.5631685571044268
0.2588614499537149
0.17817504879491633
-0.29113009612742013
0.04382846095229598
1.4472065671731986
1.6995649828290655
-0.04370876941119978
0.1831662116728883
1.0749718978223006
0.21064518886291783
0.16571880451092452
0.25117337548886837
0.24161104852617737
-0.3034813584181104
0.6631147138991017
-0.14996735948300877
-0.2927598109839741
0.15004625778163325
2.1824652172944137
-0.11808598813208769
-0.25984502876481486
0.14308350680087806
6.25913013249881
0.17724778179985334
-0.3442270783281451
-1.4723169814147234
0.799506684452765
0.8654277917315129
0.21888621138749056
0.9540975118810591
1.2206512724565477
0.7771820444933781
0.21228962565611345
1.4764498298108044
0.6273558077796698
0.497721449984332
0.3171045474476256
1.279053856568711
0.4053724085795778
1.1570749930085293
0.32832652233499143
0.6069345616479611
1.2737207819828422
0.9705063773224959
0.929057422495301
1.0579730731954298
0.6390739132776071
0.6965066743427335
1.4384325577664572
0.3800713868297566
0.8305419753424377
1.157055326889082
0.26403679950061887
0.7370946431464227
1.3705504504618051
0.20607055675016245
1.1315235880832357
0.5929165035937508
0.7129268837074187
0.5810726345548677
1.3510629435088235
1.5501879885438095
0.7675287589304366
0.1922181084340543
1.2150839008314824
0.7491107935724152
0.7129061022646737
-0.3903781974493985
1.0819641890311147
1.0529722766855774
-8.764783707099795
1.3578314331232975
0.2953088561345505
0.8323959608944207
1.0399032104902217
0.08859141849816841
0.06734972834157692
0.2708070534595865
0.07604190748751222
0.3177020882425692
1.6317482608687772
0.05081420259469774
0.6938425425677134
0.3492778233967056
0.5684076049118559
1.1824564130222626
0.28200879877997237
0.46249961320138644
-0.18761585223989555
0.44181728492036415
0.8333586832505341
0.47813981125180255
-0.08165297223657823
0.9056345294698227
1.8076359778511568
0.9311187148024339
0.5122098443068541
-0.11238827174348885
0.18296600371203936
0.007788724218939255
0.401119002716504
0.0014526817677891477
0.09472612683820222
0.18041464672008847
0.6187112066869469
0.13661647615518835
0.2777888315984302
0.36721359257460345
0.775887279092048
0.38245533072936116
0.43083077305447615
0.0771350248334472
4.0165512233893175
-0.09232875831786792
-0.27946523850717225
-1.3640892658528225
0.8687218126078009
0.7915414429401868
0.8725420868681102
1.0851506186139637
0.7575979636126603
0.9892125150282132
1.0474487954140888
0.5417081231108962
1.07614144693769
0.9548194749476451
0.8671526472380571
1.0954559630609304
0.7088593835146445
0.7305231144737466
1.637184970580414
0.31350789549458075
0.4325892820827843
0.12282308480266231
0.7097610601223668
0.7227253416548531
0.5429646861492884
0.9275976714781844
0.4042929314200529
0.9175168002366372
1.1880287536805447
1.1231946659780212
0.6869820334396173
0.6787255072425656
0.4490302003778978
0.22920660115226033
1.0549600648516222
0.24658828968068458
0.060632584811493744
0.3548854389083532
0.46121589249596645
0.2648428691484562
1.1538534440152108
0.4495045467328166
0.34682232075062946
1.0755562371679606
0.7819859310469792
0.8954024155493769
0.9096536783113338
0.6728160476269152
-8.385047061667239
0.46115246607332533
0.21751027780590182
1.162854417937488
1.2367126940607454
0.4943793570291911
0.33006058235195573
0.8574626458600862
0.8939166954843859
0.614968039851553
0.4845365492473288
0.646945744020562
0.4658414113702377
0.18331432462659425
0.5695875584125063
0.49180328920164007
0.3033784670291562
0.24014097602855106
0.10193945324390319
1.0243551156765887
1.1497211912175545
0.273336925331203
0.5182699599070995
0.7000734674107161
1.070996008599675
1.5853656834672711
0.15754492788561927
0.9204688993011229
0.15466357150833862
0.20127929559823735
0.7096311099095272
0.5788408266688674
0.599325621062122
0.6985870704746364
0.5204216214757665
0.6162326983284078
0.7023835904961874
0.9582953843932885
1.6451318894061935
0.7603082901134585
0.4438896358205799
0.6135697207253011
0.9630507125672093
0.20539373553173834
0.2603722783561513
-5.347088565045663
0.5151900115457337
0.42233024615859127
0.2004951873855661
0.9597701275109276
0.32202016860244403
0.15520241638152274
0.1885015819717472
0.713830987767241
0.08083084668817479
1.0362307955085164
0.10834289316615703
0.8638705145888419
0.02065647321490393
0.78730231570017
1.7296396506242593
-0.23438993806602948
0.30230928000759366
-0.2176854208347506
0.8757180035415544
0.5543767789954265
0.16735479250819923
0.2259572651110452
0.48946645691859114
2.171754544674788
1.9497488661079403
0.45159273204392386
0.32360870873484104
0.26607232759139726
0.40956871278507656
0.36953167740745396
-0.07524603057355043
-0.020353556174381702
-0.11790078207191816
0.05349373933398928
0.602654647637754
0.18174258172756783
0.37621601256107834
0.9017845033025544
0.2496724715686231
0.11055293474601627
0.15514859361288041
5.073598481026234
0.24602526974972697
-0.3314314601439882
0.6241083834984973
-0.34071776401648696
1.6179593782571051
0.2538519992996383
-0.988425740592471
1.0265403375862494
0.9028306709850605
1.8741293454613943
1.6793139610128605
0.46332297614632195
-3.436311354744148
1.8191362997773686
0.20447284943337304
1.7056846278120614
1.4502665786486255
0.24088580351449645
1.171371435488436
0.6872590591306993
2.3233340754057377
1.62267063296612
2.116660223405104
1.372133428259885
1.7215603355549527
0.5554396887959094
-1.034380741130875
-0.8160317961970854
0.954576182580577
1.470747371619998
-0.18515399157662565
3.0058870974869376
0.7169578615195235
2.6964933534964644
0.40345877375260214
1.031185035746163
0.5028743385491972
1.1497716091311407
1.9706450807614708
1.436647770605199
-3.2736545478474612
3.404760063525378
1.7726685779733016
0.5418458146490337
-7.514662980485715
1.8227231657742475
2.2626895576255444
-9.311970962029891
0.5650075096333816
0.7618184116893516
0.12860234506010357
0.5520655465848694
0.8850903444800361
0.30273657613656063
0.689854544986094
0.31819683079401034
0.775908674565288
0.7225647164267928
0.5017483355610193
1.0487157581777828
0.8007779649496728
0.5771798799710275
0.4820892454626215
-0.02554762991738809
0.1874637273380062
-0.04224537490647278
0.3478083304848015
0.6448294366240873
-0.05419575079114064
0.4697832901536321
0.6076006855087435
1.5428185367888734
1.504996764418072
0.08181560089721901
0.6284286146971853
0.22767244120014435
0.515124973556608
-0.06070783013920132
0.7109111530827328
0.29809173852808685
0.26405741070601363
0.2133195076419721
0.8489927002439686
0.09641837007246194
0.020321883285482248
1.4788144213617316
-0.03399298949761588
0.05251708709078773
0.26644147654975975
1.5765628533841922
0.42459919711242256
0.6056018612812222
-2.8117514604252682
0.3345161012352648
0.5125119754918769
1.2382647859850369
0.16533041347415303
0.9582837528525672
0.4714988129968475
0.1509426254408432
0.922919468747029
1.4245001990347703
-0.49334126982815035
0.5173432376001813
0.23417105400770594
0.3057066055972696
0.9938329785320967
0.21218837919323658
0.8378136219240111
1.1586754452833723
1.448581430176113
0.5413757460046025
1.6176130796825314
0.7662075341655387
0.539681301730108
0.7174752985196723
0.4159912483056229
0.2688703459700452
0.9919035283154798
1.0406130289239084
0.17860245915947232
0.4979725699011548
0.29476750093937276
1.2616225182785596
1.3368112770455585
0.8446848709895972
1.0990901585616804
0.5714788444035029
0.7444938079169956
0.9531155201741279
0.08973813904691216
0.6296250368664406
1.043199289891244
1.3718090470228017
-1.492497459070986
0.5817102739817704
0.43313628036477425
-8.08077176139157
1.1873381297245027
0.8712406164822835
1.280644457245197
1.263675958819995
0.4529684672329632
0.8049528058520091
0.364331999869881
0.833405441584024
0.1478728959751104
1.5556928359827156
0.736608760506803
0.7299853197513981
0.827851045827884
0.48924743834203543
1.727513983383631
0.27268186746185513
0.896971183952571
0.7944436059215286
1.2013472403571306
0.6008014815151825
0.4633719460662246
0.48001867019504163
0.8996796107886854
1.5930018549686435
0.28272843922029683
0.8807243418703081
0.8024702990201064
0.19113577006676613
0.9343323441133811
0.25723857871924727
0.4925200284762896
0.2149237119780143
0.6949815525825299
0.23542309318581162
0.38552224340413893
0.6186365845410742
0.39193307684227396
1.1267881101084551
0.8418168265320822
0.4041425438357677
0.026267259290365264
0.6981587094330829
0.4382607142541425
0.7236300158994637
-6.193743933682059
0.5937976594906907
0.012227089928015331
0.7239862400381682
1.728391830319647
0.8685501859958801
0.6849921335043822
0.18471607014449443
0.44649079345778847
0.713336436381182
0.3905701481620448
0.3995831082977732
0.6369048384803514
0.11243807886478047
0.36925315450340634
1.1354042331494811
0.5567994477366032
0.2118596005818042
0.3526852065718546
0.9637544828150301
1.4798551498699073
0.3684288909551221
0.07922349494680522
0.8274468129281443
0.9603059503746648
0.2894233925369948
0.87488200661306
1.028304669202619
1.0955649094687916
0.6355031192287169
0.2003125132491857
0.7834737032979083
0.7351059148915937
0.6477485887233246
0.31828161787475245
0.20615542240933896
0.8288978437372783
0.4832377028256602
2.217954661308234
0.7066137120774539
0.8094575036725501
0.5751733027794367
0.9688027238717919
0.9925518835124595
0.4295222439914642
-4.954236047894475
0.737434541401551
0.4775180420308325
0.3806389605575643
1.4859945118328897
0.4809755776476603
0.03649914110923653
0.83547889364419
1.0288623043557295
0.8516997927166678
1.3435992198889102
0.3116172681850114
0.6909256010285242
0.818722262992796
0.25975035839321137
1.6541374072465516
0.4075588524071237
0.8630098131575191
0.10111276763643981
1.0012616758716457
0.8442087719627854
0.12943172636384778
0.4799947854662402
0.7819014758531605
0.6335775445803575
1.5043841091440082
0.7349995637831102
0.026227067547643177
0.3107914554563235
0.7409909108473016
0.6430009776514203
0.5290503859263654
0.5517094180144928
0.33772180657028594
0.4435795960046836
0.8748011112855094
0.7795295413319239
0.32469063305471385
0.8375641206000484
0.22598043645932772
0.45388840950616793
0.1123680132140293
1.0216700783423387
0.8267427854181555
0.5856912937982314
-3.2288378948970182
0.16941806387697453
1.0917576536182405
0.24692081211481995
-0.20524943701537954
0.3523033530528176
0.7687140602952178
1.5806157498631952
1.5806615673103805
0.6702748469822618
-1.862064857323345
1.1107084514114418
0.7399379421209676
1.5855232635306344
1.20871108927855
0.25528737137421836
1.2945358018371786
0.630191370636614
2.158569398376052
1.4102716998132572
1.9627009819429657
0.8022101523574707
1.867523342889503
1.1058794268413885
-0.16361300329884285
0.07067254193080624
1.1949879443774483
2.5564736615407213
0.2059053415062806
0.9150151678412737
0.746518218581899
1.5300523241970618
1.1718940868348517
1.1130219466116327
0.8813030429370413
0.8036714795547761
1.7505550986523541
0.5698537423245551
-1.4027265756734673
0.8173755335404113
1.0274861092219214
0.6453275860251351
-4.710963868261029
1.8674479688725334
1.0048079488412005
-9.243576072003908
0.9069504675062867
-0.09199160140252564
0.5147321254819259
1.0436985144920254
0.486863154262193
0.16592648130590354
0.10139412000407691
0.9095337117716095
0.5631294370316118
1.4845761717883472
0.6060302610641481
0.7515374352707098
0.5369233860332056
0.7929633408453959
1.7675235783814713
0.48185640718175327
0.4318501222749776
0.3976300861766487
1.1286085135292163
0.4011090453709727
0.45430450981008486
0.015978416030767557
0.6681694199218368
0.7784509034157776
1.766301574453372
0.29765774939467043
0.3589192206826122
1.249448020661988
0.7394914216468782
0.2863275072531012
0.19130947401304227
0.0013198369256780128
0.1693890824677217
0.23172969110069033
0.8446941587457792
0.40578864827426314
0.56412009659241
1.3720597938086128
0.5353138547507184
-0.08851148778912472
0.3781960600456548
2.458983195186968
0.3270431901252505
0.46351686337786635
-2.406342494237189
0.17531083484216625
0.11575081885175852
0.9110857604588903
1.8933979450975822
0.4037621553575536
0.14756995083126084
0.5106233227381989
0.7534365156006431
0.6450183499661227
1.8251175719238457
-0.19110279732396665
0.17584531030518305
0.12598896196871873
0.20819658257241194
0.9569618588577037
-0.17941151175933076
0.1842591219498473
-0.1809343288603533
-0.04691272027091991
0.8667391950685717
0.010848106523220411
-0.007701181898460169
0.4638688526552995
2.1193263672105123
1.087467714968291
-0.12635680001637709
0.3028840357091268
0.6037243935443211
-0.02017336662478926
0.2048812316387018
0.14477894140545863
-0.12157420061484087
-0.15819234039138264
0.3737779254473441
-0.14258086915788
-0.0014048665359399715
0.21149556409576944
1.0779983744796653
0.18648814149565282
-0.22483581940884403
0.3361263201019616
7.739643820424554
0.17468457166330584
-0.23835342427582726
0.3308158836545432
0.19334240205426478
0.021417174827839554
1.012042585089157
0.8270921114560353
0.05972656858931552
-0.021722522970198364
0.14012309179596402
0.5750321174204304
0.2697482715116217
2.6550119063046522
0.3225214740595223
0.23931547290902824
0.562725753116614
0.6799099246749071
2.0737081045889183
-0.14499494379431815
-0.1380740345265044
-0.11521812625112181
0.6818541893275439
0.5375633451903368
0.05621796369140086
-0.15642152682669277
0.4210474442517079
3.111120715227051
0.4563255865579522
0.4433146835898406
0.1784540298636469
1.34381347581387
-0.18939920673142513
0.018668016349206656
0.36420309833519793
0.32897674099257357
0.14832875832911735
0.08356134081511388
0.47164119173892377
0.057292838599895764
0.32573331423463403
3.4612774643676976
-0.01849423395833666
0.12341263146317533
0.3500637398935677
1.868745519300179
-0.14698184039430812
-0.22883989981600475
-1.4934929940458346
1.2004998284755957
-0.021958629672958342
0.47095040785261627
0.9334606437514104
0.8900106912766337
-0.047143623852825445
0.18531978396204543
0.3549198318093295
0.204560185998911
2.659180825244914
0.7165825075659928
0.8473573196851818
0.33025701619225095
0.08977500036578179
1.0705905634708208
0.304398264932593
0.6139988132665668
0.28311304545547505
0.9926764800488358
1.1119783284490259
-0.012316657975330422
0.4112398781946339
0.08149777807488451
2.2210352873717416
1.7627474531723748
0.409452265399883
-0.0867351823349343
0.3223986066744883
0.6150617178952763
0.21686635694130987
0.3894898445616406
0.33341156439619146
-0.11941271640014252
-0.02812684028391157
0.22022725620939176
0.006582700805609499
0.07406276811698231
1.562788704835274
0.44608385990558147
0.12609900539723687
0.25130061352780325
1.3453244188178863
0.5464805676974518
-0.07346370970789497
-1.4875666925005175
1.0244094331209734
1.3309750604032207
1.1135206989727642
0.4681668065083342
0.7444680057580364
0.8159510055732162
1.0217229016664038
0.8098735485673644
0.526066368610416
-0.5254355645862336
0.7155753056559419
0.9915160729699194
0.5609649594680761
0.7337387656630713
0.7327425255477694
0.5630188634745558
0.6665799373207435
1.7753274579429565
0.4117210901133408
1.209933497545194
0.43554931820237214
0.5600954113403634
1.2474754560877575
0.8906530027332568
0.8396711121485434
0.6983139946776805
0.7447346351248302
0.6288068610973102
0.6645818062861324
0.6454891201393445
0.3637489878570582
0.3996772729950013
0.4273721200302902
1.1014102154012206
1.1713605525227877
1.390525989463098
0.9430952207759564
-0.0861286546000175
1.4957723014984101
0.7441568990540925
1.6636277417824263
-1.6960250325118094
0.39280605703321153
0.608323992652229
-9.03866803665385
0.370609652116542
0.5825506562394224
0.5777360898251074
1.1555942517692348
0.5945628670353706
0.40727141260094807
0.9646485173299374
0.8748752296610225
0.33148978799611767
1.5746222237364804
0.14884791062455902
0.3847210721181947
0.33206352829297864
0.8930509034245532
0.960163801350852
0.30269281111883556
0.0746913608086121
-0.14650514425655378
0.41189369868190273
1.0236836800865903
0.6159964920319035
0.4337453203787623
0.12061384506426671
0.7197880612477328
0.915225524874568
0.7725539848023308
0.0999181283976462
0.3550241709753037
0.3808282783889508
0.5295472368286847
0.706469020609546
-0.021861567651575278
0.35570586617204303
0.8672483198566022
0.6057568548338711
0.4904605007827059
0.7024926462362252
2.376004843362791
-0.08793187823066377
0.22770078314411335
0.23335099432725673
1.8920102168104564
0.41618821980682286
0.2921564574388062
-2.286658791655508
0.2103899122193334
1.218670608379903
0.4210149666337309
0.3143686983820317
0.16327055414921215
1.4587202914345156
0.6318109371203705
0.5037160487087793
0.2980582057472407
-0.06100793863231717
0.9349935976913649
0.8662922170670565
0.812350885563637
0.2841479569409813
0.6435376901369758
0.6247902295496565
1.3148779735943115
0.9807816845153066
1.2494149429102983
1.342318305119513
1.18969683549224
1.039956916985402
1.1997629451985317
0.17660193988267464
0.7651370174681996
0.2781250811270767
0.9359168392578086
0.20512718578560557
0.2617110287000735
1.1704911286922313
1.1222675200168266
1.1362166137399858
0.30797489368931913
0.519346324973605
1.3090858950739857
1.3189865858335288
0.8525020934234907
0.6965487490557504
0.944548451286498
1.3999982526540156
1.308019039920496
-0.569698860634939
0.7924243635515275
1.3428582077033628
-8.746481862638738
1.21031646874788
0.5633274006684134
1.0376048808212535
1.4195344112156196
0.7819126770756109
0.4278109504368361
0.558746309181849
0.806474791444166
0.2838029969549506
1.5156364210460762
0.5272447873431797
0.593802464243782
0.7418051774860092
0.957470379992315
0.9285131455446303
0.3706593777910692
0.16198087049430346
0.3474387660003268
0.4375630062573064
0.34247235560037
-0.0726962740626505
-0.006281172791937371
0.752638637566756
1.278642645119498
1.1696851108574393
0.596297251377675
0.34148168932843115
0.27544354119396697
0.08097651439835708
-0.11540472190428877
0.03158636753795181
0.6053777640432856
5.205380643294954e-05
0.07122938411231494
0.10375636808354968
0.3556308985563719
0.4912666771832711
1.5185188742231739
0.3467813007064769
0.23341435688788384
0.6037327767570436
1.1007887432306203
0.6683953273746615
-0.21033229736820538
-1.1957891244221854
1.1854353491859018
0.592657770216512
0.8152563353004347
0.5159299057312542
0.2673321789922302
0.17958233409158225
0.317435708520395
0.534268590162224
0.7915102890493455
1.180429211010454
0.7044090808866116
0.19956147236233532
1.0302739392795945
0.91421451649322
1.3854837303502294
0.25597653658090336
0.08353577261514877
0.6388399397317208
1.2245975030727578
0.6552548624254462
0.39424341689894904
0.34236143108270334
0.5549025287334489
0.9149557146844938
0.6223966257567902
0.24977619609205964
0.9334500710835069
0.6650042918976712
0.6647345815674106
0.2086059811233404
0.45001761897399
0.8740226285608222
0.33320127008590483
0.07149802190439436
0.5517502187432306
0.5320130850417844
0.5934131368241621
1.186721561694534
0.029138020955743284
0.44923781222455034
0.5906062448701156
0.7318981383568403
0.06298505841019944
0.024778811651354392
-5.686797917056007
1.1756615822968202
0.639855961344761
0.5577911949101627
0.6735456889858934
0.7892848181775531
0.08244213891140718
0.38832649099843336
0.5295021488076823
0.831597331331795
0.8093465410585734
0.5147791541552141
1.0384499850548465
0.4653803251794434
0.28001367403091537
1.2458401024053178
0.3952177574204338
0.5910847261866806
0.06878917975476971
1.129118410750799
1.2380907889696404
0.03340336692300678
0.29306068127859214
0.06365523772590115
0.91092436493851
0.6733757759431421
0.43398181806025826
0.22917418254432176
0.2972973075191279
0.4106199638473712
0.40536217385014756
0.303816263807313
0.5959742332500116
-0.061656502509450976
0.6811745116536793
0.7165251349092063
0.006781108601144814
-0.00907012432232576
0.6523708259802227
0.029182371097235742
0.062272586777249644
0.7904192941433577
2.114471064268477
0.48073529747460453
0.48702035667959004
-2.762454114610283
0.6213399566072302
1.2867736414325799
0.2661424112756619
0.9313521203223941
0.32303651522869636
0.8792814950571088
1.0951754295753022
0.38318687829908615
0.7013525253600608
0.1349166133635511
1.2325866397275207
0.7722972881939029
1.4948681866063722
0.5047196367371256
0.5002094961759442
0.6240040347796149
1.2837076029700027
0.20960628405537163
0.39055237750111105
0.777306203944676
0.907537568377304
1.1755786171286642
0.8997705181663381
0.9915623907889137
0.9215536049554431
1.063669531888107
0.6233198962090355
0.18230919136783735
0.631364824190765
0.9323201539714446
0.8405061656990885
0.3598355295921338
0.2551787896063774
0.3387374156157432
0.827047736235189
0.9927968049558439
1.1793349968993205
0.2823167516423743
1.185671998483111
0.9947592673887812
0.9215119880982194
-0.8344348122040804
0.4412012723962311
0.9666057535787113
-6.426770181251599
1.0256655600919171
0.572376188233941
0.21118912139623403
0.9045414134964966
0.5422633761972632
0.2630123904979691
0.7127147837571044
0.07042640945598028
0.538213913027012
2.6267093974438103
0.19780091559795793
0.9866012746252234
0.2988402648719277
0.31153774105551185
1.7183896781523331
0.3195580801244366
0.5662021999599769
0.3089597825640297
0.2518685176553993
0.15997846397512136
0.5498260227464339
0.4959192629868943
0.9071367338595772
1.781659809509479
0.5707615210069845
0.10683915840839632
0.5386389650750844
0.7880489459560545
-0.03784043645682559
0.4909111373101217
0.20415975411124326
0.6300041222699716
0.39434132985405107
0.1660221110994546
0.3929513627602708
-0.16064434171570985
0.6536133902591434
1.9854614841261076
-0.006001802321976514
-0.06043489743462916
0.14995620120108963
2.7211488495585034
0.24163194291141993
0.04624098746825958
-0.9695353955587398
0.8547816245189842
0.7241563368583481
0.875216747549592
1.8053653742205609
0.7207314574526174
0.7049128986529604
0.1050401928680449
0.4326793856378102
0.9612701793043669
1.3809504731321263
0.2750301039384913
0.46707068250194467
0.47521567499856215
0.9414668305612154
0.4068827986368507
0.018724139529126622
0.19725675175699053
0.14398789586676147
0.15217035444810123
0.38802675810953224
-0.0374486683508718
0.3154832700573626
0.5927800986453516
1.724240647180894
0.6184958957194178
0.34519492527583645
-0.039656476736687686
0.4329722787190923
0.1393981049711629
-0.03992342232207859
0.5493516294155458
0.2626554964398953
0.20866754970506796
0.7419584828247743
0.9155767599885349
0.13610003717586228
0.15081880296834993
1.3511963429727947
0.01596690067260994
0.45485801921750596
0.2957011794067147
1.7420612687359984
0.010115744689514108
0.48114038005640875
-3.791572572051009
0.0924263849454135
0.7736406687903858
1.1748431737706855
0.6687616921247903
0.6681494090289151
1.068706186947969
0.5936907827447669
0.5403915064108089
0.7852813663867172
-0.4672416920873132
1.353945914058557
0.523974083374695
1.197635883422024
0.9252504395460095
0.6319442949900892
1.357065506818128
1.2760200773397177
1.0981411719558316
0.8626403133213381
0.5162210931184074
1.3289819347169154
0.9958824650190352
1.165544592132345
0.8711372548157392
0.6467413091895702
0.6963874817097724
1.1097261547337134
0.7005230621137615
0.906692902934385
0.49219970480256026
1.1153168428991136
0.8859276175289069
1.483979834597505
0.6380774639392849
1.4332010021952217
1.191869406701098
1.3333832650307298
0.12714429311098766
0.5071415701960554
0.31934239744161913
0.3524676142781644
-2.122687004124064
0.27502083311879105
0.3023995547484695
-7.948171993252214
0.5444246539384058
0.11081697097939555
0.38937763393570796
1.2691114402305492
0.7465629467533184
-0.027646370204456965
0.3750775182391722
0.8819057516221372
0.18680453640307992
1.595078199389418
0.8698445822670204
0.8068111133619973
0.3730528318543505
0.11948347329982988
1.4184393324172775
0.048352388519513234
0.7272807206993588
-0.015925463062497373
0.7834313833245186
0.8229426425777346
0.05531618441330423
0.6383895764810622
0.8713462284708512
1.538760987212405
1.25961346464749
0.014424068140319787
0.05356450695910039
0.6009219521155358
0.11850864456990062
0.4517723826723352
0.1394565501126742
0.6273311977333949
0.5758615499908334
0.7256766384984089
0.22755813852923018
0.33463819558861213
0.7964928587354874
0.9746840693006906
0.7437093216237131
0.029426253629820497
0.2513572322303266
0.9339113915746413
0.492885297817035
0.35842602834024634
-2.864634555106246
1.0591412432457934
-0.10606857322722675
0.5660100751110128
1.669248702227547
0.38989586159624595
0.386329526338453
0.20973696670114117
0.7895819847764368
0.06543951323908644
3.360448989835688
-0.08230865486285614
0.5020998965608106
0.1727971252747371
0.4039983822554028
0.6025669839043747
0.21719649810361225
0.44468639591995995
0.052539755881064666
0.6206700826126491
0.964965715519627
0.011032829444928803
-0.03431780443040138
0.9237990137358758
1.8657156996702817
1.949425307525801
-0.09277439639888338
0.4950384567687306
0.7987642500663974
0.31840331772787067
0.25535532750396034
0.12142695389793491
0.5431292228868949
0.14189739367258372
0.8918798085054331
0.6081185006837276
0.3393604374377527
0.19105663483201693
0.9549534603277201
0.2502700397938791
0.3782813702615627
0.011164119506244458
2.118456423384867
-0.12918797688934322
-0.23654707331302083
-1.8242942011281076
0.2048213966892435
1.1770935562466822
0.6763666703828894
0.70710199315823
1.296511668062532
1.5680832502773274
1.338952701587886
1.216100302459195
0.6173309939213509
-0.27066981441131077
0.6585047912411207
0.9248632326062057
1.349950097485302
0.5936591485431122
0.47206582712352557
0.7327833305559315
0.5990355294040605
0.2505760049105157
1.3288313398840874
0.8588345496507758
1.1692757141882335
1.0925844060841818
1.379385784800053
0.6573638748302068
1.0619860816904936
1.3004477640996266
0.8653468179898367
1.1527541612052918
1.3326607206343235
0.19460593957424455
1.4456760270705504
0.700814224333691
1.280855628307841
0.24713095218691913
0.7117270007356239
0.9782834641603261
0.6552749537391749
0.13025144593759774
0.725815572278682
0.6353217850198142
1.1076599336230164
-0.8264358152061463
0.24519405782497103
0.45915667784053943
-8.814154748343322
0.4645395973840606
0.2434847471547083
1.1099544566615813
1.597725493094809
0.5909652402627403
0.28422609318466374
0.05002854913184639
0.6182038929778091
1.0148259478281805
1.2721307726875855
0.4816109890012674
0.903498569932395
0.7800237991407869
1.190166026985531
0.36213303444956235
0.11887610600623918
0.46898208668140223
0.06604564033835995
0.509758176135088
0.4872416745794112
0.15629482152565474
0.18210842986014308
0.9725316835745426
1.7571012021932215
0.8525538340387971
0.2702762370617672
0.9205710994548475
0.5993696636174783
0.2917678325793927
-0.054923403978013964
0.9115475410585739
0.3708663636645813
0.6140433177681491
0.33635096818231963
0.9875402988040997
0.09859209617596054
0.9427572826461676
0.9581530826219499
8.092848647118004e-05
0.5985887036995787
0.3474929950947691
0.7218590024434557
0.7920103918608061
0.42907952774914493
-3.149064689295093
1.0043834996474308
0.15582367791148485
0.15761439232264338
0.737308506894314
0.9043212406256278
0.425572910307087
0.31669625895061
1.0821102847599124
0.8288164990313869
1.4108469165904813
0.21383910324069988
0.5389037154623226
1.0068489300905807
0.34506417960060837
1.0216551172123156
0.23380063419993205
-0.04175220478113783
0.38229973674589485
0.6243787591945461
1.0278121927782884
0.544304766780699
0.05437028952117546
0.35792471748879723
2.007653246822625
1.1089033784699716
0.7325737858225103
0.3926018686393293
0.7812696881924723
0.6793117302813209
0.6502232277836246
0.728383668776387
0.6209119223642385
-0.0785288742920209
0.6431742685568229
0.9849683565227133
0.44109344159264513
0.428375159770299
1.4088740104891135
0.18116658950203524
0.7369957547336803
0.4916989100461606
1.010004363975697
0.32897699850468426
0.45493520544692717
-2.751197632352669
0.5341569804578161
-0.26109433384778674
-0.010222317890181989
1.0074948348159412
-0.2738779402268209
-0.4143996779915979
0.1321876559216749
-0.11377435764820042
0.06378997087504065
2.4696436804871436
-0.13923173917709405
0.43015634708550887
0.0733484633425022
0.21688992013489422
1.3082570426305695
-0.49939145109878114
-0.33417762441426424
-0.4709190154430522
0.3191541597361734
0.6237668747435736
-0.3139739626738988
-0.3283111426941628
0.10347079567151117
1.8153273883654006
0.26059170801685394
-0.1339064385013431
-0.36234774416266263
0.12219261260859651
-0.28405912162833763
-0.3241214329098448
-0.3834368455850908
-0.24375726436383655
-0.39926388382208583
0.030289926273939
-0.13888357349643446
-0.3626168777200449
-0.2757981079333273
0.9114397582183476
-0.41035944937225943
-0.35897116783851946
-0.31321693957177155
9.011640227938521
-0.40532535605584535
-0.5344828702037879
6.573707875078917
0.24172528457235595
0.9633746514689018
1.1308337698364148
0.3410748474167008
1.0833590996269764
0.11552586242017622
0.11765787929748524
0.09363264167539102
0.8387783550557028
1.232002618008809
0.5189867284753992
1.1285037963439017
0.11945797422864206
0.33298665297605673
1.3087830953475241
0.578435501406914
0.15450496413466458
0.1169534754024612
0.9911269210334931
1.2673329965071893
0.6610893956134157
0.08725543820311825
0.4843226131835952
0.41524111976395417
0.8926536667166374
0.07274419428135942
0.5862511543469877
1.0400679488556968
0.5875416595980406
0.8242396297810595
0.8618010444246905
1.0113607230948862
0.5729259876736001
0.4079324778565189
0.8700806291607724
0.747746071185251
0.44606375252105945
0.531269437395777
0.07014772978401708
0.12642512629048572
0.5763718587043744
0.4873498543460254
0.5240405209101429
0.5832964782585753
-3.429958256731822
-1.916908395535586
1.7800904261285764
-0.5912470796201545
-4.048774100776207
0.9279762427279736
2.197577883709171
1.866721696552927
1.2042877568549721
1.8516511030461937
-6.7093441409542525
2.8212206707857455
-1.3328531006721454
1.6039786554634266
2.4151258178174135
-1.101225902079793
2.6710501149703454
1.1894022278306584
2.7070714167960506
2.920569480590608
2.0693510255310303
1.4201984429563608
6.831681495678973
-0.44532505428585556
-3.1737205434352984
-2.2267200897320456
0.41316270200059585
2.2173715057115797
-1.2525396827864737
3.8338898535585906
0.7903606333684537
1.4883787250274703
0.6501279902387689
3.2678017737915104
-0.4891718814268891
1.0735926589537415
5.370176366538937
1.1419895038066197
-4.719100943530374
5.379346363673435
1.876191793018084
1.8501373911057344
-8.284347184633065
1.9124116972877954
9.088431605993494
-9.556706302211378
