Architecture: combined
Number of States: 32
Parameters:
2.340424121137378
-0.43444209879427353
2.414304505147251
-0.2776853619489882
2.3170042206242494
-0.4452726161299583
2.292285278543982
-0.3455004568161185
2.354927985347684
-0.6276897198436755
2.3856082468729682
0.2301878735088359
2.1883185343477933
-0.413991857151336
2.1106196063115674
-0.15241776263533913
2.1464087471447932
0.4145485772492778
2.4565048689725635
-0.24165519637696253
1.9742769080782208
0.8117510271434372
2.4272794547382186
-4.483041676928024
2.1207276616101693
1.1532596726798814
2.613478833057477
-2.191122987966857
1.4282781107587414
0.9030189665073904
1.7411596716673539
-2.9268713000996818
-2.561800244215021
4.727638125002917
0.39318519315704686
1.0506388968158373
-0.18670758589062292
1.2112406524483217
0.1914955019306269
0.38701725973959133
0.6183248527971807
0.33711517766226207
0.33768931084896914
0.3366762819806639
0.5990810065248937
0.6592163852340117
0.19214750745307085
0.47432864888000814
0.11986447250202481
0.7050472978109079
0.6873630689447334
0.5116078765603876
0.3992560981727158
0.6835744787149476
0.16479831815462742
0.6359701684880215
0.046893997597711734
0.9158915674447973
0.09315191584647864
0.20753414467590947
0.1143889480467577
0.426837059396739
