Architecture: k-jumps
Number of States: 38
Parameters:
13.978511055523663
-13.854851021902315
12.697727954768089
-12.544469930495872
9.942952960036296
-11.619105702762718
10.572444983352423
-10.246674881235434
8.92699762609054
-9.159298558011466
4.73230694301242
-13.286381321918027
4.864779379807177
6.07345243932445
1.2047407057291837
-4.794700418341171
10.189956163325151
-11.32773207614051
-4.325141407506125
0.41366935034548563
-3.1525011687287847
-8.181758129029772
0.32193834196082566
-3.600585913705927
-7.486544928120553
0.2637445968066228
-1.2809506686964776
-11.227219359347705
0.33033533940866777
-2.2450681616115022
-9.465505914567863
-0.3637678240104931
-0.13527259330947053
-5.7880285086440635
-4.997504793700725
-5.614073710320739
-1.4347069572156388
-5.229995386005168
2.71252352907751
6.597236830192334
-3.1123800370692463
1.5326431630081714
5.702535176794402
-1.2550710444936135
-3.1329116776995316
5.4510631279481805
-0.40649635659122196
-1.4460742941671276
2.721019076639478
0.3807062026087056
-0.17297181714657117
0.7482986469742988
0.41585253714839443
0.33872320991230626
0.8033912993621094
0.9161214327457923
0.776726633685817
0.28475137555527613
0.8274746559803468
0.6648315727031534
0.5853002998812044
0.9217598211000771
0.2776326366992264
0.12625040621065306
0.18855312670516217
0.5150215192203998
0.6694040593042151
0.9501295290936491
0.1848670569976771
0.7905777682832532
0.4529732174389626
0.022125973448378498
0.7353550447500593
0.34723503768716035
0.970065300198977
0.36871254712036483
0.8413615962165084
0.5672353094788595
0.3288325887401921
0.45806505329118186
0.5330714040016409
0.5515123129072642
0.7684082450468286
0.9265601416223368
0.45379040335309817
0.5438411796257279
0.9959401195196762
0.42028559947166116
0.9891088216574385
0.13518302148622308
0.7916383187439557
0.8569314018095887
0.5856831091967148
0.1762347089921028
0.9660240507190689
0.2531625657560951
0.3358202094503808
0.7173392185812154
0.1230376922198908
0.7534683465691286
0.8580729178323496
0.8863043233532835
0.7779909736147466
0.993337537235153
0.9169655882452766
0.885079038622115
