Architecture: k-jumps
Number of States: 12
Parameters:
0.8160536321885801
0.29715402055367135
0.6405827898652197
0.7424674823664286
0.36029660812500164
0.1398567145876699
0.3665867835054901
0.5924977550219511
0.14984169672396364
0.9569822945743395
0.7754714286766612
0.3433686193883835
0.589924140028274
0.7253316342996718
0.2642690203526934
0.06020212234470568
0.590123012279289
0.23651773804827936
0.25349872267190343
0.107601908845959
0.3474298540960131
0.11410511357496322
0.5492736251353297
0.8558842058649349
0.8764503207317876
0.415962919073535
0.4404122404341291
0.1209681049528073
