Architecture: k-jumps
Number of States: 40
Parameters:
1.07898487442517
-11.748205145923018
2.8497409408734944
-10.75780513851606
3.450971578700059
-10.20347081532885
5.905398137688446
-7.967257370196351
1.5607716341083056
-11.57402023220863
1.288735173814798
-11.377216030093818
-10.389922863747614
2.562593560750353
-2.248755035429222
-9.374455073820979
5.466317527468126
-5.658407808568213
-7.135051187604513
2.091332027158876
-2.308913919907651
-7.723345295065131
0.12774701937031366
-4.078048604592784
-9.19399659338078
0.02518695981004344
-2.9323892060386063
-11.059874571915183
0.05393491437767989
-10.738734800862481
-12.857262336647622
-0.3970844452444627
-0.9766093629425616
-15.0
0.025244665492069034
-3.2581187914196885
-10.489135270998066
4.993178266405762
-3.5770972997350534
-7.555683388658948
1.2837021454375008
1.166557002764231
-9.592312393361787
7.153266244679166
-3.8829287736409617
-11.501228252732103
8.536227558547658
1.9186614490534684
-10.94737512205053
-0.6258623564113116
7.592265162193291
-5.546635878305252
0.18037521236553092
3.1777382079189547
-1.551659854675919
-0.017042975038738882
2.2043204935539484
-0.2847039547189372
0.4851136913298695
1.4229095376035372
0.6912226807967778
0.5451186011586014
0.2848883742137493
0.3223074160302266
0.8450538497084252
0.34210811333414975
0.41276125879691594
0.12642473746850266
0.7307234198399074
0.05995926131589102
0.6481792381480556
0.602973916400539
0.39223208897874023
0.9829005034692545
0.4972332961540045
0.8494751805402627
0.08472761566365473
0.6691983672974461
0.46546472924051624
0.15031614888321124
0.805250118192055
0.41702907995516275
0.0033127873128706575
0.11194507329309422
0.24130199511269557
0.23461095846782198
0.9901510225930148
0.6040045208379591
0.24311673033614678
0.8569808624816575
0.7633724727946305
0.08180441692055684
0.784283776169574
0.5836652286369728
0.9830657834846973
0.44854683118570426
0.30711301096302135
0.27309023163208057
0.6669400299796835
0.8042434857659753
0.1138095446687225
0.02300542294652186
0.5683315102071367
0.9758813571374803
0.031147448777251285
0.7390597498157918
0.1657697182725676
0.032543280255767026
0.7374947009531018
0.20607451042154723
0.582952682686236
0.9144898902099038
