Architecture: escape_chain
Number of States: 68
Parameters:
-14.750471920613633
-14.437631792799483
-14.665651903822402
-14.384288209999763
-15.0
-14.661833017068156
-6.188438591334956
-6.1882328347756586
-4.703481565756573
-4.39861234676932
-4.09327399597592
-3.366235046813721
-2.9983946654180844
-2.5322535674902156
-2.4158043716647137
-2.321318099518229
-2.4163641275655543
-2.4705214708714704
-2.942601688798534
-3.0445990422204856
-4.046573680232929
-4.026201333892062
-4.8429006098688285
-4.826425119682724
-13.910259429699117
-6.192220123757727
-13.769345560861447
-6.187898319094495
-6.184488120915377
-4.811959121333939
-4.39203545078067
-5.083805559809775
-3.671017703534164
-2.9246363107219078
-3.171926908881112
-2.6617588429195034
-2.5516016399674495
-2.1732911311322276
-1.9661209043444228
-1.8736431834154799
-1.508715481445696
-1.0489400788386616
-1.338290710180059
-1.5137042267112155
-1.2653490096456044
-1.5232424589130447
-1.1000006666574837
-0.6021114251954526
-0.8967486885461832
-0.1866953423074233
-0.3397339641799419
0.29885328144556217
0.5835953688315649
5.251203830168505
0.45741102213831375
0.801417599847476
0.5764550225227376
0.8802781564773375
0.567934767923066
0.8984932987028085
0.11841603721421523
0.055076532448004256
0.4841048732409877
0.4024079457486883
0.8166780980886749
0.2017225032624227
0.5431555909657677
