Architecture: full
Number of States: 50
Parameters:
-1.1421606911483733
2.654798510111245
0.6240469830431185
-1.2271067234788222
7.365238138617247
-1.8982246481479552
3.9489568416024197
1.8981286137935305
4.990198244555053
2.9788704312273464
0.6147872870135682
-0.2776482730146696
0.3282729498409767
-3.080102575719903
0.711748094711257
4.833079316632924
-2.87513243349446
-2.17023542178533
2.8739697313041765
3.417281630947757
0.001303046924022798
4.0684038273085115
0.974120488499152
-0.7912698446344892
-0.19160289392115354
4.02402808891299
-4.749251612054566
-1.343203426133383
-1.2029488528949908
-0.9399577039018652
3.8937242143941697
-3.1204288197980348
1.5493664417538928
13.170838995863612
0.4228489800898519
0.16119438500590183
2.942061887324408
-3.6086421385517333
3.859032249725293
0.10658492498190317
0.17759647745232032
-0.9523808621961874
-0.9920984767638332
2.47420598699906
-0.7407594795600416
-0.4362392579098162
1.7951227437255466
3.7222414744991403
-15.0
0.9237267205413155
-0.038651842152223205
0.527004872185813
0.36194916715285547
0.6173024762644699
0.9712428467609474
0.12008527975167675
0.09781978028305237
0.17086149512496035
0.28786607136193254
0.21634196109669504
0.9213502763353154
0.7349086290833556
1.0312535832192196
0.6204783493809916
0.22747015225890674
0.6267794017191238
0.1604751727231077
0.49084526933592737
0.6421300968774584
0.6914099921672795
0.5076768228369017
0.6852987247253737
-0.01520351140014555
0.26819649599230716
0.6872141634176506
1.2242654450537298
0.3866501760126112
0.45774033289733185
0.11602220888473685
0.654768980178972
0.8316430433207296
0.7454984864187224
-0.011844339528125272
0.9922748416688325
0.16559048554413658
0.3153215399164684
0.49594223477572225
0.5974619560131049
0.6335421633486484
0.887945752571863
0.8746160230599608
0.2900268445947406
0.8326847197578859
0.4100814498279672
0.022829592204010776
0.4769555833801418
0.10698316300457597
-0.33405592270279955
0.7224477413199409
0.5437020731166184
0.9082880419626984
0.15997602610236117
0.4817727984115788
0.6865468673427721
0.46182825759953305
0.8298063275963901
0.01927529799984915
0.22802929686460333
0.08392276047469696
0.0019291803280022304
0.02857973771001436
0.8731909169034259
0.7491778967633266
0.8378628901468101
0.06616358868246931
0.8672118512969115
0.7379538395085107
0.3867617153478898
0.3608482425832039
0.4170758393726297
0.6865693463103982
0.5965601058045501
0.4044575876166592
0.4714468126372702
0.2890189738122114
0.30971640653444715
0.74992339115498
0.9697510245272526
0.21644064561223303
0.3687913005230326
0.12935238927054396
0.5372616485674752
0.9771113360052113
0.3058954986621407
0.3264734365346468
0.8566819615987173
0.10517129446783405
0.49380678426295016
0.832553377385245
0.7933472993836888
0.5965427399345813
0.21787300165237716
0.6189451263516959
0.6894611003692315
0.13283951295946067
0.6230786333406415
-1.5954136287633447
0.7393684852495522
0.6987995309893803
0.5958753424991653
0.13872986321880626
0.7056663624292888
0.08927594212393485
0.43777930125659753
0.9611283709013583
0.7803594725243721
0.5548852440496662
0.3396281747719542
0.4330091730684601
0.9303890756388874
0.2873877828318217
0.8726985766514862
0.4007746732234173
0.325247933111303
0.5365164640997171
0.6072575350887238
0.4770655842307765
0.9653485054180156
0.11771219396645623
0.9503447641009731
0.9096490336330685
0.9953776629772477
0.7848692712181401
0.1573438118319239
0.10594732931105122
0.655492201380358
1.0979124463736134
0.309222091743601
0.3991367615825901
0.05683321098964613
0.2083977568663927
0.08749108839808017
1.0385183595815846
0.3964735360785263
0.4605957821259039
0.7005247046276598
0.713317935216631
0.6022071382684889
0.6790486010989671
0.42186477682205414
0.22743147765819458
1.0966964115333144
1.0881834195142064
0.9195595681357263
0.4102606777369632
-1.0859813559508438
0.5622355660592083
0.724485642373729
0.141672872611994
0.8069271017738892
0.012334679916159684
0.7114346150551123
0.23552073722171432
0.6081971596118851
0.2922212910192589
0.6788553410483558
0.4219457689781685
0.5544645914327978
0.27560019670698715
0.6959507389354859
0.21480128049477684
0.7614934949039297
0.5167348396092127
0.20198248846217276
0.8963217914840027
0.38142513543930673
0.3663228975313203
0.8948572544670846
0.5630990279452212
0.30700112296735776
0.6638479020813851
0.5610108099770731
0.7556129806930467
0.7121830030911023
0.40664983130919136
0.7704424130236055
0.045096230642840414
0.20535013270973262
0.46711892194376126
0.3213715008938432
0.12921417073727473
0.6603777877076681
0.14121059381617743
0.5949065092602478
0.12940485714821487
0.3101854331963184
1.0010766983575596
0.733663279511326
0.09790017822560058
0.6275566031998759
0.5649583859292036
0.7963276543871808
0.16708001992432084
0.5471992676558536
-0.8923734769079135
0.21435393873832886
0.80063441678428
0.7256228722176742
0.27652219635269865
1.4384164553738108
0.06277696994521922
0.5631269161739396
0.501475073128181
0.3951947687689285
1.0182789523696538
0.7500571704502795
0.8046241002616186
0.5444650656478727
0.44513750443246114
0.41709394485204226
0.2973888817439075
0.038499037508981045
0.6268832563451701
0.7030694472460999
0.8270713640904425
0.2864826565188073
0.6864118072761045
0.25424266055609823
0.22991033982063383
0.9359990085529386
0.20535830467986477
0.45275113654876115
0.9181338400900542
0.2181635248668767
0.38828149502913994
1.0115840458620575
0.6159118449940283
0.9547009540533403
0.20987428502682767
0.0845739829465922
1.1095588787879236
1.3563693366830811
0.36028440716058907
1.0102211618423966
0.686019254622386
0.6063790493535126
0.2715172331577831
0.2789563987944451
0.2896988739617039
0.47296551975471657
1.0459350315137401
0.8420070298260737
0.7305292114992207
-8.26884805099273
0.0943903695577
0.8532591689935153
0.644588361465745
0.339493196036887
0.3903341395451531
0.04833385267810545
0.017523647257484492
0.7905287902704218
0.5648893158568368
0.03247589066328194
0.10236009125349105
0.05468740752127001
0.04660579900870236
0.3019507645654649
0.36959362466256207
0.8553924449371016
0.14715618923131477
0.45205378363579135
0.40509984212495875
0.4188242730038013
0.5338186064925415
0.9914309056215352
0.20952441297222016
1.0084598783430523
0.5799396287259593
0.5897032370391312
1.1340933302018048
0.37010246004254904
0.8167175715035268
0.3503906005582458
0.9187250438019792
0.42077773129698554
0.7331113032468767
0.6342942640322949
0.9890257038340854
0.3744497765217284
0.8784265121275214
1.1155836867440525
0.25038655229990303
0.33541188240698105
0.4920532057612062
0.13687531077203574
0.9632512483308564
0.5886694806209413
1.06730964004591
0.24757736857175558
0.5559574879448814
0.8587249080837492
-0.6471154020141078
0.1857792493993087
1.052124822790888
1.0638755754075253
0.8591743515338738
1.009414011420066
0.5001316513401111
0.6911708288256229
1.0840710609945172
0.2267129616217199
0.1703288608599453
0.5270203276328749
0.9249564419279347
0.3333032371100192
0.6610131916390719
0.47210434457045536
0.6744994109857122
0.8130244785716334
0.4537688494232719
1.005900038912728
0.5806613862263389
1.1142463916293426
0.30350282767221237
0.5363730180978677
0.841527000458545
0.21037150075731034
0.955926810642405
0.04514847245179336
0.9799838098149909
0.39477786264807885
0.1935498466127496
0.8176989063260621
0.4164020345979708
0.4519175275140588
0.06572076871016769
0.15020032813460202
0.9214822939163879
0.2935269432944305
0.6091484306609689
0.3539265593230625
0.5993482335376319
1.1769099301201256
0.23475589359853702
0.6982875767415427
0.4287924527816208
0.9557927001054727
0.22252398011807403
0.11086828861198764
0.5333670972762878
-5.771425914938157
0.3374790254557841
0.33366643530040024
1.064014340799336
0.6088971397476073
0.968712790986134
0.4714069959790095
0.12936263600815073
0.0644960438627989
0.32543724264791
0.4364560943311454
0.6805179042549504
0.2780005483661002
0.7013635319830371
0.8812668801228452
0.14014767749754828
0.16465769689704726
0.9316035820127655
0.91679970279992
0.27942710120129305
0.510010978111412
0.6937389682973192
0.26954073268968826
0.9585843063773278
0.29315491984750575
1.2372712871980043
0.15245760103614
0.10545820962834909
0.6433273107807892
0.5150904350724967
0.6992627538123567
0.5915179065501857
0.5077033509303684
0.23379171672582968
0.7872547696002052
0.6654046554167158
0.1501746395835784
1.1989225282152505
0.2582508179878556
0.8494222036322654
0.43081319929518935
1.0306173911671193
0.48729826360846884
0.8510892157819111
0.8947218819182852
0.9930120978565276
1.204406811930092
0.46877367413997423
0.3349242106840699
-5.746780132526641
0.37228084233468167
0.5849839446555192
0.18219130027243413
0.6382363517290915
0.5107318986499918
0.7619715313927059
0.8967429038841497
0.5740639599380948
0.5439346728221207
0.7449134896626846
0.18114315701207898
0.3491699226996884
0.9775582262383913
0.06347039676573875
0.8426717675457293
0.7604706181795251
0.4911665253166299
0.8819864937089633
0.8229615875826697
0.7654657242115767
0.6895708990119561
0.568791139806185
0.9768904603506556
0.35371667493213993
0.27706274527056174
0.9240057977974884
0.56674438600265
0.5539966390825879
1.1093951730385645
0.1653301156778666
0.7658593461242825
0.18113011609882299
0.7605090179813592
0.08786045002175778
0.6500053235836584
0.5209847185203017
0.9477365541499732
0.042450496446177495
0.7188374548474213
-0.08228742089916673
0.6648265684731146
0.3076429686279449
0.7625785545833019
0.9558011918046916
1.1773535191887756
0.40557072855518606
0.9001602447216114
0.14219490527918632
-3.397799945855544
1.0068859956799605
0.5106145186021067
0.8960899479331135
1.0545253273392987
0.13609154469114282
0.640930297485294
0.8302815031479904
0.9516623514905836
0.7743839366749269
0.09335620657149175
0.9404311121542909
0.046979272769723274
0.6954658032793098
1.0348203608914437
0.07830474607610194
0.4628048827430067
0.6770166803005352
0.9257628248022683
0.43734803536106226
0.7979746274250531
-0.01550019406509715
0.2770574698582175
1.0142139617598653
0.8322619376455049
0.2568406607728767
0.49458391448738326
0.4868220245860934
0.14879361834954855
0.35473577413745966
0.8609629519335165
0.762309287209128
0.23989615190962588
0.6508985491240152
0.23015740815103086
0.8879015537542521
0.16993718178266798
0.33461923217613504
0.7424660175994521
0.26967291168245555
0.7220658200750939
0.350135992513214
1.028628104653738
0.42846865745975066
1.0385095276153342
0.7006019759400326
0.68419560262462
0.9124308177601116
0.772476880649077
-1.6434981428001234
0.8148510606201251
0.5206504710582083
0.5248810878133833
0.4406542554344201
0.7518268033929788
0.09632980391437343
0.38516202616057793
0.9593615042406427
0.05368645375437255
0.7865652098994286
0.62368546833333
0.6805605566594525
0.9042014922377112
0.46613547019310836
0.27724183258415286
0.19843203043472582
0.1589878312167093
1.099604727459709
0.43500832092546765
0.08587283079138561
-0.003972830910699138
0.3439369539093911
0.9111894947734087
0.5066613590622466
0.6917923972354437
0.7892864242023924
1.0069022140162438
0.34132696494113374
0.7299456194847807
0.7842402792291565
0.026926295484802056
0.312346256562665
0.5176438098238566
0.4280171770753585
0.3592273829746377
0.16478388945059524
0.5311764748609344
0.9186722952882782
0.6285927200408603
0.08005279283339
0.3800196909085877
0.8062442490576456
0.4587834705333972
0.44138296191802934
0.33406956712218516
0.5224977919755084
0.7415513838177603
0.675979888291912
-0.860401297804766
0.42804673661647535
0.17665501678011855
0.4249994625859699
0.7198279856815301
0.6914996535770871
0.465176084454293
0.11282752334546031
0.18346144197951728
-0.0033491127692869722
0.5668163171348387
0.03895628649855553
0.7990955067101365
0.29026928142272934
0.8866994837336329
0.26442589970251007
0.04773436101520032
0.2652641365901365
0.8074428692112439
0.7468236543505957
0.41721731478142865
0.49162734684471643
0.5232902597239723
0.4139803099981958
0.47291017272638575
0.8902241235157968
0.714877927575202
0.22824135077664942
0.7216744523388321
0.8260762007938006
0.5374649323953856
0.5617868517832577
0.7895594927248643
0.4990687573376467
0.7232112269116614
0.26177926788167005
0.4542095507299448
0.22350285042349513
0.2935631748721439
0.713572609254637
-0.007962051409430652
0.9850830336332824
0.9193176386453996
0.7705155298810671
0.7190164776838697
0.2988474028809053
0.2748628974311316
0.2748334336282546
0.7188624167551636
-1.2102026277213953
0.09466791395135661
0.6675960395199881
0.254338075713407
0.7349332624091769
0.447158650915948
0.4292559000222622
0.39795823884290044
0.981032289120939
0.3148349929118036
0.8090127880238243
0.12981735170483796
0.30549979606027794
0.7372024587101189
1.1166250845488759
0.6727406984593962
0.008685545284085923
0.36868967477175446
0.6537040904349822
0.03523246626158036
0.43144520407100256
0.4528890187415661
0.4512562052922263
0.5496304210388867
0.7428745420681007
0.5564857119663538
0.30799861270672296
0.09512479600489544
0.4357428082630502
0.9633710070028192
0.5528668483690984
0.7802142230567429
0.5887227347743875
0.03717272632218814
0.41190361788118485
0.31688759201782235
0.5642840091043125
0.5023376655652394
1.0397360577032646
0.4713655212370495
0.6841721257672424
0.6541745118661951
1.0022258859754445
0.24796998586315422
0.7210519660313904
0.5405080174297174
0.9139918361578752
0.44213148539335406
0.33566276586702537
-0.5433530565127356
0.2734864063160335
0.6436492200090175
0.90174522991859
0.11389289868773554
0.009171711366974533
0.5048494748969574
0.2650560058166284
0.8076649858024991
0.18852225074049436
0.5092461919246748
0.2866086110433186
0.2988340458906848
0.4440538307031774
1.1026591600351
0.07043502948373427
0.1830255294789993
1.100570210510572
0.3547887612135853
-0.055990463206547526
0.2304971203236582
0.02061135883512715
0.19031607345129903
0.06843011213650446
0.8894786314208524
0.1317427032123418
0.7230876567043315
0.6961199081121225
1.0817694218704867
0.16746687541296695
1.0562814718184204
0.707346655359087
0.5183461689453012
-0.064870897355722
0.6494299690998461
0.6581194019412763
0.5099087174192364
0.9921219216926102
1.0700057534920013
0.6284446612756697
0.877787155939192
0.8427006021060346
0.22264113126524626
0.7366915948116475
0.4301424817918913
0.5071106731882232
0.1580892948749828
0.8297814704986062
0.3451987068609111
0.5941732976231471
0.40983846635674415
0.7074843987299979
0.013347765999868963
0.6231538715390538
-0.03416310065560205
0.9651669635943263
0.24922700403495376
0.02591501098125107
0.15337925377013928
0.35458209120407846
0.1729205563062253
0.6584739079967349
0.36589753820940396
0.26329779582980695
0.6893764913267371
0.7836633636400018
1.0933562662221352
0.38425158524792485
0.14682484136483814
0.1843517473790275
0.29438384359647235
0.5330152592497845
0.014550224772889081
0.8438965142058975
0.43185925764780164
0.10795476063906383
0.3774694580050261
0.35646268201981146
0.18652606170882358
0.2479756710678415
0.37861546822953657
0.37968905953476256
0.004445439089870248
0.13183605463593434
0.9359838343585757
0.10604870109078063
0.47977483903220214
0.7683605855581962
0.15798093683176737
0.43597243905553906
0.07343166567730462
0.6984828292595273
0.6434306252888617
0.8923884698344242
0.054357756950560984
0.5809185369720857
0.7528595327470095
-0.007408928151858321
-1.2230823425748552
0.8975816790299783
0.3989473327406239
0.15476542202632307
0.06547244645722552
0.6902950742035961
0.7171412268829505
0.8023588712558996
0.9818133901557116
0.9545666012151731
0.10661700414996216
0.4092712732803521
0.5698822864268867
0.8531607767607344
0.9854846663180306
0.9005531310761203
1.0189222066003496
0.8481165419323965
0.9219015222433476
0.11009278360190092
0.20419707121215874
0.19410267370306206
0.27922595564393304
0.35722669454858746
0.34034584779785737
1.1407305640549377
0.4721117154142917
0.05040688953525465
1.099833694558619
1.1416122798432211
0.5716289452408075
0.10064616897743103
0.965167500931178
0.3598420638071472
0.8947172142386042
0.8557701506604103
0.7687681810702091
0.5561402019435615
0.05420456760194611
0.1516472858791221
0.494451595580149
0.6491111727570683
1.0608133431503906
0.5535822313517961
0.3291420441146793
0.4887873116659526
0.4042240340924837
0.7336200403523927
0.2053005936592231
-4.4512847355631076
0.5848671770295701
0.6472427642119721
0.5030627080560539
0.19807712880336734
0.6707799404752757
0.6356964546431103
0.6005227547130114
1.1487410270822884
0.6365753602254626
0.2756082078383693
0.13038061117660182
0.2847161195026375
0.6167170076000333
0.26766083657293993
0.3785527966742415
0.45736709700368094
0.14257132705477468
0.6040451911524997
0.4699194490632429
0.21639694503936605
0.39522145832580496
0.923073099548194
0.5920789878808753
0.5795493541618598
0.3292646562798071
0.4454567468746186
0.5451862086606759
0.4285294907947047
0.2245276534089561
0.6577667792849405
0.026297991462340596
1.056492698127156
0.8734556793586943
0.5165537724225733
0.07958361147625624
0.6482763930365335
0.6384067083166797
0.35209999088537625
0.4170073776087115
0.6803751762016221
0.25330165960775985
1.0082618239336636
0.16981271848739227
1.1657286509083207
0.2721223294234438
0.08409505162098295
0.5855597097308817
0.5296239611035009
-1.7817731641424328
0.8485789011546102
0.20946536925098172
0.8560757028343751
0.8184219778312023
0.107286145071859
0.31944163577510937
0.8743198905410737
0.09735821784281305
0.5895965398407396
-0.01602776439115309
0.6459930531597761
0.448696467745325
-0.007008954766109932
0.29940243742044825
0.11540967091991375
0.3765833902116797
0.6782058483265743
0.49841422277970593
0.44050718057448823
0.3454979962566749
0.34232173700233404
0.11381745392696002
0.17115690924504087
0.4902805487861602
0.5589336250906959
0.7905588213812588
1.0290289472855971
0.8620462980382294
0.8668084727307469
0.41996465172294994
0.0529934568163425
0.9062449119301501
0.7435829002876553
0.2568852101240501
0.8619785007715035
0.5991791094379135
0.6169097108553496
0.5738762395445293
0.058637107558444215
0.860227588642309
0.6295172415101509
1.0670125195897595
0.2634143119283488
0.07826215385919152
0.5173895137271176
0.389274750571959
0.9488509999141592
0.3386633670477068
-1.0226501412077376
0.6994140011297877
0.8226588469820835
0.5390327276548943
0.22375734940737685
0.21613493678049578
-0.01411223423027978
0.041259145101371644
0.5192654160287448
0.48948505901440154
0.7729091406329057
0.6189258632774697
0.7000767424718813
0.21658657782599128
0.46372016886421924
0.6378155421150525
0.8032061961956104
0.8618888497859266
0.5169595686024081
0.4784540488837792
0.8189281777489117
0.5039630538238997
0.545281793540885
0.8462526653044681
0.7237636645905215
0.6754225482787527
0.5525512027141635
0.6331456352019966
1.0912391873946201
0.624591266307993
1.0347407898465826
0.6056094178352348
1.1660079624967992
0.5557155729930644
0.06144297670067872
0.8541431208871766
0.2887464777120296
0.5175275074418919
0.8027459129902929
0.052480301332566044
0.5446778900825497
0.7273640719069243
0.29596175860223983
0.49150439961436243
0.1297007708304254
0.05503191077923996
0.622368061138331
0.85680452829696
0.5801267710592273
-0.8848988444479682
0.4513905303549635
0.7852557443842222
0.07939846116160613
0.5908363319348332
0.6055492594578507
0.512013891147927
0.2903638785549373
1.0209418948163473
0.45635780493772105
0.6904748748574617
0.47401334786984217
0.7934179983350035
0.7535467585746144
0.39606774549077955
0.394709477974028
0.5420975046990817
0.612877614186022
0.537696923793642
0.2988201020125355
0.16793330495485687
0.5910842035860221
0.4869735250275607
0.6349010871490468
0.83625311671778
0.11563080997328185
0.16513713439807567
0.738530815899777
0.8186262955748544
0.321617839581513
0.05620004828944476
0.8390288584112051
0.8624788865243322
0.3384515575590057
0.9084734340599567
0.7541816309103174
0.8615464992610542
0.37270296403544007
1.0510639387487526
-0.03737345911092782
0.2908152062865891
0.034125612159171974
0.1487580024542526
0.44067934158542477
0.7878084560068307
0.11892792692832725
0.379992518718246
0.8077378356924775
0.8906788180196424
-2.586901676577425
0.15338228641422613
0.6060322016602555
0.31175662494641276
0.8714788060696682
0.32641518829721666
-0.013484972245883802
0.0954543111044305
1.0066545899548713
0.21652326809621425
0.3370974871986831
0.7147459920126006
0.6468731402126783
0.03686481637621637
1.0551259092972742
0.446581703843371
0.6702074531082228
0.8030815618553655
0.5586687121289707
0.2608186178138243
0.5249438790495666
0.39412320563769215
0.32273560542492996
0.10147587683429717
0.18313109659105947
0.7652087043097098
0.029999201109730957
0.6060172645546348
0.7059611577929642
1.108880573061327
0.7328835833238353
0.6484626654537496
0.6000400102615152
0.8575687691508955
0.0018576407715117788
0.12212554796060171
0.9742675918047902
0.45579159148780063
0.13308398500087956
0.8765866690687508
0.18372974347720256
0.44767524113266827
0.9287250165143727
0.35043335198446457
0.6120596577665934
0.9053040518980792
0.9490706383204363
0.14779986474922602
0.6693628177005368
-1.104096733371668
0.22229263905774693
0.5204641073937547
0.7205772858680957
0.5820968867056635
0.25693595561890686
0.30639246872831527
1.173205155134728
0.6712464244263603
0.6770398767665958
0.07722329088956684
0.5334572387610087
0.24286364589267428
1.1285611900407457
0.34832458643749137
0.3880860175379706
0.5447642164153992
0.43875983770551613
0.32814288118983914
0.8884970415235875
0.7831504571126926
0.9662944408222369
0.09764068548317324
0.19203254267719183
0.5003173681256282
0.4632132704877821
0.4945088397100424
0.2635977098611557
0.7315524778461471
0.8455742910404758
1.2407793428254077
1.0386902124897424
0.7532533092734598
0.9420622238627002
0.7509884858469189
0.6717468667073871
0.18242687059114632
0.6068521966241676
1.0575663158930004
0.22440374475430666
0.16915761296956847
0.07034657222705097
0.3494245345019342
0.5463285597286768
0.8165962069793196
0.4959828728049639
1.0690491207076422
0.2682406357545463
1.2884375647376387
-7.623207103204374
0.1420607575091765
0.6225460836984952
0.4689261001606354
0.4328581721334237
0.12224070692536142
0.5109692710221002
0.8326993329797514
0.9382863632552174
0.5650792238449358
0.35097022177187975
0.08411581807851258
0.3609078557725666
0.48417675331702104
0.36772788872747675
0.6332466294916965
0.10547953855750149
0.6358068389977155
0.6884503918937611
0.9805982519010208
0.48714193963981317
0.14511842747291379
0.5419261074509938
0.19029550456446315
0.512911239751381
0.7793691304284617
0.3046507841368359
0.508531657278708
0.5985745849907127
0.6334257344149179
1.2858597913785579
0.3002286515264569
0.9825599478142749
0.0030958779801025724
0.12665764615890124
0.05581386093118688
0.9260510971041382
1.0445244996433292
0.1783330048523773
0.3575459823822009
0.2606852582618494
0.3406327912924416
0.344503933249719
0.7885337145552913
1.0694556283961156
0.6367655718127534
0.5886638771300488
0.18840458130871424
0.5118387842874172
-3.463490343643066
0.21378347171172682
0.35957476683585465
-0.001659440516301857
0.49727964747494563
0.027719084950823435
0.03319067281338837
0.24010472188354887
0.4138631861703316
0.14090916446966803
0.7699759439665892
-0.014708345029200667
0.6069141369368927
0.37179843767610665
0.4674674613268941
0.7357915657956092
0.06026361323207847
0.6509235319659814
1.0691874053758719
0.6478436298120398
0.33629792142174914
0.8319747068213589
0.144534388208205
1.025369542551277
0.9887801205604542
0.8444643806819202
0.2035074957366758
0.7503628211644296
0.32793998700141824
1.1763972677119352
0.26791278759466536
0.5346070644263666
0.5773902611367366
0.6608771021474686
-0.015049986654302447
0.8035638929506228
0.6686244741098601
1.0420224194590642
0.9178165438054416
0.7789484185813871
0.7073802818513176
0.447177067262568
0.8933039092433849
0.5718418172520173
1.0380260925059699
0.7412086093877116
0.008994926284942405
0.5160078369689369
0.5338913468432644
-1.0665992467185799
0.5198087922836727
0.5051434068282624
0.9931374807317309
0.12030256424058801
0.1341552919958746
0.6568007644489606
0.5568157072987232
0.6813779439645231
0.9831080950489433
0.15288798935739997
0.21426772430573665
0.624811798986009
0.8970470729379251
0.8285883708397358
0.8195094599678361
0.5401754240683517
0.24190034550134534
0.23146773036386661
0.6768495261712671
0.1588234852576981
0.19220581845603374
0.781916811217004
0.7658465761850913
0.971323185024858
0.03068242697315283
0.3549147750463669
0.9578132521544022
0.8935659869911076
0.360583827530482
0.9501523135413753
0.5899218574219371
1.1714951852023798
0.9072861970734203
1.0765145018752245
0.025888732916611562
0.5693582378393708
0.16211029671339874
0.8983699707302876
0.16431817627614137
0.21855941935658504
0.09296203028556593
0.6608862941963616
0.034575805949642074
0.6283876306642048
0.2508359636362825
0.9098847747171173
0.6729071182774182
0.6200467502581332
-3.2019754194534333
0.6357745717610391
0.9085506398911749
0.08872600078229857
0.2848936080699427
0.9465527069043561
0.40002279933996565
0.4633058571851083
0.9573561292352306
0.14799548801915963
0.3866331453260946
0.6854312743486898
0.7011515835077751
0.6677205768439078
0.7155109061961794
0.9347610173384966
0.05461874972193494
0.5009659145619452
0.24107808493228092
0.5703185303412956
0.5457148311181215
0.11936681197485394
0.39876687573665975
0.9723556146945543
0.6825849307721932
0.8135480945326006
0.7467797543762472
0.15681819739368955
0.2615169039406027
1.0549669348730184
0.3280165620988446
0.769640469091309
0.9937192623307674
-0.056163811036119796
0.3985824882890406
0.3981544863797092
0.7590775770278323
1.1017161893264014
0.35119499207549626
0.3387318279533212
0.9684584394926504
0.4482052977268556
1.0018864351945636
0.14862685004145626
0.12805356363536305
1.0274906318359944
0.3427611107468091
0.8919087707109647
0.41713555388136586
-2.3007295337454186
0.6023772664325598
0.11078512636151121
0.07521806020383427
0.9494414252208874
0.07647540930861721
0.6107348341577824
0.6260338316078174
0.5477657728690946
0.6089366087473297
0.545666149566217
0.3536619940854755
0.9089571184130049
0.9608172165371279
0.27382235565083285
0.08677996954092582
0.29622281964458
0.9572373435091018
0.18933104361928413
0.03601261857023336
0.5869053377572779
-0.009442095462564129
0.5460171512786592
0.641885040356765
0.020171423736865444
0.632625266375378
0.6406108644736339
0.838093380848202
0.5172801374781202
1.0774392680793765
0.3036378706426043
0.682330107330836
1.033913196840808
-0.1256889970633194
0.7422496667617047
0.8158928070003251
0.6487638275966955
0.8690782293606322
0.47946157415311974
0.05832438760975113
0.2679167022342705
0.08680336971307205
0.44587980532512617
0.4490712472926782
0.7613133903318822
0.14267667083800203
1.0064325115911739
0.2046872353699923
0.06507464181838891
-0.6376918268606403
0.5928557718847943
0.1142440948979993
0.5118973326282704
0.5867989431598337
0.15302017459702064
0.8510093319351087
0.1532555773352394
0.1692782011751469
0.5487236929911272
0.41430742824709554
0.5075246963167477
0.3571238012072285
0.628164083933603
0.5520126445261501
0.5450483755297996
0.5338655515036289
0.08379599324365182
0.0476308335668923
0.44477489263181913
0.8092456138518099
0.0018061007227368128
0.8359933485339606
0.5088793721684749
0.3747564391725878
1.1120962622617847
0.8265182756850428
1.0569284529765437
0.14090874209936527
0.324137464956764
0.9874143759611143
0.33993773058955074
0.30946862201531816
0.20100808719634988
0.6479997662761352
0.6889431777211591
0.04238531016577943
0.9904080062333179
0.7302501657263731
0.0779741969348442
0.622795210840971
0.8449169894307896
0.18330398091306221
0.13944889631361615
0.2424491178000568
0.5114378138898257
0.011645396382837373
0.37148348447892704
0.15171430195885657
-1.5631574134152613
0.2767956293921548
0.8856385399184498
0.3972963073795038
1.1024208919735214
0.5816435777507125
0.8002446961418791
0.20330055425960866
1.0575084960957088
0.7836410891108297
0.3783841898029412
0.06730378962701883
0.8685732233809336
0.7043820160350941
0.5940389829648769
0.32521943529269515
0.7502529325556848
0.3376946691029224
0.8227117418273515
0.7244708420492262
0.6830319655441404
0.15471869249053835
0.5291214220542031
0.17728159092916723
0.5058678685847149
1.050777376359434
0.10107956706946179
1.1031344132596086
0.8526039839573344
0.9444371426705868
0.9159193978858603
1.0725251523097172
0.5262866230469136
0.029737244989093765
0.6414014417955675
0.8279758492909802
0.8844619326631477
0.6919764794544205
0.15103920899359466
0.5187501463619836
0.42681408823501665
0.8613392429663304
0.19204456097934175
0.08073960653148021
0.9519117183223234
0.917121649344747
0.20054591224608528
0.8149238550134623
0.3908898124434963
-4.926840963685477
0.5977271116307574
0.8076260878589843
0.9205995064458151
1.1280779199474729
0.1799923514780429
0.7256055376927992
0.311395542358284
0.2585986501451291
0.6091644341198162
0.004833781468097862
0.7060423852125335
0.8191272351201985
0.20757996163721906
0.3065295302609098
0.7565663719489334
0.2528738142836405
0.40812922244347555
0.41220444233489245
0.07299359414257917
0.14784662485039768
0.4949251030156922
0.3688083073866878
0.510171292257494
1.0810003609338856
0.618854349018649
1.037590932067547
0.8242624801956251
0.3026570312137312
1.0855969924877582
0.1728128957750821
0.7875926584689288
0.838791444130546
0.47933678115816636
1.1895103505220723
0.15916598951669372
1.1741914475902286
1.1663720096102932
0.07203124925079413
0.9493435055998422
0.913247833186881
0.8611179547856016
0.7704646173209789
0.1770360776135592
0.1394707203145222
0.7275360340993282
0.6781259487306392
0.62531062466481
0.17064005879254157
-5.318890446585731
0.1521861727959959
0.012763968594740202
0.6835152398110457
0.8986430740807325
0.5855975235356018
0.5643185725714986
1.0427695173596132
0.4663592173273343
0.06543277916233245
0.9445272850139936
0.9076451434293288
0.45181583124917496
0.5758140696450348
0.5233423973784079
0.4238007874403965
0.6026300712274834
0.7438531452678431
0.007018496800692996
0.8966631410712681
0.6281816935129061
0.9594212289743186
0.9895762963968212
0.4982113312391112
0.2598603283159957
0.41994323092057534
0.5204262902943572
1.0465736225352187
0.5931847905941456
0.39030648421346525
0.6078450067894889
0.11422143692679339
0.21960041127285412
0.5220594641063285
0.2745075699684179
0.07932759324742923
1.0300832450546396
0.07165759686163782
0.0370575668025446
0.6301491343563589
0.7760644106751267
0.8016624474089744
0.9296530565185601
0.9429427088043933
0.8798572362377329
0.8547256709638837
-0.0029324812653201693
-0.0021442705561623343
-0.02440794377816332
-2.9576266137215605
0.8205392307346246
0.8364835164900009
0.8137947439254772
0.719810023466027
0.2665367355639878
0.646835072096611
0.6076640039379239
0.724024977758602
0.7472165656992711
0.3763639780685669
0.2578935403192445
0.6276471621937142
0.8822861646678589
0.11269104966219226
0.40948736561364746
0.3098489185974553
0.24697330367266562
0.006927987855561997
0.7515508102344196
0.22725630562814675
0.15364597949876213
0.12461114038870386
0.08525006060925489
0.7674050995165236
0.47628222057173364
0.6487961252976227
0.3614810527280507
0.451348588592408
0.6465559060649688
0.4057789111831248
0.558318521585021
1.1407334047764472
0.5188209411178667
-0.004531417329269155
0.8851120811098031
0.6140388095183769
0.7178742156330997
0.832852878702315
0.6309398657395092
0.7543154333165738
0.09948837741206838
0.641450769395098
0.852241941873426
0.613566562824695
0.3521758080412759
0.632806771071068
0.9335868693319357
0.5210393597835605
-1.267400494137918
0.3320855863906943
0.10485640337776624
0.27492642133426043
0.8067991397348099
0.7564969583200902
0.519395439642104
0.8188111815603676
0.35997591772765974
0.150176009917963
0.5193962950007681
0.4415272210793783
0.11109274834686374
0.17568304495549322
0.847973448826401
0.0963753649248808
0.25052318395910156
1.1906081983793873
0.05728780907463726
0.5653524109547937
0.21434355741248146
0.8001955577743455
0.46976676576628207
0.8379571175913886
0.042442276546303566
0.34489135556152156
0.32313836263104173
0.1495147612327939
0.026484578900889302
0.6794950157028262
0.9400884732181328
-0.0007638059792411181
0.3450880666670391
0.5285823279223525
0.4190062421720363
0.07375481027830881
0.08198798195454912
0.4085517520142407
0.48575961764212483
0.3492817077859136
0.7495106537685234
0.02361460900982914
0.5407044532152607
0.4028287523294655
1.0018020825961682
0.7741302708430782
0.6581470953613071
0.31067532607252396
0.6999164396679093
-0.7626002226166546
-0.4286874407191795
0.6631666580923332
0.8698509954286082
-0.06829860355848921
1.983570970876025
-0.16279555743299254
1.670043877141571
1.1953856775519558
0.5493074061874277
0.7077241646484858
0.23485159517161558
0.5283535512207638
0.1102015791903215
-0.6972305917792645
0.5083245478371271
1.2648367901461792
0.7630342706793378
-0.05608750628666781
0.682195099981551
0.5788945151732076
0.4544176414168537
1.1495788874807085
1.7733871414040805
0.30920044278288417
1.8871586315067408
1.1972584421171406
-0.721772208806139
0.7836556091126993
0.822896937158784
1.8757748809837043
0.8027315744510722
0.11005490199100158
0.15646745978658305
2.4354350013911183
0.6212453902162431
1.4361828705632012
2.4362336260691966
-0.5986169062160439
0.9813302493141847
0.3812778624571559
0.8915194952053083
0.6889546317990982
-0.17939891904993402
0.7021041701952451
0.756406262681334
0.23727792671954398
1.0612171456433686
0.9132096978687061
-9.00578249228957
0.8282070024046476
0.3276477462985443
0.8788283116062355
0.6700102077350808
0.10126204411220814
0.4600489210164858
0.8361542651615713
0.9954320335368817
0.01373598092916331
0.1437958062724495
0.4931936989473545
0.7781025629634108
0.040036070793258785
0.06819352461622952
0.21078134496560907
0.5460290969977923
0.14078315721478968
0.6557230409521452
0.18096800676240782
0.5594610368526691
0.38510458758300475
0.27901134896374985
0.06640561787703257
0.953268413264613
0.3538674168378966
0.7099790673046741
0.549738845514003
0.14875302909205412
0.7883414676084077
0.4842825965853374
0.4072391559504059
0.2418902577726796
0.8132041530469443
0.12592638084693103
0.3778341902524799
0.309441913216479
0.9189567838586334
0.2769093095276148
0.7518933855647176
0.6661869478827097
0.29614042841216864
0.8269294228213989
0.5371106891448914
0.9703793936997807
1.0940817919613677
0.4931877940112233
0.8946907768389324
0.7347074645912957
-0.9400438760345816
0.25692109347235514
0.8137096529834117
0.7723536770721752
0.21980699266485162
0.5973440338690907
0.4812855157606744
0.06468718615545152
0.9380413929767362
0.34086144838969
0.005307164571511941
0.3825655131782772
0.26652990028557977
0.46559591750184
0.4873352864108872
0.4864387312404969
0.2606316196683387
0.8598526371099908
0.2023359688053016
0.6616306054644779
0.9204726662845045
0.033494107852860056
0.27905476383497185
0.11344220458960548
0.5183763492305508
0.2866238368957579
0.6506224236489628
0.611195477940764
0.3213255847261033
0.5191987776719366
0.75460400453781
0.7008457946281489
0.9732889323436802
0.07852174955017223
0.32650896617322667
0.7668872054025097
1.071312139945807
0.20321450162308916
0.8089223137304661
0.5586514430588156
-0.04501039367378219
0.6588360237465097
0.2684225392213423
0.10269862210402077
0.5905914029625683
0.3633618313627665
0.41545485199206955
0.39393954872274595
0.9692164335233029
-2.29282045120364
0.6663112166186541
1.112436672968752
0.9765700779477008
0.4945637317388259
1.171884004747691
0.22130167614080104
0.4491727218149879
0.8344411196901818
0.09225042751404244
1.094380323943625
0.03583939631858773
0.6703398270299729
0.43009803634694066
0.17769581279718002
0.15882745930325962
1.1407193048721829
0.8908240721604503
0.9966020006213615
0.9664719410977203
0.668169746852525
0.8421736819511536
0.5670303695764706
0.9221725106608685
0.7716027487131397
0.7357619387420553
0.5438132741245261
1.0615769375065942
0.6038827822674667
1.2475228466790644
1.1909633831385267
0.518056115004264
0.5071474549697434
0.3966207656737421
0.861733792781305
0.9826055688502491
0.9779521755500551
0.2094558818834958
0.2597357262904454
0.22442603729526622
0.7577409105084345
0.418200382116236
0.4305971326526484
0.29763598922879553
0.5510589072194959
0.5734651553879242
0.7977837253815105
0.6005701077201715
0.3756285063559592
-6.693699313947803
0.8346652436773343
0.3889280370459494
0.04988748714611206
0.935023359224722
0.06230191337118528
0.10718139801041163
0.6939789019719758
0.13560536763195324
0.4672254330352037
0.4304982759568432
0.5779798981337699
0.1303191087480048
0.11911834636175271
0.8537172198961562
0.12206459270023928
0.735110350075472
0.8869950887512054
0.8590657633800756
0.7557756710466934
0.11719310802689471
0.07047057912422548
0.283321444096334
0.7014125230551582
0.029889501890090063
0.5683999441466975
0.32056642443177435
0.9648492260439895
0.2442498727336359
1.1727808797621069
0.831768346017389
0.5529269225725343
0.743221392809579
0.3179270907575619
0.348943162597925
0.8028067134704574
0.11661824891195897
0.31090533782968577
0.7061958260335164
0.8199016754123826
0.5797491367315555
0.812896676204023
0.6865210601417435
0.7277494872614982
0.4365025999323241
0.3402220278142682
0.5363655222937673
0.9034418738027621
0.6383560317038489
-0.38434093951104764
0.33711369104954275
0.7142719042833959
0.7797081714812908
0.06485092357992038
0.6346374216697319
0.29228112469301165
0.8262629293249528
0.5846153122887723
0.7653456779425767
0.3436280241593989
-0.019418185125973146
0.004663895942997004
0.86862690605433
0.989809914258919
0.13075271440125463
0.3644874375431788
0.1425542635908581
0.9116516093847769
0.23340269303625188
0.8357415101428612
0.5212485611461772
0.6344849071605729
0.13852369236874756
0.8679882066520402
0.07786256724435496
0.3988700416291486
0.8426957426337292
1.0594077095435765
0.6433261545100779
0.04788347162486529
0.04070212205541829
-0.0048071833604989645
0.5820465570079522
0.3498899989879216
0.5144682881749091
0.2809546672025434
0.4462989531864443
0.719650896572586
0.06472902068642969
0.7365591926336377
0.5717101855412928
0.3655900168953618
0.6919889867708129
0.06192954508057387
0.7200101822198635
0.5013166670265252
0.2393200300720045
0.27273578749213767
-2.5871428316215965
0.26922463868539054
0.29721953525243905
0.0801158479104932
0.9603885528681229
-0.05261986565208909
0.017433295260139772
0.8592512028322282
0.8245125549440196
0.8544008623804265
0.26250678687806595
0.47663937270697226
0.03168499921466078
0.32322984909946956
0.3025863229081153
0.7439277699455404
0.5889129636483831
0.735163867786833
0.5706068292248321
0.8198158972675063
0.5500134919137439
0.39097386150736424
0.8020575610988188
0.6986393939196396
0.24286018218661418
0.26513711784363114
0.705404640933969
0.6740058620399904
0.9449061415494744
0.7573649625254628
0.656417072427006
0.24901240937168825
0.40619999491878034
0.8136121248340449
0.2123364682400327
0.6448857509456664
0.432124986492054
0.5614438252200531
0.9279719733032953
0.7714548301948247
0.6643714444594365
0.35573860369177274
1.104771407093953
0.25593402142769356
0.601283040444101
0.3987893694189344
0.06504285700639176
0.9755144484261173
0.891030555567053
-1.0196083739939859
0.39700185326050647
0.7049404887798315
0.08491551553571504
0.9317144247892365
0.22640474663285942
0.7985570249872125
0.8090132310317621
0.8001616764263028
0.6754476444963013
0.6385832166668486
0.2871744456521772
0.06897609356188815
0.6478632931471066
0.44317561253623344
0.3373327452165236
0.6576916156016732
0.08373931246016074
0.5836324568152161
0.7280435304910361
0.11606047870596568
0.8450882147802441
0.22846637870769437
0.7312419419921621
0.683225024752799
1.0613881716316802
0.23984967396560988
0.4771123659754142
0.9404157290623131
0.2525645901577732
1.181849017251772
0.44073265177751014
0.999216351383794
0.22021488490900315
0.5455912303037794
0.12079075045553368
0.17699922548554395
0.1582162308947173
0.09212233612499346
0.6521227514228766
0.4777392776448116
0.5570015395951308
0.18092561668633245
0.34504393772258396
-0.0005968671999298314
0.6859606072137993
0.6324335872922162
0.03298465597991984
0.7103202354605396
-1.2873535144274248
0.07673176355979636
0.4145732538359711
0.8277189624315973
0.08414379510829995
0.12560320073113304
0.6125328899600313
0.4806717512611055
0.18315789710696204
0.2258594657224407
0.8618698868855077
0.2581975525446368
0.06645730577211421
0.010922652755283853
0.4565056758077223
0.6609419775851869
0.15559111213842086
0.15926651069928519
0.4571624536626767
0.9645713284152646
0.07667695752491224
1.0433106123173568
0.8513231750022754
1.1673264666652414
0.5617523984300038
1.000152710826979
0.9022090461211656
0.9592051534355899
0.3361772497304156
0.31951663513800294
1.1568152567666115
0.746046974590426
0.047357416726808745
0.9515770673891144
0.8645690335320586
1.042182990543444
0.6087790492080005
1.145988678502821
0.8572590273090486
0.33873940308804024
-0.016779786421798504
0.1200350283319168
0.5597165909342711
0.41349497543743363
0.6601159657662581
0.5487016547759297
1.120638392424773
0.36085273758921826
0.8115735160452049
-2.8107881222409157
0.5472842978874144
0.01721141800099172
0.614187567970546
0.9085121895609656
0.7024889214806188
0.0892193479179627
0.05397226073128292
0.4885698657767088
-0.0014546946943703514
0.21553794302703572
0.00888664494970083
0.9445967498317909
0.374989854158418
0.8111360123396861
0.3388569137018187
0.22090323395944927
0.616431787148052
0.20246888449457856
0.2628940843506878
0.4099947268169131
0.4781292686968755
0.5383054196527365
0.7787889111422138
0.20390363806999948
0.4912893902573671
0.030187583322512007
0.49739370454891363
0.4360715712974216
0.78720890155377
1.1628317944373587
0.04863425921101198
0.32596148697147137
0.43662195708916995
0.07581705691437736
0.8355216705692753
0.34060015539931593
0.4041494075910487
0.9283066498645388
0.24909341844422425
0.4224527330622663
0.34754091100768936
0.7842877069988766
0.9236963581689667
0.3516479714003794
0.4101795064526776
0.5105484806485292
0.5555917476248241
0.7669451269423634
-0.7368872294968188
1.0407300188965496
0.19715174468740954
0.1581117688733893
0.21607381905798112
0.029043051676795203
0.9886089061111141
0.6776972093850421
0.45510116836044767
-0.1055999875559144
0.14589767190613556
0.5387189886073875
0.8381319812665379
0.5218403123118024
0.1506498485403927
0.13500658071660934
0.8387255415138554
0.5196903441109982
0.37780126226229743
0.7246053714454219
0.2004014518578683
0.3870475672443124
0.8084531898086724
0.7409540207263278
0.312466501319613
0.4332859697312837
0.9878853502437197
0.05994184392479484
0.06818228388194228
-0.02140206555062197
1.149403942229919
0.6623342950043284
0.23468077527367423
0.8982571691972981
0.3275601808870802
0.8331032320401547
0.13979766104630253
0.9250026361819551
0.44143879736953406
0.7275420785784287
0.7956415130453771
0.6901319664521375
0.5174522683009503
0.9465722291582821
0.5985765577338806
0.4306407055347183
0.9008215224964178
0.13472528469180775
0.4290210937677259
-3.4867454742364408
0.5580403684897497
0.5152144453135364
0.8942817330713494
0.6634668665440996
0.5398057470328742
-2.16568607671469e-06
0.1425937478715571
0.8076298915452053
0.12068872851806993
0.11738763832874269
0.71082970669955
0.29253326434359544
0.9548812620311298
1.011078711442397
0.4023041848476175
0.569035108267273
0.9808277532421091
0.4608291176866984
0.48386686595509176
0.36730601723538725
0.7324383608648556
0.2370397994304119
0.1669449633208269
0.19745502732425593
0.19395491240728382
0.1360659695038214
1.1716974093358017
0.0837092617779331
0.549834223726819
0.711254837060567
0.6144185532910713
0.80389073675202
0.17628521656526233
0.4535027908966887
0.032424246509813945
0.048623758826598494
0.660557605567088
0.6843333986442584
0.6579557884976504
0.7806588146619544
0.45603414959439803
1.1244693079088226
0.05207017073548937
0.9616804639988948
0.8904661312345049
0.7900117164623979
0.6273959313737856
0.698580095606559
-1.604252357567159
0.7430097581300976
0.5847895446253372
0.7885846698596718
0.6493346162690206
0.7083292657216157
0.3578080185080016
0.023605238085243015
0.039538000156142644
0.7932623140303182
0.39366864479834396
0.8398665919749142
0.1828718620025229
0.7111020330136671
0.37778891646440954
0.09588434890108316
0.6392390401262733
0.1257976347689443
0.918719382817323
0.39246546930623905
0.9047777568300702
0.02835365787617851
0.46992035484582945
0.1984092235674436
0.051602643703192334
0.6366727724116147
0.029034554318907117
0.055066278091809875
0.8900358456037171
0.1310405073862128
0.566950504847232
0.7063632438511784
0.9479264122032204
-0.02122922863500744
-0.09449596578016312
0.8597439214941962
0.46312298061383267
0.7660333200886099
0.3785196735000145
0.3399118123005365
0.6516344076415713
0.5249835496371238
0.8775272566897071
0.6872839461973547
0.3006151659960229
0.8997015037316308
0.6183835719555661
0.2629509406048786
0.9499979489896577
-1.4049328500795684
0.3427442768162949
0.11253769567423857
0.506177785277888
0.9566239844831776
0.5690293924173221
1.076854686979079
0.4102593117191275
0.5147180591803848
0.4152055344324851
0.47952660432292227
0.7433791302617865
0.03827803071423791
0.5062040260950486
0.7922116390900324
0.5519504308209232
0.029506732508192815
0.3148379802324133
0.41777430818257894
0.13756092712767087
1.034523948131652
0.32308100330219636
0.1680736263246807
0.5123885737545851
0.2715186507330659
0.706866230300424
0.33512946796641535
0.314708045320198
0.7018991489478464
1.1660657501306608
-0.0041422129329496534
0.6808012803755747
0.046301916872904185
0.542616521485492
0.2154168741707466
0.8672236222520264
0.7687955606700029
0.6655355914467931
0.6940344368244487
0.59444319135835
0.2938736153779801
0.037427543593850754
0.3149970339415468
0.34057524513381515
0.5158916393757508
0.804346126552826
1.0387210615055202
0.7387009593732285
0.3214566211170236
-2.4245362118661107
-0.02258500970771471
0.4450700722243122
0.8487290153694408
0.3173716004813152
0.8307415355612144
0.16549470061184027
0.8506006900143377
0.0839556475999157
0.7045319574697414
0.5808682983535846
0.47918166398663015
0.734732662563721
0.1261553217591266
0.4360238620473673
0.835437991087525
0.0977694175978976
0.756633369264397
0.725709103262058
0.7255111027754647
0.8137128747642411
0.47232754176240893
0.5246211304288791
0.9221447415145408
0.6338152217210857
1.0100752435241585
0.6499224704018517
0.7228774678238973
0.6746052352213411
0.9677943280822259
0.5581726486899812
0.7962344305444755
0.021978646177646194
0.5446869061704345
0.4535352271526455
0.2327792490812364
0.08504140528085352
0.10893573260779643
-0.023311869543885443
0.8033106246251159
0.46827199635285854
0.9218708834907179
0.9937500757184109
0.4905825314777722
0.8944760399729398
0.30465414200226665
1.0014485834555853
0.16204586190139517
0.01066394611785447
-2.3913770641048098
