Architecture: chain
Number of States: 38
Parameters:
2.1337813594670276
2.138307019916336
2.133439659718442
2.135715668747458
2.13321655394325
2.137185432084892
2.13391701828797
2.1392610331391926
2.1372463151868804
2.1368347422589293
2.1375377045859465
2.1343445192502593
2.1362095109861836
2.1284237608697567
2.134021561320812
2.1377666180997643
2.1349848236940328
2.1438470959554334
2.1342512587353446
2.134171512862518
2.136963097973023
2.1384969463733405
2.1339535084837857
2.1352491434536387
2.1356643071600594
2.1378313682567955
2.1332266085581515
2.138585543010055
2.137879240244916
2.137786185711187
2.134042825059575
2.140439043327632
2.138233634106348
2.1412251120663117
2.138267812446533
2.1385961845278776
2.1348479745199826
