Architecture: cyclic
Number of States: 38
Parameters:
0.017022245394781588
0.4273826542449889
0.7726414219996045
0.17660030145295813
0.33844820290961064
0.5863495709171092
0.6977509513306271
0.6920716032433325
0.019514267392943596
0.2428926674950167
0.8828920539099795
0.7288189192279183
0.6970284960319304
0.05146370507686826
0.4798028270528082
0.8849921405274096
0.7327381529036767
0.7197986624164412
0.4477737777795394
0.13361738168731185
0.9823082803218348
0.6815968737510777
0.42677574920692507
0.2908324531243266
0.37299365705723153
0.3093583887453535
0.9744543599725468
0.933905609398358
0.6134452713279732
0.747708577965374
0.8907036230607088
0.2479693001417521
0.35919815319186643
0.8642867162020471
0.9531400032744182
0.3920856380953417
0.27178072382394114
