Architecture: combined
Number of States: 26
Parameters:
0.7161578705798872
-11.268299794476828
0.6527368357937601
-9.56160340206367
4.620923291238759
-7.629492445621949
0.7057728141355367
-15.0
0.7085435633855133
-10.370748638694282
0.708234525270539
-11.129176030903496
0.6690793682824274
-3.3515733452312415
0.6609886714818731
-3.81409600419514
0.6045494738070638
-2.625226017241414
0.6565280223020142
-3.6932738101110356
0.023193946384137798
-0.15388775218681738
0.24255319242981022
-7.700724416722761
0.21093775620799798
-9.91922481842288
0.2040749372742537
-7.523015645537197
0.24950533832456748
-6.5554575461292615
0.34420087149350503
-6.393810533304362
0.2510660441982285
-13.183754685010987
0.19389716993413503
-11.206366407448728
0.2014712559872881
-6.860314616567802
0.22893600010969
-8.563862852328855
0.2258287686317435
-9.146539245360406
0.19597396591397329
-10.575255540200292
0.2340282500194127
-9.300768410685697
0.2284471905350503
-8.22000888490052
6.446056264367358
-6.863627146090907
