Architecture: chain
Number of States: 26
Parameters:
-2.681291867757143
-2.5756635323822743
-2.455788254290055
-2.5624530329377717
-2.571691559166096
-2.517459134994778
-2.6133374812280965
-2.4540048880594987
-2.6947156277489297
-2.473088907960692
-2.6406270929418265
-2.4514413316114645
-2.5225706266653427
-2.4782498529547072
-2.5849065665925384
-2.6029930809299047
-2.4789334640769547
-2.450565365450809
-2.5901304682731023
-2.487387613969722
-2.454425065403199
-2.639015423300697
-2.618715228790399
-2.6597619943004167
-2.4470103468108357
