Architecture: chain
Number of States: 30
Parameters:
-3.0819866177789597
-3.2516233390339435
-3.1649798796226887
-3.301081085840904
-3.1719941783627563
-3.2077139324705004
-3.09518333566548
-3.235967427938178
-3.0733919394202935
-3.2969008301463654
-3.3542098903196007
-3.097400587542804
-3.067731669237942
-3.316507991692958
-3.0966496775952375
-3.0631542593673293
-3.340897655457659
-3.368634924723134
-3.1098067007335057
-3.0640968290847823
-3.05805220008224
-3.1206472195720285
-3.357365362317001
-3.0596617592558846
-3.0638913522787035
-3.3544951026700596
-3.0770137140221605
-3.0654365347296717
-3.2832944329019336
