Architecture: escape_chain
Number of States: 24
Parameters:
-2.9449126905316225
-2.8904180974877667
-2.8329433869995033
-2.772791345156218
-2.707803026789051
-2.6385167186331904
-2.5649053748398805
-2.4852166764490304
-2.398058559967972
-2.3018858235492976
-2.1970315074024303
-2.0795071252845205
-1.9457632399311178
-1.7917031488485342
-1.609357916510995
-1.386337430826486
-1.0989944147224733
-0.6928676122502142
3.9823245192949835e-05
10.725542618736812
0.17381401042918673
0.05397792927330265
0.3964304204877622
