Architecture: k-jumps
Number of States: 38
Parameters:
9.590032777430027
-8.988896682527283
7.231673799766799
-7.8490543156431265
5.598457150664455
-7.309211606128529
5.973666492396307
-8.700125463401486
-0.6783652346379687
7.010521286771283
-6.160129217272788
-2.163851676007248
8.677000334498409
-6.582852259102658
-3.0538731889037805
4.675822666742884
-0.8181308147157771
-6.068278805588431
2.8069293134219904
-3.348629831553144
-2.2192742965424372
0.779000962498571
-3.885641668892105
-5.210894568300325
0.7066823301267454
-3.9942423049640254
-7.938367280492863
0.5498691980369537
-2.706819480081455
-14.40485698797181
4.694519966035549
-3.6580103200512557
-8.111844623652399
0.24733410627565303
-2.211663746368161
-12.264029397392953
0.22567054104571854
-1.292889507602853
-8.85071114688628
0.17149288937906598
-6.742917149439685
-6.513769055373736
-0.6492279048303963
-0.5010079880102501
-14.999950578111305
14.684443029883127
-11.485917105195174
-10.198274540504094
14.999988733081734
-10.77936011927942
-11.681371637444391
3.6520534354526575
3.0263436218553
-7.316210784811543
2.1565538849154566
-1.3015067262747044
-2.808714345258927
0.04053241714874037
3.646893921720584
-1.309023134349333
-0.7191732849580207
2.840124650059249
0.2863134195936183
-0.33073429150800626
1.3840199991731936
0.1321377557293781
0.21046564866697876
1.177418247044662
0.006697585104840562
0.94787585374202
1.0340467122120354
0.8689284396701349
0.5322278225559316
0.9542880007094927
0.047364993111915867
0.1370672914289955
0.88294476176814
0.2642573710441095
0.12378954244416111
0.546480336903891
0.6900763618992729
0.6157830413917228
0.7636036672944367
0.3740755607987034
0.858322435663024
0.7957064914311508
0.3273547482693693
0.5099194589882222
0.47571685873390274
0.36533016263490903
0.6822758393655338
0.41060765416396694
0.13976653711206288
0.43736635705191595
0.19658443123657465
0.7654758080881578
0.5382468472807513
0.7844112719609058
0.023012422522780795
0.7976144442607987
0.5443748576061986
0.49256812486215384
0.10350134844686354
0.5628899428849401
0.820906730398321
0.5627430222192538
0.42249509523984974
0.8936215398624309
