Architecture: k-jumps
Number of States: 30
Parameters:
0.0540401667461885
0.7739524009374851
0.5715109961715688
0.8456682836252797
0.3477862767595856
0.9011828123161966
0.1147914296617748
0.2218413801576874
0.6855900816282223
0.2460190707142481
0.5301415880499053
0.05127720182601614
0.8662074621780286
0.35614583217763185
0.8737527625206201
0.03428830880014966
0.5521199381448567
0.8418446816909073
0.8223203438521601
0.991761753899606
0.2054181820323443
0.06118266615553403
0.02229831919840286
0.028640320737345237
0.589214017077482
0.7246657413075118
0.6689115779940271
0.5514762767902922
0.30327725450537335
0.15625310945648518
0.7319413357422848
0.598844176657827
0.18508920104818272
0.592016706746293
0.18709537071578664
0.8050003604639072
0.929000578583749
0.3107533022697955
0.44176352188779644
0.7571207168204667
0.5937753470058444
0.0008471928521445182
0.5678143939867065
0.9594728573671045
0.9892880134985895
0.7845718571421033
0.12261347116670529
0.8662729309572283
0.5208909852127693
0.9267385706774777
0.7464259775568488
0.37777860001049146
0.7815872550905969
0.4891149873860733
0.25599092137292356
0.3439899495290786
0.7593947086342754
0.4332662562399705
0.9442866696507236
0.21241432491107526
0.9465418734054188
0.4387418355411048
0.8188861510271055
0.310435288438736
0.9976978585932452
0.06244051643486803
0.5371252700476726
0.674932147306149
0.6827437198613517
0.494867382898304
0.32941827602846974
0.7584996894920609
0.7940898640297173
0.5771588401752829
0.6246356910271369
0.6123547505414207
0.041921086659303275
0.9152515790295666
0.9896041924575251
0.7723779187989873
0.5814434281537812
0.36705099370507066
