Architecture: escape_chain
Number of States: 52
Parameters:
-14.636862303558363
-14.141497257345558
-14.211786705414216
-14.475497572955724
-14.1350622280331
-14.134895754768971
-6.192603431530676
-6.207831673238921
-4.68961492773643
-4.393879092592112
-4.0838884434403235
-3.3586938229664054
-2.991755110771719
-2.5228952170499443
-2.4081293678745435
-2.312998210498719
-2.4054206032183476
-2.458096887270168
-2.9298094084718227
-3.031105947794284
-4.041675162443238
-4.024235398027431
-4.825994733535649
-4.811224774360888
-14.338466992318077
-6.177900602872736
-13.41244044666275
-6.233838722673915
-6.1628091280858595
-4.80153681086041
-4.382367982646881
-5.0894280199999455
-3.6567194465975206
-2.908740183707481
-3.15421498825131
-2.644143621533985
-2.5325909166200384
-2.1524469800753265
-1.942479726066419
-1.8458703889289183
-1.4746739351676759
-1.0018844002888552
-1.2791949324317056
-1.4415865380318933
-1.1717314470240892
-1.401909789638676
-0.9399402927652424
-0.34690095817559197
-0.5152284963451154
0.6928908838333914
-10.273624462468284
