Architecture: combined
Number of States: 16
Parameters:
0.4409330756176428
-15.0
6.145763195572605
-11.739651571684155
0.400851562088526
-15.0
0.4543531922334598
-15.0
4.907905909436005
-11.514759945710889
0.4360253248464165
-15.0
3.0863537450797924
-10.436876018876662
0.4477408030480168
-11.121483747064602
0.35900093931091165
-2.1474259985781874
0.36060108805835067
-6.095840863827915
-0.2672760657293521
-0.47168205276810804
-1.5795989838807796
-9.305888357790092
-1.5813511889395935
-11.5064268252704
-1.5802043305716433
-13.046476805781653
-1.5777070443341854
-15.0
