Architecture: chain
Number of States: 32
Parameters:
0.7933485710336885
0.5625178456977954
0.5911349748463651
0.7753330920691288
0.3149553206775936
0.7356871748013792
0.8901730495566682
0.2988102712221078
0.00990437648996112
0.20899349368018116
0.11620614893386705
0.35721883393393683
0.901054497292992
0.16795326436449187
0.7931433102268086
0.4041369853214888
0.6568181666866645
0.8698604052462005
0.9633445410064054
0.46997609669434526
0.48947384563668095
0.01616429385057394
0.7434216898102473
0.8334137074736253
0.20017084663932816
0.9267515436578992
0.8376029755166735
0.5663421123948752
0.4201154375299364
0.3104546077869491
0.23442365958168743
