Architecture: combined
Number of States: 48
Parameters:
0.7364090709662707
0.6378148262728002
0.5331917064755453
0.61454713892482
0.7327143304768647
0.14024602666405928
0.3804899891620753
0.13618442901742334
0.38153519305894823
0.5968611877051875
0.7129069457286025
0.19665939571959812
0.05593871497070846
0.9345194789244995
0.198400561294659
0.14027989992844037
0.49214341223604885
0.5520668889672081
0.6634349512573984
0.5787372427475262
0.7478083367954237
0.21575809333332518
0.4109526430881776
0.834129311094616
0.5389249169642063
0.9838883394508152
0.7461320656125129
0.8740351633049857
0.29034467296349853
0.5782221772998642
0.989877369047147
0.21701831014344353
0.8716757513622017
0.4510266588706747
0.6837443200220842
0.1938232478510623
0.8885900617855742
0.44194283222855735
0.13153790441674285
0.4801615158260637
0.2863170637707836
0.9699282135538754
0.4706419353815312
0.7779951138854213
0.7790175482877398
0.7352876837420693
0.21563502635927068
0.6448888056235297
0.530580435433054
0.33180793805166475
0.5643016938797382
0.031225435153329317
0.038516654862798094
0.3005764312782475
0.06736122682892032
0.2596771758188904
0.7714676346367679
0.6342475697576375
0.8635332271064045
0.7240408596935501
0.025991954312506893
0.1292032498173732
0.9490567432445299
0.617778620765892
0.20484955388199333
0.26701152334272527
0.36270671859620307
0.1331359974364419
0.38185773502413645
0.5237182299874864
0.16467519343465686
0.294947777057081
0.31807265144640995
0.6539580029694881
0.6107113935139374
0.5075450749179896
0.9175270929421012
0.35114281963218896
0.31131354769542763
0.2869153179514137
0.686996722184542
0.40967561173150946
0.22380150389705822
0.33151131171213166
0.8303006157213081
0.23698643405124953
0.2156893222967179
0.6560578965179048
0.8953115678129816
0.21582959002283997
0.25005852836114184
0.7522139532622848
0.6110584740889001
0.4501693013338588
