Architecture: k-jumps
Number of States: 42
Parameters:
0.5943392322923993
-13.196317477606927
0.6043966617880658
-12.742449536622914
5.374172092599325
-8.067996179768103
0.675495168332956
-13.99278685575889
0.6662708691349203
-14.509187938409319
0.5634944908661554
-6.88634131525581
0.6174704060013123
-3.0005586180549977
7.340673734443539
-5.2672068761126045
-6.535104249951041
0.3030923210531705
-4.29514435827533
-9.434175266091662
0.4076838242411738
-2.3486128952653607
-7.813159155819355
4.9042766244225255
-1.9943672902986753
-6.784223130221777
0.15689957055940482
-1.138919316129459
-12.671149185562193
8.84296803513535
-7.163674282193819
-4.578379287362271
-0.07577810009305765
-0.44784237643401154
-10.948149513782194
0.30028264314139064
-2.248209530123804
-9.038363038298769
4.765769358796565
-2.8659657755057744
-7.655844724480322
6.528923050135712
-1.2103499130582853
-6.362941925500468
0.11523761197100636
4.085741708471559
-6.5385229313391555
0.35755052832773204
4.2246659477716415
-2.9177130828284525
-0.20255811880714458
2.5745196918605724
-1.254413302108221
0.36846588015461124
1.0790342920991118
0.1612947517989219
0.36883585137540364
1.1986148869288513
0.005747768482624758
0.5580373828784053
0.3389350105770759
0.43198290978803383
0.7532373619831759
0.7637451760467168
0.700260398445215
0.9403203139144584
0.7923464025655456
0.7499450043193349
0.15930103855242722
0.847827456984999
0.5172348730884488
0.29386085397945205
0.17214232934626506
0.8803023083995283
0.7397999229663244
0.25986839653163246
0.7576049028247378
0.28984067086956633
0.3832027768278974
0.6883924112483979
0.06412407175535895
0.136537995131486
0.7904202992372195
0.8016930770781736
0.9741758012495433
0.08029889031963333
0.14505022984381033
0.23430655617178386
0.44249141421958227
0.5364099644146963
0.22294424986297412
0.5391406386822694
0.6677364826771133
0.823799334503523
0.22589425370309135
0.639008962200018
0.4946127980158137
0.07489366121066832
0.7773388254663399
0.05418399815917363
0.7998232905608254
0.0936633482248187
0.09989829176178466
0.2019770007724867
0.49667950796748006
0.8867536495867707
0.12998939076835614
0.5663159598939345
0.9762407381932753
0.3633164795473769
0.9797120949019381
0.9879631969948758
0.5892018420264495
0.9061801724925259
0.10320342566917062
0.23764239879005722
