Architecture: k-jumps
Number of States: 22
Parameters:
0.23451963700391099
0.5179538890203211
0.9227621215360827
0.6215001954477027
0.39671655125073235
0.47866808373623293
0.15082898842797576
0.642335435575847
0.8300756614500147
0.33563437326585177
0.2825629669061449
0.10403752823705681
0.017999754087546393
0.25909535881306145
0.29859200945227615
0.9668752035355759
0.5623709561929204
0.0334485153641203
0.20525302236291432
0.3720337766699344
0.8799495670044029
0.6815182069912513
0.27052275509139
0.5530822605676741
0.30525486567984395
0.8039162354108562
0.0787337730201697
0.41157227411123487
0.29029402525380577
0.4036686420598735
0.671898158838316
0.6704506591338097
0.6491150792356929
0.25376270353580643
0.9873481644403349
0.8698827442420823
0.8571229757143353
0.06135093487759291
0.5284539775007568
0.35454673467729547
0.050071535425498914
0.07542587337969442
0.8404202750087144
0.8857184886876733
0.7814098848622454
0.3386916617808272
0.9395223122910807
0.9320757422416661
0.8575734585540351
0.040807568046052234
0.9351186859817832
0.4898707449154227
0.036645829665309715
0.7599445893890013
0.28262620515596093
0.14605087329645305
0.7289520085771526
0.4211927652109103
