Architecture: k-jumps
Number of States: 50
Parameters:
13.174791750516974
-14.070449557611804
10.52463675555979
-11.087463927928955
9.49481313752237
-10.563976414502633
8.881142873174435
-11.159885358370257
8.68935962296967
-12.53503803936901
7.515680350975784
-15.0
6.668787929933211
-14.999996855082726
-0.046386163842337194
-15.0
-10.03760567369573
-0.08209058930794925
-3.7080873214283496
-9.663774377152487
-0.04798042559249839
-3.1618012521765717
-8.673128262888635
-0.015883147097379542
-14.99999253908176
-8.39859931514876
-0.8980836230358044
-0.5441115941894394
-7.159651048289204
10.317555077938222
-11.574187339773083
-2.8451288100435743
-4.67169684234637
-12.280927782404376
-1.6481988751776173
-9.703029377391907
5.609282241134528
9.269352860523144
-4.899146193278438
7.289035071568371
2.186065947962016
-1.4326712046674444
0.1373751937012348
2.59368881922969
0.185450090646945
-0.11801248233703572
1.904284182627747
0.12319491378581214
-0.11283723561313273
0.644562307910707
0.16395530766561367
0.4373175347537777
0.4503238014313425
0.8976321779944214
0.616751718506456
0.5461903269468431
0.2785318534464444
0.7656022723961868
0.94293589095477
0.8200775773671938
0.632798256950342
0.2442587720634245
0.4204624061997349
0.3787324282736085
0.4615081981560163
0.694199406389723
0.7199485956153596
0.5618426557401814
0.2365436025022121
0.23258784165849794
0.9731610134995625
0.22845369141145772
0.8489814092175789
0.8460902350913307
0.3595265779861416
0.4087663436106923
0.570538905392134
0.6420581629514968
0.6681013721565714
0.16937219515553628
0.12899765232130245
0.9902372260283736
0.7181056859133836
0.8502289502109056
0.6729493615685537
0.3898484075233095
0.91647586410072
0.9131805487945442
0.06735908398585078
0.36731573796980965
0.36529370930482763
0.6198201109489686
0.19333594914890073
0.4957301841158469
0.07284700968825153
0.8670824847905628
0.059686555879419845
0.5116508022482447
0.14148190800068894
0.7795251437590607
0.2255959884531885
0.2304676936238078
0.48368993131107363
0.9919903800783807
0.38948770785112585
0.27710490932080867
0.9227446751317463
0.948038934507899
0.42185287215839373
0.7813279140126127
0.09632655815314428
0.11067858549201037
0.42634592306544183
0.7780724788162512
0.7820983194092959
0.2112167373599978
0.2655081251381253
0.7401562663271158
0.6459041769602331
0.5843865174283046
0.6990506480731818
0.8372323772714816
0.5509593355441533
0.11845805939101339
0.8717192900329401
0.32390296313114086
0.14645259240863007
0.5729193835874179
0.12861923646670037
0.21802293832627373
0.5226577710109955
0.3632560871479994
0.9906737730536521
0.803592072420508
0.7144205609624736
0.7930265299967726
0.5164499923746164
0.058314830868979595
0.8611762560305681
0.4467947784627778
