Architecture: full
Number of States: 30
Parameters:
-11.499140175779441
11.950364315561082
5.939834659080928
-11.917966777719645
9.042217188313408
6.848181397324355
13.81766227519819
-13.5536528963086
-14.715682996178229
11.064918594799076
6.4749228308490885
-12.645855798099676
-6.010861358805579
-7.292343479640277
-14.681347702801277
14.936322012899835
6.795909761775962
13.532219767759004
-7.284805040057368
-8.540837159599121
-13.888330251577443
-9.72018549078044
-7.030196283999206
13.592930283270181
-6.641091037250185
7.872432183367517
13.938007029122735
-15.0
-15.0
1.7744827427666092
-4.09189530398964
-2.62319414783317
-4.622266223913549
-3.9937089539742274
-0.7045129888163797
1.2476672085913256
4.260926748955968
-2.6095822927328065
-3.014137527533592
-3.1309789384609803
-4.287605431149112
4.784442409495782
5.699515544703138
-1.3456790399258372
-4.260214308133202
-6.878890993262168
-1.0240438597623847
3.4035208972020716
-1.0610878650290325
2.4519011065652525
-0.7405940331384447
9.122092832517833
-3.0546497294892982
3.959056305172349
-4.535201486259295
0.7767274196959524
-4.093461542192826
4.928565607455531
-5.174647585388675
9.634667280925862
11.509512311137204
-3.780448976043249
13.139191344277934
11.799417820299125
14.590212302633539
12.048264529578043
-11.951374537590999
10.160999375193754
11.846086682072334
-2.1717504121310003
-9.242279172742263
-0.9991262978875501
-8.007271318298118
14.272441740586476
11.728589154651301
14.122207546103615
-4.231150225757596
-7.280862684851867
11.800021772564186
-11.365108485940006
-12.24540318457471
12.942002438890496
-11.27405931651935
11.854406266564808
9.450119559701271
-12.084260809336213
-6.536344389494809
1.2184689885446058
-0.6527753660865128
2.4722279571759254
-1.524672177001317
-0.472387727745252
5.171702090205149
0.20883865417643574
6.471476480364617
-8.322272790333162
2.4659250613913084
2.851420739723427
-1.4043397629363423
4.696918151836187
2.296684652194802
-1.0014679872674597
-2.917007770639229
-0.5800736296081587
7.701276821990752
4.888659151118144
0.8474051519321179
4.20997640226809
-2.565784386269045
1.0572430027365722
-0.14037607657361215
-1.2879310018285495
-3.8639038965408954
7.2821499633285764
-5.532447411726873
-14.087126490394496
2.557091506582698
-9.37565276059795
-2.2029482389654627
-5.830398856213661
-4.770028811496944
0.40299140245081067
-0.5188044069756148
0.3712059642666367
-8.352204580509916
-4.732468595435805
-2.43136693488964
-2.2977058265099157
4.758441182833604
3.831035645545369
0.8899705117414467
-5.1378147591927
-2.8692143742802108
2.6648685184408563
4.796665546681795
0.6431836693572682
4.080958698554661
1.0357172693282946
3.5800741499434348
-3.9147897420842637
6.466310285014687
-4.156451831296194
0.3172936670439046
-3.8229624621079026
1.3247678541967856
-3.3256448605004865
11.562167269742753
11.698385321985718
-5.637112845287823
10.767463957087406
10.035808504416634
14.012447211509127
2.765583416954498
-10.570035756666647
12.37783617247228
9.971848946858417
-4.119060328324835
-8.083663866646065
-3.2889801277056696
-11.353567680022374
13.045287627690017
11.975021778244708
12.478928139484614
-1.6108983806947188
-6.285409158100071
6.6377704071331065
-11.372297515786112
-9.609285859167375
9.435007699338462
-7.251860408747116
10.802280432830463
8.536036556655752
-11.379251557288978
-6.175770709072
2.466480866485537
5.395220452100141
5.984073096619591
0.09919576577437911
14.099530182596684
11.555074008113055
13.19890348639287
8.123287292948001
-5.394549495090736
9.98647552117273
5.474811988599724
2.7089649306423005
-0.17481215372031664
1.076880517452957
-1.6305064135844516
3.4654917221960617
4.840388625609029
12.206191648850305
1.9074901692664707
-1.92557487233574
6.406156490515509
-3.357496849960047
-1.32843573669783
3.7996844234473577
-0.8622384801044503
6.62278043434137
7.780980104957733
-5.772729275114266
-5.420087051953983
0.7985729456404016
-1.5540473536769122
3.5497443547709104
-4.997612370452643
-1.2292025092011338
12.963939146438268
4.35719443527837
5.520890576680921
-6.074661289249955
0.8407144752978988
3.6912672195502996
-1.2086593261323089
-1.1240730659289384
1.604971602002092
-4.82316241902124
1.5756054208901347
-3.4356550613936077
9.084334112805243
2.6684532623094883
-1.4420518423240518
1.8620970448900545
-4.287536447257827
1.974769393263061
-0.14300803700704895
-0.7775546246625413
-0.8003148270895724
5.097519078768492
-6.156691890371476
-14.501320910157471
2.3891362912096894
-5.479204944298193
2.1908295106569415
-4.509686572807126
-2.0173302343297754
3.577995223619924
1.307019102035831
1.788360281593713
-4.723216336506852
-0.5282703011017644
-1.5081752245311362
-4.108205576538897
0.04642963944844189
2.743078912413462
-1.5835898306694096
-1.9630059772489616
-3.353918231513568
-0.5003103650485357
-0.029922296411183054
-1.1230181366771843
5.287639819859492
-0.7565158931735578
3.109812029306065
-2.9612502506485354
0.6436773738338716
-1.759228561414878
2.876243892723599
-3.3290486404501016
-10.722383417243575
4.479684860978532
-9.233176073990329
0.013980917338854447
-4.66807564221471
-3.3637850826712143
0.9620631017427292
3.9691991535617417
3.628757417168635
-6.056210071368835
-6.200527892198424
-2.713833217827143
-2.1662309268548796
3.1914496768862417
5.193322912482879
0.1159868704718771
-8.836010162953167
-4.7262072718865795
4.108205485661892
11.76684434367331
1.8149291211218137
5.933273947040943
2.7335039642693633
4.007786991095637
-6.092593867194279
4.894978438336885
-10.762658866998457
2.2057571526133755
-3.5064852555391757
2.5145236275414913
-3.51067048669329
13.632268177211301
12.55539208769387
-1.5608991224484317
11.6831124937066
14.19154794237763
6.7549414772390355
8.63013508868611
-11.752449601511042
14.455203323398717
11.314089347159003
-1.8875461278397572
-9.548723824363005
-2.763423866447898
-7.7939925129945244
11.821189055479497
11.197759460988026
8.201211108744745
-2.1136733991512444
-5.348520658633269
11.658012985122227
-10.575263696701295
-11.386821540852655
8.799845237861343
-8.999726157335095
3.5535569353696443
13.016165083648824
-12.069660626946328
-7.0159074877012015
4.634348589640209
1.9263646553188887
4.4634692587455005
-1.8160746701905324
3.880573509630284
12.197668197019922
5.611643862346058
4.875031696114753
-2.9729612130282965
4.443478368909691
3.2562621251711152
0.38238354419238385
1.610625546263751
3.1496080227013987
-0.4717374451127069
2.695497803659111
4.268709048422024
8.292494261762322
2.6902635892065834
0.41796787273904284
5.979064413684142
-2.8242065236668843
-1.561910340106961
2.571256817379652
-0.7386959326761042
5.149313457401968
9.863451666823243
-5.910151554929584
-8.319589293105166
0.7381306605680157
-7.963473426678289
-0.9353504036598149
-4.655822713749786
-3.1639129728513637
1.8314248745087227
1.6381035100661243
5.6717083332704
-10.874103921658325
-4.926185374154171
-2.900961013384319
-3.736695853903502
5.536883235231676
7.037874545476231
0.8851886304476456
-4.01140649428178
-4.115225487847999
5.1423841274130755
7.461519891169944
-0.7957269341828496
8.60442216935326
2.4998021310992162
4.280002376308484
-3.3601462202829846
0.04312502084598762
-3.4930751032762446
0.9944664555817773
-3.4323366903507617
-4.152598758664796
11.488649112908156
-11.537256295815176
-0.6523869171196877
-7.890190576516321
-6.814660604339543
3.1563819218430984
-0.747598640840247
1.5291743796687371
-4.704552116141676
-3.4644317236460322
-1.0544592080521222
0.07448931012996114
6.527898698591092
7.83615296080223
1.4799515444857492
-7.377569132298774
-4.555420930273707
3.154086304280826
6.797078216503899
2.4188616234851907
5.939933072640859
3.6441639452169645
3.9946443748990332
-3.7412094243426215
8.83153759226246
-2.495822254479239
-0.3482347424617528
-3.5536249216678186
4.8173733753236725
5.33324128069247
-9.14280341294547
0.40743630266102093
-4.4495816350936614
-5.718673952119785
-0.03439039073199497
0.2869280735906771
3.161498089964738
-4.2193509135425105
-4.286079850097884
-1.919654780559277
-2.000159943734212
4.12183383784145
9.333418201902028
1.0795627855712338
-5.405624045714252
-3.5465609549188715
3.7718352128233827
4.689671513695718
-0.4863679077419502
3.712384765795095
3.652460370692174
10.874180022968748
-6.795366595205389
5.7640654824008255
-5.088022096326397
1.4992927094421342
0.33978712324357996
-3.771482142165507
1.0584662097258273
-8.113853480910135
-3.0530875220829268
-5.945566250187942
-8.847472531390817
-0.15833379163780514
-1.294568488448965
2.076605495457778
-6.365367932135012
-7.32128608562479
-3.512808485521626
-3.110616475426875
0.9518877337606874
9.588596011842828
0.08104808825684609
-5.214069011207531
-3.265431898536421
0.0688080023675238
2.557211753575722
-0.5418166427665718
5.383641270005729
-0.5049010321321704
3.650759361794584
-9.247778350668193
4.498371235310779
-4.958079575407901
-0.025118580643703845
-2.2917309976642546
4.589940080301432
-6.224412278912794
12.368826389197352
12.0347163122354
-8.843336480300668
14.094810983521318
14.338261978716465
12.594592762098497
12.620539622170318
-12.383413514426742
12.105574590367851
11.892843252656304
-3.6974471911398252
-13.561139133978987
-5.716541041761093
-11.51305048781331
15.0
14.75578459412963
13.684985081944028
-4.862908384497376
-11.414690993387834
12.787258488915327
-13.604395033798458
-14.545350466700976
12.936218520932192
-12.074024870601793
11.760005465303033
14.033523953378163
-13.14327384073695
-9.130706202751345
-0.09707095443470073
4.902748313312188
3.388160257225782
-5.626859649444673
7.380099111334112
7.922542035147784
5.375211162193832
5.634153195207034
-7.282590660978441
5.031961742979121
3.039081059462068
-1.4045327382607657
-0.10987406458024182
3.2936892260571695
-3.8896193930029086
4.803407526335173
5.642884603010276
6.074517832638409
2.4972005821524164
-0.8699481350284545
6.246427418359193
-5.465567686032854
-1.1729878680575627
0.2048519441514807
-1.0957786414854693
4.867204602685013
11.294401586672366
-7.825905928290285
-9.848264259849243
-0.3828631193442869
0.14984581869772792
4.005904630759227
-2.5774197617274104
0.7653756702082612
8.176341399715033
5.41895994611817
1.6385368141514411
-3.3961731333396523
0.8979958280620923
2.1323856088468336
-0.9611635172405742
1.6676797954172842
3.45893570256447
-0.06006812675893056
-0.3637630443494771
-0.37460188084013213
3.826825885246053
3.3649387220628175
-0.3160798432705489
3.611108403608247
-2.202059018065145
1.7958997764416775
0.31404489409548647
0.7921097812266843
0.4221777166264144
5.507328097246202
-6.8425666392816415
-14.0428945253869
3.548881905156004
-4.178240380610199
-0.04053268545912251
-1.6513990671189083
-3.79722571807605
5.2206131324660285
0.9236325232101916
5.411407710324465
-3.48730662844191
-3.0553241253454444
-0.4448645879715631
-1.3428906881637084
2.7927860542891816
5.964158355538347
3.2640018155619783
-6.109556596643434
-4.096061011685464
4.0397244139711095
7.467100612361647
2.193028382580948
3.2403769074813904
-0.15631931322539672
3.3679295126875157
-7.783638693974841
4.507771711784212
-5.17087295255151
0.16504165997055567
-1.9429194454815204
0.4109586339923348
0.8149662382150101
-7.922525850463982
-2.5480424579129997
-7.321960182271567
-1.8865028904335137
0.13595566280296653
0.3970546677939027
8.05042622722652
-6.3359281242326135
-5.321195316096431
-5.579628480165845
-0.5883277720051211
6.12949689535736
8.1809836035617
-0.04769577375593001
-10.826569494069346
-5.7032808965468
1.4311578386152966
2.453099173900191
1.8635701180513102
2.589076522658908
2.1828763345674864
5.13632287577726
-7.670437021486747
7.352213620513709
-4.888727482162387
3.672883733600648
-2.5837170960413425
5.887336742250094
1.928858553040494
-4.323298110620917
-0.4196152694982878
-4.785507765413236
-1.7960641119835805
6.543981923219093
3.5114421469788137
2.6326312161638366
-5.5321342284562665
-0.006117496446175749
0.08895523177062052
1.0886804146019136
4.580890735608223
3.2575095398714122
1.4914882902917854
-2.4305921243373487
0.04161507707165665
6.884158740182026
3.3709818806220007
-1.4817280680609695
2.4906074123382727
-1.8180666792146492
7.309982590885199
-2.0912720396322495
1.2414096736617868
-1.246729380894561
2.2419790369815193
-7.119366335635435
-11.509220487294266
3.369287808189137
-7.31152599618734
-2.6805730999801325
-9.40294002343205
-5.986859804998257
0.3858455387096415
-1.3217607870867183
8.454455202015504
-4.248575474088444
-8.98038855321044
-3.1786483568641586
-3.720375807511179
4.5054457489604145
2.9650308493205593
-0.6382589028348983
-10.404626613266998
-4.525403145779356
-0.9125670968603012
4.618091105665927
3.061834427888324
2.0645559089707533
2.4949980585584877
1.874800040188993
-5.122714353161636
3.53136715862275
-6.579173722070631
1.480949280162931
-1.5802330892878471
7.99264544998697
2.6599986995310294
-3.7157825063338175
-0.2645830067229539
-7.568837714255256
-8.368473172212505
0.11719524933516562
-0.0009333591315582521
4.958589705311995
-6.409536248243166
-3.558541450228969
-2.5451398892228103
-1.736214723674908
11.694788531279634
7.2620367413863685
1.1980354945379792
-4.943557088646606
-3.436751211869965
2.279247604798207
3.911510707588477
2.9273505821971337
0.9085526843029459
2.1027767812616505
12.483232787433613
-5.082319924511259
2.7258088824258406
-7.799886193210673
-0.1400600066642459
-3.9175253341043503
-9.719143364251458
-0.05705807079062586
-1.4668172409346965
5.235484048740561
-4.607231219653215
2.419425804806381
11.765615350966353
2.9063032394344734
4.08561887859204
-6.134339694454002
2.031033812098083
1.17636793198345
-0.049638339222459985
0.3911650677567176
3.601297248378711
-2.159085430980273
2.820205328705012
0.5590942401511068
7.314287159817612
3.562368113694692
-0.38924073974630485
7.235600433559343
-1.375721249455996
0.4136672393072676
0.24890860875540466
0.42004174800829236
0.4105529043496628
3.749979744438692
-9.376256682918198
-14.312272007627334
2.9217423348839056
-10.5747847811412
-1.7032296599398542
-6.0770706405079435
-6.20616566811076
3.1954905694886215
-0.26399754641286877
3.057898965084459
-5.088087271336415
-5.859212558361217
-7.662407617826962
-3.8314088268161695
6.463973672961815
6.489998372655164
-2.2542184724750998
-10.145127939608642
-6.625503610820132
2.1339612236858216
1.9924136699445039
3.006890105766196
5.60813400287717
3.2953118544890247
4.539449505088908
-9.434342744097552
3.3291128779311507
-5.418676742524747
0.1851650871076999
-1.7955000131344163
4.551663444177697
2.1994204273206663
1.4629335226616704
4.251130898156246
-2.7547926189091703
0.23970062577542872
6.9023294834097255
6.378278421485156
4.719528570389067
-7.697912052360569
4.811272817252026
3.519834180396024
-1.4927428239901745
-0.6349501595172236
3.7574025666686626
-3.419349502950413
-0.5602028228097796
2.278010275400613
7.711099696363581
4.409256265733999
1.1969075129237274
8.228189568503682
-1.8353949270155234
-0.5649332701455936
3.666861211305292
1.3127197384232017
1.5755097412026338
5.729120789452659
-3.7653067209647055
-12.78225500547177
0.6643050605636908
2.493574818694788
7.095916922557694
-0.7287799286740918
2.061356580953403
5.01468675365516
5.904194043331894
4.359214997845305
-4.960734448346396
7.652675664095252
6.092533455685936
2.4584157488013467
2.215277842443378
7.11963626878704
-0.7436335683040391
1.8174038665397045
3.902318689866635
8.790312763455212
2.196187684056141
0.689867427915033
6.916017141203095
0.19696657421539726
1.6512775353679598
3.9849804768798873
0.3825185440877166
4.7002315237201255
3.582761875874347
-2.5990859724408946
-13.587657369619643
6.252672583854057
-6.423020041309682
-0.3141402499189764
-7.152155991915658
-6.337395514647348
2.3972470733416236
1.1491779145039314
6.276497882680249
-6.992682345392536
-8.422451474598681
-0.873869815926695
-2.004335662829627
8.975767769981967
11.546735434467575
2.8838570677645974
-7.75152530098274
-7.871826651950088
3.217518649745376
7.6687318757401135
5.805177268499622
3.3370761713658466
2.528826987433963
12.003416752911306
-7.957717151468763
5.351377568983752
-2.1834023607724036
0.29311789139171507
0.295996352319794
2.355518039420731
