Architecture: combined
Number of States: 18
Parameters:
14.800586838290426
-15.0
14.791184292805912
-15.0
12.789760435369312
-15.0
-0.2931643892870309
-15.0
-0.2958027956402206
-4.492430014253457
0.5415273435837821
-9.218785538446712
6.600840558446314
-10.851345899338124
6.5878802913374725
-10.83951016246701
6.353225720494486
-6.455027387004767
0.5698000240898564
-1.9189414646829226
2.280194619697837
-6.652380354061834
0.5119849349534226
-5.643841918002353
0.11904176715166517
-0.4983009722704128
0.4378921777217101
-1.4035950801870591
0.49052612230377524
-6.056700435527509
0.47127576099394136
-6.6355573476359995
4.525379253759822
-6.819546800352882
