Architecture: combined
Number of States: 28
Parameters:
14.994679243389838
-15.0
14.993973073710045
-15.0
14.993977039278004
-15.0
14.999734882087752
-15.0
6.777612188464835
-10.8431980133727
6.651472978337909
-8.320571166639485
-0.1469931789059811
-5.109310518192209
-0.16996783708238444
-4.1316662618818265
4.985540590559162
-5.718827300840693
7.212131149169738
-9.26811110757105
3.9630770693974555
1.003896679177598
4.692049901491588
-4.603072672737477
3.1064862139020315
0.021467284007500108
3.3168963481080587
1.479551452472851
4.089221472014297
-3.976623604405054
1.1584954582219007
0.17306734168183166
3.592171021474556
-3.3649329837206254
4.321888649852076
-1.1207926594967461
2.04434267593297
2.0826565606197622
2.3606527947563385
-4.959948296193111
1.6870803231368379
-2.3727540166457572
-0.6477913721990356
0.11264062836022225
-1.1672298017615383
2.5353671270238203
-0.46272087070557855
1.2136354368173299
-0.5525192094385114
0.9701595759698727
0.40065477317515436
0.5651059823092587
1.2863975304526687
0.3726108018156312
