Architecture: combined
Number of States: 26
Parameters:
1.8303925296392318
-1.0065214792481665
1.8512885885827943
-1.0379677290781182
1.8312834288856032
-0.8918081604526662
1.784734141410083
-0.6091881490401624
1.819930692331817
-1.0905610568423307
1.8437359961663216
-0.6965450814275931
1.7669422006347026
-0.45525522034218213
1.7435762345305736
-0.14409257486884697
1.4836861386068605
-5.334024191577872
1.2036294028763825
0.5201893990537239
1.7703544665071953
-5.265259876572207
1.7899339057023718
-0.7014153904806988
1.2128464555719705
0.9894592684886518
2.0809636024377713
-3.1921584787408057
2.81118540571212
-1.1225217003221724
-2.120415156372319
4.169064184870038
-0.4659207933644586
1.837763831072448
0.3974226455996924
0.5915387509877071
-0.032930820641007406
0.2001883620545007
0.8688286498627356
0.5606048713630908
0.33114255896638045
0.7296908616542853
0.1832038022501773
0.4545669874124394
0.7043832491187538
0.6410098807197443
0.13993182971828155
0.7739506320781934
0.0417278192521624
0.8151571616208718
