Architecture: escape_chain
Number of States: 48
Parameters:
-15.0
-15.0
-13.878348688052368
-15.0
-15.0
-15.0
-5.517157515864966
-6.236029231104656
-5.105250633668744
-5.096100912544658
-4.233340408698071
-4.38489490780743
-3.9525254277291433
-3.060055060329063
-3.063804572241476
-2.621886578432857
-2.3135881128306495
-2.482825578532727
-2.0872515215343372
-1.6258070846898929
-1.8101175742052624
-1.7748236946373257
-1.3736448902882097
-1.157104721938757
-0.8174264419192823
-0.7921554203263268
-1.7247089759392078
-0.4989884284118741
-0.28639136309199154
0.002568500958517108
0.008413671486479953
-0.0063398431020367
-8.761088548943507
-8.76598854275007
8.651235208094002
0.7532923239678093
0.6213898694309898
0.4956024349307615
0.15708712726402752
0.1255551494773025
0.18681031271273174
0.5693929318114109
0.3704117785860589
0.6715330688861938
0.6495157901455355
0.12753039057708537
0.1219239426611114
