Architecture: k-jumps
Number of States: 30
Parameters:
12.47408232863
-12.202602653229842
11.010526925963118
-11.189396127873984
11.258305269366005
-11.084361420890326
9.928379154219687
-11.417936526173573
10.977490994528896
-13.742870671917094
13.392311019394432
-15.0
0.5001627822432297
-4.452414798957602
6.2983833745542315
-13.353274229033797
-3.78704180105269
0.7635420901441371
-3.077598727075906
-9.748939969389138
0.7524733274015937
-2.5588403731240565
-9.991791927205336
0.766905423285831
-13.358218651294441
-5.809699857787928
0.6195203250869447
-1.1393284764147764
-7.919545065777177
0.822279137771536
-7.64864059082616
-4.557943611623443
-8.512856126957447
-0.5835090591298373
0.0636970554355217
-0.5320372081486062
-8.067225833181196
8.30773542397724
-5.33037458080558
7.932857902940996
1.0394090446991897
-2.453455751091662
1.7103779823641478
2.6590190120454715
-0.1330583499634096
0.35996039109579275
2.4495633672910864
0.09622906152475465
-0.004143499524317125
0.9763783346291237
0.5421146800847277
0.31887814555536054
0.5583387084943778
0.2202044421315927
0.641915713372742
0.5565940784707866
0.8733565374253107
0.7339474610050912
0.42284100791666995
0.8075149691140949
0.1647509262360538
0.5766198417363062
0.7446275691064674
0.024175346271469975
0.16254590516215597
0.5356254054173684
0.8336636485532672
0.33421088810689314
0.6166544214895313
0.821968628465216
0.9541145600738358
0.10077916850215636
0.3401742155496713
0.4960049628925714
0.18178506489742305
0.012714424497746667
0.7013726876008677
0.6602974581093879
0.988213704729779
0.1498174175312268
