Architecture: combined
Number of States: 24
Parameters:
15.0
-15.0
0.6387727540996248
-15.0
0.19646779771921952
-15.0
0.8412555772192227
-15.0
0.6425351951017013
0.8959556897517633
0.4959751519002604
0.40963912558209514
0.5582067349558105
0.8976125537577059
0.4097804105051165
0.08451727682647092
0.2728336943299461
0.6840920387754912
0.25066033733168414
0.29895155675801866
0.7321425067910181
0.7258594552394892
0.4352553808646461
0.666451769397924
0.27043909693314183
0.4180293373128685
0.5245252462953554
0.09734091317642679
0.28070780504415616
0.07994286106228765
0.26335728954994153
0.7793349817267857
0.14336909875000026
0.7815895699229128
0.6136433379645426
0.9447178806615569
0.1851516700067113
0.6729803846855916
0.9563379069719181
0.9994187069441274
0.7360019364022904
0.7267428033172009
0.05289614501275042
0.6801339297492162
0.15951935856358557
0.5231831275829388
