Architecture: escape_chain
Number of States: 40
Parameters:
-14.89841908533068
-14.887870879983094
-14.89151328147032
-14.828945620074437
-14.83758201263523
-14.914857722263127
-14.898941515455546
-14.875931537715111
-4.8197874807936065
-5.5044607299299555
-5.492954982217128
-5.08513584869737
-4.797343163059235
-3.046837047607703
-3.396642471918732
-2.6722990181078434
-2.1952439741049483
-2.413224896884642
-2.062150964798059
-1.4570501207092024
-2.1066432240177657
-1.9354714458748044
-1.16856901507302
-1.2115984547365657
-0.8139043314777537
-0.43718209151762244
-1.7642011703348723
-0.4406089743733061
-0.40720399983135125
-0.13330844131326622
0.009453764368404356
-1.158171609736542
-7.426656703530718
-7.995052822028497
6.7711365183610415
0.8825980852831286
0.9721891814519618
0.2838950687990581
0.002172627430282126
