Architecture: k-jumps
Number of States: 46
Parameters:
14.999329190409934
-15.0
11.464049505104299
-14.003603957038845
11.428503912075234
-10.772934689911233
8.321781989176927
-11.220472876924385
-0.8338722857837084
-11.729272635342499
1.5122694769309901
-8.443739724035252
1.2458890017485595
8.635514850677762
-12.886990272681665
-10.473285323068131
0.8298094026986446
-3.1151592038962925
-9.529035801220058
0.6409524327397831
-1.8084961333794647
-12.412391564543952
0.5964150881653877
-1.762266481238576
-10.896419995776016
0.5666306217068884
-1.9691092472542744
-10.975553651846932
-0.15867028549000897
0.2535349730826534
-11.742939026675971
-4.726851105264995
-11.856889532380416
-1.5875004811705968
-2.205401287588326
-3.2236489988425703
5.0902674897846545
-3.0521323640516247
1.0760462643711828
3.671682033788664
-2.054348846388378
1.811291729790917
3.081090784343672
-0.09969063799136843
-0.1392373879306258
1.8004783625966394
0.3455565829879132
0.30985569987039446
1.6459150422324733
0.23925264495283208
0.4257573717695698
0.14472875923331543
0.16574501564681635
0.7565353951755963
0.2956151656703925
0.32355039420125214
0.9331175764814776
0.34710002016456903
0.9102166948958652
0.9623977065687236
0.0724008908823972
0.804937320213482
0.8776034774823892
0.5785382327753495
0.4465150383988132
0.9282957211370909
0.1389023366655387
0.5607858793573424
0.10515458391366328
0.25214316414002824
0.2141448001412671
0.25453852708393315
0.7014998187883447
0.9948688517027516
0.3374755081422885
0.3712074681377398
0.8648214199871009
0.8980280154495696
0.726804373343293
0.28718142249785417
0.526330857835808
0.036977567220429976
0.4179618091573292
0.7980840987084417
0.7929477510897442
0.4461670701883772
0.14929018602858046
0.14414984081051685
0.6306161921977668
0.4941765899531807
0.9900689956586385
0.70796357149766
0.6890872219927319
0.4298261986608959
0.4542622138612371
0.38457872197244614
0.05772286536140092
0.9604620340241719
0.7833212737412714
0.014761940856676592
0.9732460155119113
0.36788548583248704
0.995829930267952
0.2984536404735474
0.18966574652853374
0.03859822849232286
0.7287603770618645
0.8170079355907348
0.19835071969702944
0.7776143643673148
0.2887070253514049
0.4802167602399452
0.8558256976168425
0.5100646455881538
0.050101495399779594
0.01598257887238419
0.498778688687182
0.01178070851535562
0.8338814196474665
0.9054596553920409
0.2590736363307504
0.7484771542963893
0.45511729521534183
0.2836341971346318
0.6708881596759099
0.22280752074661847
0.5963432761830094
0.3091293733392745
0.9035433399856676
0.14608079094480209
