Architecture: full
Number of States: 32
Parameters:
1.2611273573189337
7.930349183788812
-4.495283349738242
-2.0239350600222066
3.343980002714525
-5.576147616286157
-2.7184314591388663
-0.8188866521918744
11.069830719773014
-4.112072158445114
-1.1026208914550724
-1.2726568071567663
-3.2457101549503133
-5.4130324982394304
-15.0
0.9193295178318399
-2.6638552301285485
2.5157990947121025
-5.058411800026357
-1.295238600012582
-5.799245325508052
-3.1141849273577757
-3.9659101116110715
0.3470925558587329
1.556635875459985
-8.28280919622849
9.06273141719602
-4.20241827646145
-10.306105843064456
-2.5967618319785086
8.225391868528432
4.4481067800223215
8.026044098425627
0.7164485185857503
-3.309322196397953
-8.83551029372773
-0.6103136706542733
-9.213114581190348
1.779769802386842
-15.0
-3.6051952707063015
1.7509884791596746
0.4191494439925937
-1.8618636885663922
-1.8939709711957913
7.355485211179339
3.0492937760363237
-0.03789288612002945
2.7598850331773424
-1.3737656905925808
0.320733179052436
4.038403244307889
11.318258394445564
-8.1418700814061
-11.422517149050188
8.504214470776594
2.2736233850663434
3.8977709343800395
-9.764786767239343
4.02017968885302
0.29087739814813424
3.81363751394391
-0.4404622625956005
0.8003808596579888
0.7806520010631437
0.09091351915377083
0.1960167272360734
0.9243639754884221
-0.24169465881769606
1.2331412480206756
-2.1791904887944207
0.29922883100656944
1.0883402886214104
0.7388609319630826
0.47454338120110984
0.519034428920208
0.21400238281158007
0.7433213023427399
1.1167868815537414
0.43674536024811494
1.509106990194038
0.9790420332660936
0.09461539699602085
0.08046321150350805
0.6054539425341284
-0.5827222230978568
-0.05157015203632563
1.8143911855107326
-0.4140055206603185
-0.5860789061848972
1.7943021520525078
0.22084426104615212
4.98452226855825
-1.3930669962878155
-1.2399268150584764
0.5835093287120431
1.1811576605274525
-0.5653310479909925
1.9796768345480646
0.7572404569956843
0.0863195625920065
-1.6141765233887118
4.861467820648045
-0.22377056029885484
1.0269571465251701
1.7314340809734272
0.9163475515797574
-1.119851760189088
-0.67963023515446
0.2770001046889781
-0.9073367684669342
3.453275082306261
0.20178957797546895
-0.7679928409420769
-0.8646987102521965
8.693489509932267
0.8164821717065458
-0.8816984833068784
-0.3812937694672674
-1.2433307121510488
2.8844519859758324
-0.697154997661775
0.035097259462231474
0.6952075434222348
-1.5131569954850843
-1.8902852147670328
0.7966042850092203
1.7257100893335768
2.292595780646277
1.525043197209857
2.083542982510897
-0.057084595989472096
-1.4972671974373835
3.245172216790234
-0.5150849501067392
0.5176198963291447
2.601031493988488
0.8683427263200579
-1.6635637430472376
-1.2483153715209312
0.9269286861285884
-1.1714129987613946
2.541074087021391
0.11562568496898656
-1.0470987059699444
-1.5543191949141402
3.8366216434475473
4.255951750149376
-1.195816417590734
-0.7026050912947757
-1.5510284871005406
6.242394286804958
-1.008536523308472
0.45199613252886206
1.716850292457879
-1.9056021016129634
-3.3126914349522165
-0.026400547596386943
3.4492244267666186
4.459724437999239
0.6577466443637934
2.4336207192636516
-0.8970314053399056
-1.948839927299826
5.663859178797283
-1.0063176474392175
-0.18730980339476377
1.8605617956758733
1.067646144311737
-2.050925506026343
-1.423614752475171
0.2302698754534639
-2.3255940478581545
0.957388701395729
-0.3903987491620899
-1.5484120705064786
-2.080410103606888
2.394225583995211
7.970376043406947
-2.513057738541982
-1.6488010807562832
-2.385016256778271
12.407931291902726
-1.4620346661399415
-0.2835314265385762
-9.912274258814659
-1.493633951803103
-1.4132991290324624
0.984057812716838
1.7172626016339128
1.3278756458552707
0.9441082257687254
2.350724891229909
-0.00660781888812431
-1.2403176540198564
6.374519350991255
-0.34231968710158306
0.4271440221761189
1.5245020735502919
2.938186348138413
-1.1742015405395423
-1.0293090144155133
0.6420442554559727
-1.0112153386601348
2.1227788135820154
-0.19210508046877753
-1.017156850127419
-1.0335170584697562
7.816127250210511
1.970180713445198
-0.9195062356261615
-0.5406417838645529
-1.2242154077244518
5.244045350283404
-0.995297235394771
-0.17499855646518575
-2.045198454678971
-1.7651652540285971
-2.8274323914507535
0.23127034175718975
1.243017038202782
5.3743237761946805
1.1133397066837998
3.7534856905896548
-0.6920751045914392
-3.1395871554321966
2.8615490236486543
-0.99501161042457
-0.2747854549227324
1.2204822250065184
0.974049636729705
-1.9031425197621008
-1.4096418568061928
0.44773076406966944
-1.8522632961401884
0.9640629523651101
-0.15477795913219997
-1.4463077812087286
-1.5802978181969969
2.873470389341108
9.942711998904162
-1.6051817190484587
-1.6678955059250993
-2.8673691941514248
3.091457794942441
-1.47596712240259
-0.03756202691288418
10.905112764418691
-0.8928200449806093
-0.8762334212093803
1.348073336171191
1.8176114484520183
0.7578032502894682
1.2336029092541196
0.7930521721289692
-0.07422022428483159
-1.1030900072489072
3.888677589372983
-0.1812071819300219
0.8438815099257545
1.6372442970191539
1.6744842853529602
-0.9075720908327348
-0.4352374645721319
0.4228096768427911
-0.6979718817528433
2.519909389086112
0.48546396711984496
-0.5834359824322813
-0.5676220081777921
4.658536997809267
1.3023452531815847
-0.7549033163227352
-0.21375442184636428
-1.024427471538906
3.5199112231793874
-0.3727175332663611
-0.031268685823030044
2.094185647994383
6.713874712061554
1.8008075464297169
-0.13171255734655718
-3.3230313799401414
-5.736077753859841
-1.6404532687847257
-5.62850412285302
0.4858550122506206
13.46693557776231
-4.439314730040589
0.7117595674645071
-0.39719718144073807
-2.4087635199257793
-1.7766129520459217
3.7152783099931
-4.131687225138904
-0.21880386352868159
5.53114407270298
-1.85615748963706
0.36617017456218676
4.3236313573240395
3.818018649361495
-4.856997295505339
-14.14516344592513
10.052825766021346
1.4111135394810976
12.737431738636177
-13.13299654416426
1.707294262375058
-0.04433475903886708
9.132742310658648
-2.056665436331857
-1.7711639036333187
0.23684238035483657
1.9586170145405324
2.2991362675966007
1.8379934067011408
3.4460797267362175
-0.48287124392037317
-2.7989189868705253
5.0016031385049144
-1.0875730040864409
0.16226992193436326
1.5226605813419176
1.033816638752644
-1.7914257120251387
-1.5971586325325404
0.04027790215213496
-1.627180216291654
1.7477570200342287
-0.18304195775911392
-1.4249020254341862
-1.7761708814415684
3.503515622018528
4.678084216239748
-1.3818401272414766
-1.0974188271468421
-1.8673405410481505
12.327259331633888
-1.2697434528733675
0.05725738947235373
2.323465042482705
-0.5104785850624297
0.22636370413613632
3.1943882181658303
1.2167282568193338
-0.8194692790446718
2.137860638485145
-0.8940288826375765
1.186967923425114
-2.011781985293256
1.4870067042406996
1.695820593710941
1.0103627919778342
2.8344333393113814
1.7612044765115982
0.17523986215202209
0.7138331661488443
0.6875714634413319
0.47476954975904745
3.889777584403258
1.4333926958333183
0.6338670315912498
0.586873393752363
0.36793656510940737
-0.5859142354033556
-0.03799672729631981
1.8047714003482083
-1.322487281045876
-0.05796619613565451
1.6285744013993333
0.03388057458881022
-2.5227451510848193
-0.6713541486679461
-0.698867144958099
0.2887614875891285
2.577462416711605
0.6789935367853797
1.167963091794396
0.877193717293527
0.5847305115106278
-1.0163584355049868
1.4161624087538016
0.2158722522856995
0.33234863478179894
2.0872192854616984
1.9373944305697055
-0.7460211787744204
-0.18254049150883153
0.20974549878560342
-0.4260041206304186
0.7802248097775972
0.6365884143689744
-0.24946215535133
-0.25019370525469914
2.7299151933338845
1.8630686832533339
-0.39850296244269034
0.26232274514519116
-0.8385757021855434
5.644276427428436
0.003364683812057026
0.4654767547750403
-0.7894933852729293
-1.3771323688992048
-1.3111362381592777
0.933817075787957
0.9785189145461676
1.17148215519593
2.600446650079846
2.0263434520748764
-0.19569493081658862
-1.5105426846844885
4.778857782352424
-0.560083933280336
0.27738670785659797
1.3857496633874382
1.4168492564193054
-1.3936412871864048
-1.2397174280967198
0.08712612399322497
-1.5063913431177092
1.9076761700680673
-0.27568555268958894
-1.096282211294259
-1.0818664469521344
9.97888735418518
1.5261767261590646
-1.2631116117974706
-0.8278552860982763
-2.469080812931049
5.174072240773628
-1.319071285866894
0.21462797353409985
1.2007653478731821
-1.622740551639611
-1.146775751905734
0.7632893290708211
3.0764024437888895
1.5757798149571085
2.295494798282512
2.698520384748494
-0.10309542695990037
-1.390222825607299
1.8660869832532048
-0.47599762272084994
0.16802689168943266
1.6343983090084613
1.5167997602444117
-1.698727547822846
-0.8177652181374125
0.3581528669497374
-1.081537231441779
1.260333506104412
0.21181337142261683
-0.8926084826679481
-0.9103749717377699
2.405845141353093
2.778023517589948
-1.0267023830180038
-0.6036430066944335
-1.423703950550078
10.249163389275095
-0.9846285857314362
0.3427398907136794
0.48055514380113995
4.686541106550882
3.452122584435171
1.448175941945131
-2.1063818942756907
-6.4028308079997895
-0.7512498482516049
-4.137961823449721
2.0235840717668445
1.715155458973208
-2.9430202390749742
1.7005720194435823
0.04327142578469853
-1.0517099177279787
-1.2450790630018789
6.199631756858362
4.938570319335017
-0.06684123562826046
3.5817305115047695
-1.2523930195139839
0.8173361330254898
2.834722937934288
3.1675204623583544
-3.635770029432277
-7.8290956818053195
3.561505859796429
2.665312309933253
-3.481175194350166
-5.113048692665681
5.579118216789939
0.9328201365143236
3.5270434634262666
-0.21532631553973422
1.400509461359397
1.8259121157433276
0.33643401192592254
1.7670310500105837
0.11605020369670163
0.4272149952013613
0.7263358022534404
-2.1528489695565485
0.3472471253866872
1.1262984097867725
2.301076992330475
0.2547647439557699
0.12961640526657428
0.641122731170993
1.5798052941401401
2.1111619728374293
1.130394421819386
1.4488046187060424
1.069577151281758
0.888352570282981
0.627957661233248
1.0689403890826668
-0.6964463537848973
0.40746957381570953
3.1748290920792437
0.5090177574942366
-1.905478564622165
1.9662079206954393
0.3435823331855606
-0.9795465762922443
-0.8688318137577582
-0.8237019221193543
1.0010750319039907
2.0434809303801593
0.7341623504448794
2.249794452965256
1.1094130744750597
0.33790678932902607
-1.0634364793836926
2.061375754749694
-0.014838610321959027
1.0132211509920301
2.0118096768193605
1.9040767180777933
-0.9206122158169548
-0.472418580641327
0.10414641510280227
-0.7238549908335781
0.6971963338075275
0.4643700724315551
-0.5401500390129486
-0.5985538574013012
1.2524392847945276
1.5323903245431756
-0.7267202008194414
-0.1707807435486153
-1.0096784390519404
5.90176007206436
-0.4462719222682585
0.34070865810145445
3.0924089207771166
2.210512902443092
2.3325927227313583
0.32061982580918374
-1.8839533425274622
-8.176961119184528
-0.105488934183526
-3.7901328989663745
3.069700320180434
-8.958050437183081
-4.123703575148002
5.579813258399702
1.6086974686771207
-0.8608522298908475
-0.6518653862278707
5.402377656151863
2.9345229340953924
0.30662403999033844
2.209008507225223
-0.365771538856828
0.4257634487994875
2.544748284130984
3.995981415244124
-4.175008509016964
-8.058718235211131
2.6732450715976235
14.020961492596436
1.9911130689842023
-8.121969191311813
5.134652286321425
0.9095644788210073
5.5688931447075145
-2.154114820900018
-2.78934091169669
0.29320955640563295
1.6913229570670925
2.6311797013729885
0.936339995670209
3.7004693500001737
-0.5060302599979155
-2.1440432006154366
1.6654308329089007
-0.7867339286931074
0.11893586030114774
1.3982673824497802
1.955521100587671
-1.6918046952614596
-1.1838334316124115
0.20950083683284046
-1.5244676775044714
1.5187238967733612
-0.32645001185398803
-1.2490831258048747
-1.5970106462617821
3.553161618890415
3.9483583063440966
-1.7258804531450227
-0.9674516438691981
-2.1468083377008513
13.256949387993458
-1.2140767485118698
-0.18239562733730308
1.6534963836676322
-0.7344337970868983
-0.8148997810620057
0.9877659676024114
0.787062892970681
0.3393321867208277
0.7794679662142947
0.852773059953385
0.4822522467159658
-1.0216546858564146
1.7360948340048814
-0.11405242639623604
0.8172618190233573
2.644368137252341
2.579791265299007
-0.8095541858312887
-0.3388484175192605
0.16534663431477037
-0.6683919078350067
2.9076912380627213
0.47774195108483886
-0.4116563755442823
-0.49100411375972347
3.692819356088137
1.9869733591178202
-0.6026810788526028
0.07011871571008339
-0.9155382467540227
2.0768045415637646
-0.26734462091384875
0.567551235582209
3.658024092262178
-0.13498765173493246
5.488022385319264
4.723538850236052
-0.675427173512149
-3.949431933345483
0.6818524761658024
-2.9855800102070313
3.6370565321897526
-8.380077365138172
-1.254851841269335
1.4288497307606431
3.8311415897534986
0.34662146198811494
0.9373905795125026
1.4354565715965057
2.828127104267695
0.8937472621361399
1.0003411567487621
1.1354298588001555
0.6228076781128483
2.203098124515066
2.37204551099813
-1.3489958064915004
-6.654181460759499
0.6622100852607453
5.477894868966171
-3.2092745753386316
-5.392839512764799
5.334543010866644
2.6496044784650774
2.5969245152791784
-4.672366004792569
1.9738824599773686
2.5631655636829604
-0.1858305183943155
-3.2757139173937864
3.2220963706390973
-3.389683389875487
3.4093516891187843
-12.371452720871185
-0.25001286761825836
1.95684006104219
3.708126503822947
0.847163253555933
1.8936521202138015
0.6634378801894413
4.918002921482791
3.8357034210243244
0.5562885389947169
2.9877309976627453
3.177596431408086
2.8699304941024915
1.6828507041485024
-0.9309488373691154
-2.746910939182968
0.41512418931867784
2.595696619856648
-3.4920133888560887
-2.446310167603622
7.319829623538132
1.4341954008717508
0.1587419314764047
-1.4245204151159268
-1.6886615807894088
0.5798002724344024
1.591568298761897
-3.683661587061242
1.7660062367370781
1.4999393194082722
-0.08388952837355268
-1.7367152547701803
4.187207617897378
-0.6510580577732468
0.5216673354956309
1.6642514929582275
2.524394162450012
-2.1897423738765665
-1.0232065660722938
0.5845535120719173
-1.7243093451248874
1.5343525107961153
0.2860704406426823
-1.574674675586398
-1.1562040475835431
3.604694756631714
3.158316904162305
-1.466025112825905
-0.9746768061921328
-2.4974586640303964
15.0
-1.0976324772118033
0.5554299085888988
1.2145913173066254
-2.6287574798205786
-1.7072168217150567
0.6870830146061876
3.4526313890752114
5.1069957283246845
1.6202836745022053
15.0
-0.3456908611804219
-2.5337113735276553
2.621538069643108
-1.1318453609488506
-0.02421678133778199
1.634417084348772
2.020020752680025
-2.2851481547864885
-1.3882523134088942
0.006140736990123252
-2.560253827303668
1.3693607762418072
-0.17457279993386168
-2.045526654996198
-1.6634655983143742
3.1083709520548943
5.0205559256189956
-1.9748267340024361
-1.4350742216311803
-2.5603507957975737
3.970607190674956
-2.128555747648567
0.33532811303743654
-5.9540642327002775
-2.679892824335716
6.378812037709174
0.913600090685921
-1.5839618194386342
-3.943962868427599
-0.09401711697867406
-3.360073831755518
1.0956172285162553
-3.5440515448959102
-1.6135236223520648
1.819541894844306
1.8062855021649757
-0.5539656753189812
-0.4958897291482648
6.872877241753792
3.3941676454520286
0.32525282108305986
6.0896331714641185
-0.3730139906430624
0.1325327033076084
5.5815574102293075
3.2024699296259715
-2.5590143001474375
-4.801132735168784
2.4133989131937286
2.188978494265781
2.086588620907224
-6.781020301006281
4.308474924189663
-0.16312925327370723
0.03165375428982217
-4.024493917638344
1.3695784914093494
1.990827212475708
0.06806593940940348
-2.2180094833423083
2.1599919973001787
-1.8947450365412417
4.704097277885315
-9.746014944744923
2.1722739068458923
9.88248764875323
4.267052578471298
4.89556323023965
2.3579903668367637
-0.7195546129748104
2.3483287985218
1.4904969486296833
-0.9933763850473862
4.470243138835798
0.33279484253231517
-0.6065173090521613
-0.9297957891951059
1.4025565159960287
-1.8425817378843283
-1.6011968842873743
2.4147341833356473
-3.6186279632362206
-0.8301369529525295
2.972355630455247
-1.1188890882005014
6.379432597293436
8.720666456350209
6.687821016381259
-0.5897567035257948
-4.77518803701479
-7.1540441278710745
-2.6253532927998933
-13.610533497024836
1.1767780856159111
7.418555284951202
-7.502834227882933
2.748813836601908
-0.32959601588795734
-2.6237445732459683
-2.445795263542763
7.040109423283306
3.3027081659547655
-0.19726658167499034
4.75619761824691
-2.604632860742291
0.8576598381435709
3.3766697052657793
3.559223837628942
-9.49751991312797
-15.0
11.462348853972752
3.7146752861852845
10.293579787981878
-10.65125060522092
6.958838756609503
0.12644390422645652
10.074671246840285
-1.9353600383079415
-1.6769074433428284
0.23018742048585694
1.4338131981137963
1.6062675128777517
1.2034715226027706
4.280695033856299
-0.5009382895390471
-3.1483565007605496
3.9454971286021947
-1.056655295849819
0.21307789957007772
0.7208040466913717
0.7807934013119424
-2.1729905903414433
-1.2579619290121242
-0.011606588523482798
-1.7695273257963708
1.8764472697286025
-0.1282041288563649
-1.8352240018158021
-1.4501828618017358
4.180046231261535
15.0
-1.7238711765217487
-1.1756346325779994
-1.8512770245212373
5.1540775648637265
-1.3727236643174896
0.13164307923212426
-2.6734275909861336
-1.166099207856131
2.6389439149758727
0.6186292823654083
-1.2199417794570993
-6.215101790631573
0.16270708976989734
-3.598645083535632
1.7787210730548444
-4.284884866210569
-2.170884893359766
3.8046110682757215
0.8483867470921884
-0.3922542117113834
-0.3092995922727736
3.329438174748361
6.176011687166579
3.023385726766758
1.5476477437497291
-0.1242692450043721
0.9700625076998638
2.2237236880062508
0.8766303810363714
-3.261872399894758
-8.933105867604036
1.1796987395736898
14.4990169893452
2.6191497126253234
-4.621553072261028
3.467889753732826
0.3822830050511138
-1.498155391299418
-1.0402147797635766
-1.765298705221446
0.30159059479881917
1.2636802525514315
2.19766128200079
0.8219643125723368
2.621827899939276
-0.03374042362888808
-1.4421606458013865
2.8016138129957793
-0.36033318246395746
0.6316496063461631
1.0268546757336008
2.161865117207065
-1.3583642013850532
-0.760460997847232
0.30448156810712074
-1.1940051211826916
1.9167830336518072
0.07193590633918903
-0.8844054779547694
-0.8275377795830593
2.916486905819766
6.384817189263962
-0.9015367447522364
-0.5195572964438585
-1.8042674028644603
3.9259985442513954
-0.7624773506401624
-0.042777476692622274
3.9062502882008237
