Architecture: combined
Number of States: 40
Parameters:
14.907163937528813
-15.0
14.903871326859944
-15.0
12.709403570036846
-15.0
0.8526250701268748
-11.106672022452337
0.02533630901808331
-15.0
0.6397518434504095
-4.108002444682076
5.624171304196803
-14.390646327445339
6.328238006698214
-10.127702790275048
7.719268696551104
3.8735491169643197
11.917704147769015
-9.769506674480777
5.386991314656439
2.1548734152470312
5.105935291611548
-6.880751053182791
3.0783417144630345
0.030897777725954513
3.0799078692961026
1.1027455930971557
2.088936455287286
-5.50874894265082
1.6234708228613481
0.5634649169777196
3.693823634407187
-4.5679183748180066
4.410322960423753
-1.06271141067569
2.2456662984619693
2.135792501020957
4.9231726721578815
-4.75826873154017
-0.21026984175012386
-5.175203105778981
-0.6791065745376417
1.7570291114830896
-0.3126744148161982
1.0017005356589312
-0.365838704474937
1.5808434273607463
-0.0021437767983208743
0.5260254045599162
0.19417715537281804
0.26032906322399973
0.3486148026721566
0.6134773183008606
0.6555808727938902
0.906656771266268
0.6076876343369431
0.9533395071900529
0.5347562641900198
0.6967865705473442
0.10158046920536982
0.7132325513421176
0.6499725852658474
0.4598186304884543
0.7556294237761344
0.3410440972196979
0.6603727665276385
0.1812186401690559
0.6949933987910701
0.17000576706207932
0.2738688612860806
0.5967939871707363
0.35789232769046153
0.3251817818010225
0.9498446259521243
0.03025591397129161
0.8380050060133343
0.17157015352236188
