Architecture: combined
Number of States: 28
Parameters:
8.62322808754939
-8.343277194221015
7.531860774503381
-9.054425746022568
1.9924663717671371
-14.076442347716352
7.012292393205277
-9.729059176316456
2.673163782752987
-12.917414215859695
8.35478244031134
-8.03168543498127
5.861513534152719
-9.241543638067569
5.882122572044625
-6.707947632922735
1.8262722841096524
-2.7065165038619505
4.765341427466665
-6.60801386211021
1.8609067207252057
-2.4757992963489293
3.4353746780349828
-6.965789841774821
1.8440258393546283
-1.3867942682788195
1.2314126122721876
-1.6601142156870823
1.6970049008108414
-0.6418599998060275
1.2595127164077438
0.05853315036035815
3.606251292652607
-4.024839912223359
3.261398139589513
-3.352929490326385
-0.8804897844482412
-0.6987173782206667
2.9581477213569465
-2.464452815322601
3.02918732625076
-2.0241914286775113
-2.8232296734745312
-0.2703975838903524
-0.7885529251941559
0.8433281847510194
-0.10504087831516024
0.583037275340306
-0.5797349586425236
1.6541714939475172
-1.3183839846342735
2.1461908681930395
1.5008364317379463
-0.32150631816114755
