Architecture: combined
Number of States: 28
Parameters:
14.901978959366183
-14.945415793612685
14.889927259380816
-15.0
10.73881310540487
-14.979517910216341
-2.836205762623164
-15.0
-2.834585585204049
-15.0
-2.8346404292392444
-15.0
8.920368389838472
-14.936858108091291
8.58060367950281
-14.645454858263106
11.33361399582327
-15.0
-2.8346693589177794
-15.0
-2.8346835076875063
-15.0
-2.8397717721439553
-15.0
-2.832959844062196
-14.58023445875148
-2.8353374255099695
-15.0
4.288782107780396
-10.244199770999483
-2.834936907679308
-15.0
-2.8301102153187903
-10.52086461859738
-2.8342888405623903
-15.0
-2.83431037216037
-15.0
-2.835377273130716
-15.0
-2.835363445014642
-15.0
-2.8325835386905838
-15.0
-2.8351053664689827
-15.0
-2.8344420830893764
-15.0
-2.8347044144052
-14.179316998363888
-2.8337841878777077
-14.999993093973123
9.241714704496912
-11.158477189911977
