Architecture: combined
Number of States: 36
Parameters:
14.892556641193854
-14.951348638338985
14.90584143880851
-14.891474165300403
14.976991126220152
-15.0
10.767236627964289
-14.873236645520112
7.76185382443604
-12.641582940164087
-0.01152237679951365
-11.40770130780319
-0.05091219283444225
-3.7124727775462687
6.860068247808517
-10.769371104093416
7.707031023543466
-10.307542185877935
7.523578986241643
-10.023954710581082
0.5611294194243546
-1.5635878419202327
0.42633038489943437
-6.339542119354824
-0.05259199467374921
-0.4654130280568149
0.5747365663020261
-4.91367071893106
2.1582423951004484
-6.531696940480205
0.5634435763585716
-8.448787190040635
0.45551656725193646
-10.040466648668517
0.42099935980292447
-9.019303931360849
1.098708402103067
-8.86355476739055
4.3239351356696725
-6.008831031497769
3.987076759193682
-6.4721489381550805
0.49211111155617804
-8.947806224668254
4.941454431892098
-5.963404147153349
4.592733962438295
-7.375737621385598
4.106205617028404
-5.77434728921899
2.225513102036119
-5.408798276701435
3.1188326375584317
-4.363394204523102
0.5076262980453474
-0.912760143542186
0.5539162726205976
-2.265243438351139
9.27396264523289
-7.242770547197974
0.31903847056097573
-1.4834582774745668
-1.2052686456643331
0.13248569630854498
-0.7640837724589817
1.6414244416235193
-0.9999570348039153
2.2081122144125915
1.876986821890443
-0.8617601238392661
