Architecture: cyclic
Number of States: 38
Parameters:
0.00018478449629518042
-1.9768858984603301
-1.9942455563355608
-2.1672841594233603
-1.9975528811078647
-1.9771548384128943
-1.994383441802439
-1.999277735954791
-2.1316767091047084
-2.103258806710574
-2.0778440427511393
-1.9922648750582101
-2.0223028797451446
-2.088427074522579
-1.9842499205159365
-1.997590998016586
-2.0077385343340444
-2.072133971486834
-2.0868335564334495
-2.0195661619249154
-2.0216745925702773
-1.9759225491656423
-2.0429336534913762
-1.9762225393372752
-2.0021028182744027
-1.983594956052121
-1.9913963373764285
-2.039450403220429
-1.9976831018131032
-1.9768735779116804
-1.9760266788802916
-2.016725564709786
-2.0309447261268803
-2.093543666832666
-2.1380090187974927
-2.006685242901993
-2.1204045198222765
