Architecture: k-jumps
Number of States: 14
Parameters:
0.160665541193029
0.8693051089156303
0.6617528352143999
0.9338364606465178
0.19853943498954907
0.8550938877226383
0.23826998472715866
0.49521396898226533
0.44257246373352177
0.0976596468218871
0.13712230899991085
0.24272368009173872
0.16017101291881808
0.12696945777191448
0.6761775662394038
0.5399748193979036
0.616827045295776
0.4353646611119547
0.5446680602466838
0.14934311187513005
0.5333143554790353
0.8079654454595432
0.8830400256011613
0.18569960270677377
0.8354146783162718
0.5153597854537073
0.9257531671100924
0.9710378874388526
0.8345683603318383
0.8978785599026754
0.5484349900775439
0.15545545866436983
0.8507905383750907
0.5455128056306022
0.6542038966599227
0.7528404218137404
