Architecture: combined
Number of States: 24
Parameters:
14.824870868490372
-14.872431682427074
14.999999913448782
-15.0
10.553714570250222
-15.0
-1.934845037208534
-9.74721241161036
6.97386257767702
-8.462979119479508
-12.250435161308452
-12.684965997813402
13.731504734159184
-13.952772244347754
14.76730809034691
-14.785416699253132
14.381756333829113
-14.269327909653873
10.380712897758059
-13.774645935702786
3.3573950353020034
-14.176359830570586
-14.98801553480692
-14.555469654637184
5.37301895340143
-14.49120844989732
9.570017622442919
-14.320552251483821
-5.997232557991107
-14.432457628763997
-14.482157169342791
-11.59618444318853
8.90086376800257
-14.363980148284682
8.222013910858399
-13.585089953561997
8.240183709371614
-14.084184675565485
5.325851123455492
-11.73519341324306
4.014763210477106
-9.592734481261763
0.9511486157119413
-6.5958594662734304
-3.671318471673069
-9.196985453630168
