Architecture: chain
Number of States: 30
Parameters:
0.7601588374570077
0.5067569724242623
0.24494961776446533
0.049345564630674965
0.07303020155447759
0.9487534383607756
0.31427230755340785
0.007117831868539759
0.9924806310928156
0.6086374742313302
0.8280402814799956
0.21111188316723384
0.953889506713632
0.9451644773596947
0.9716833799799275
0.1825985887368543
0.42258218342791587
0.4033828506953696
0.4317540617432596
0.5452749533594727
0.16999551667079538
0.9422556035372439
0.9466420953413504
0.9605063423092749
0.4060599081812728
0.3353300954216947
0.36838227242870103
0.5500993425184668
0.76260932560375
