Architecture: combined
Number of States: 22
Parameters:
0.9967013060473027
0.04519905122562218
0.47561853768972717
0.04358882695136468
0.05300063031491398
0.7419762692344656
0.7636100022452936
0.987608772366928
0.26284868357039504
0.18504353175115817
0.8310640535245107
0.2471509737647437
0.8103400616671802
0.06243186739712958
0.7666476422978329
0.5216568325040808
0.2141816123338317
0.3025244403764731
0.9008626476088295
0.9631583473227227
0.30347468343274064
0.1690648191366554
0.8995103346709714
0.06509345593293836
0.6863256787274781
0.0966836391205308
0.9259456688205564
0.37061972992781134
0.9500865882645945
0.5392882339351742
0.6515916956827646
0.38266418795188306
0.7491032020286335
0.3368698727264534
0.4817985556971639
0.24484301180455625
0.3745544182834458
0.5967612892256877
0.24486346928316027
0.8061859489123654
0.027647583413764387
0.6326623982869537
