Architecture: cyclic
Number of States: 32
Parameters:
1.3870904288487451
0.6297371318747206
0.6296799443550095
0.6301482395737646
0.629768274510151
0.6294281256836144
0.6296350311963426
0.6296613992400495
0.6276188529287614
0.6255137772547228
0.6298257023052468
0.6298620365701334
0.6302732794351579
0.6293361459072453
0.623742731792628
0.6303458787431729
0.6285616377379649
0.6296374178872695
0.6294750543435848
0.6290699111071154
0.6298038157408038
0.6249039334710873
0.6309554651262982
0.6307411525807783
0.6303369406391627
0.6307972905928451
0.6294949228684025
0.6311707183712512
0.6302170385043526
0.6310760534477176
0.6312848002570812
