Architecture: k-jumps
Number of States: 26
Parameters:
10.056117616429843
-10.206196146412433
7.515567758766628
-10.674755141275533
7.9426114962655765
-10.510370636655995
8.13371492568116
-12.984953692762037
0.015261299956437805
-15.0
0.027140534954569962
-15.0
0.016491930320551747
-4.2638251706351005
0.03559084769300094
-13.213078177783716
-14.920336253645548
-0.07085733626143795
-2.0568412584072218
-13.578152647943652
0.1298104857968322
-5.649625937976669
-7.937689465354793
-0.742514972301838
-0.43144731504216294
-12.722680458059733
-9.634713488852546
-7.09192741784249
-1.5689649623485329
-15.0
6.270363883109192
10.681921076742567
-4.881421751889036
-4.464072224245516
9.492278065909415
-1.1389638096389438
-5.532756101692268
6.034166292466093
-1.9831464446732623
8.335687048006465
-4.342487379425916
-0.0615632304281919
1.9194063605547917
0.18157010301398596
-0.10870027768954757
0.2754014468507438
1.1114707589696078
0.5699729726359971
0.3076152719663614
0.9879570804469266
0.4563846058709272
-0.0036113825842464314
0.6527350874077762
0.11921387521648433
0.07691667904613464
0.33731036242221507
0.8006952468299966
0.6255854261327619
0.5676916886293598
0.7891163825782065
0.5984007399135113
0.5900122750704555
0.665342453433491
0.39583438030688245
0.8830775773116246
0.5035579206756885
0.2906332454101382
0.8310425916083313
