Architecture: full
Number of States: 24
Parameters:
-10.6195522666518
-0.4605021332230289
-0.7089125019043179
-8.267160053463105
-8.596078318541817
2.643446211374965
-3.1562787081809898
-5.4560611881299526
8.574181943865568
1.6965575393019283
7.88221295343999
4.398787478737681
3.3260150285800445
-10.384723495293075
7.283337186081901
-6.108768419134457
-5.524961889377668
11.29086635651307
-6.863380018859274
-7.204964445524846
-4.562657566513571
-3.9532022974146086
8.436962024999664
12.725091282310197
-1.121647412997378
-0.37651418813230514
1.2849394003056147
3.2605554675200334
0.30708957325524583
0.5200496552673823
12.665567086696814
-1.427205794159899
-0.9951429413813228
-1.61136232305867
-1.7114242069644041
-1.9539009227804611
-5.1357205053076855
-1.0068033232533267
0.018510616688984058
1.5409363551467234
-3.592430755463892
5.601748020155948
4.433227957915308
3.576772983476807
-0.19436215106859953
-7.403023268815024
1.7663841740736699
1.336342108852157
4.568284285697654
2.5409901613643577
-0.6073460761884276
3.3794622185648273
0.38420238249270755
0.5800794734674762
1.0099687216536026
1.8555153148522272
0.5400128267726424
1.1562087656471052
5.031050675203283
-5.30901832248931
2.269692260587344
3.039482182310291
0.5884426660278861
-9.000450622059146
-1.2061241254905983
1.0088356781936576
0.22936657901849963
3.413289987927804
4.260481807983067
3.902851643193705
1.7775835144115764
3.4787007419963603
1.0113707586027743
-0.7904789435862606
11.641075426363667
0.5891413232883204
0.8008261698630853
1.078157835578758
1.3802385473874732
0.7562776424169182
0.07535403048538422
0.5544180705716624
-3.049853437814598
0.27550056082129465
3.0879865077942745
0.3253937415798882
-4.5955115904307835
-1.5803348876982557
1.3351977828991441
0.05384512434355648
2.151476765930297
-4.908569384867882
0.65757232731322
-1.69609189775289
-0.8769851432609566
0.4028816851768628
2.0686090324691655
-1.4690928925042408
-0.418026393845378
4.277146112271838
-1.389439136972948
-0.9351056742306901
-2.0179944275184147
-1.2919149909988017
-1.900551085612651
7.294112667011282
-1.235315345506672
-0.5661853261549679
1.6152030899281038
-2.341954446559506
10.45195471338745
1.7391553038796705
5.16018845662753
-0.8651811872493489
-7.484877350590115
0.32752359674130777
-1.4494120579680922
-0.8802200495533161
0.921673244459794
7.191909118229199
-1.304808602849843
-0.10343981107032431
5.751626097702684
-2.064489365082915
-1.2355143453702289
-1.5141377789393324
-1.806518855512708
-2.0789496457709116
9.820063541624332
-1.434046163386533
-0.372737855729941
3.291318479290326
-2.5544475627303647
6.890513801409099
2.3671585955755505
3.5340664936690205
-0.8440988027453029
-8.684732897196563
11.694314586862262
0.6290412296101483
2.0791762545006853
2.234333707722636
0.6193853523538785
1.6729124758907847
0.7504490545869937
4.698401056507568
0.09356345225136214
0.834698509620725
-0.29328482608181095
-0.4093037356924729
-0.17473027849894587
-0.08327902488066097
-0.15679082695922494
1.7298949022953607
1.863288928191284
-4.246376810368721
0.8649064305810349
1.0914657014327578
1.6064444894709546
0.8026962377785779
-8.479159055508394
1.2972356658718707
-0.12203466560840012
0.1913778013912752
1.522806722966785
1.8813810320937416
-0.20278607321959824
0.026352491257241532
2.7231562865263794
-0.612463668070459
-0.15820871198278932
-0.5986763403730672
-0.4744456516597896
-0.46150018295687656
10.400803346588342
-0.37061469308851624
0.8797011849573209
1.5886525190045246
-0.926747924661944
4.035946461433136
2.841048908812648
2.2631736068482664
0.18987162400237428
-11.640257911762092
0.775812851060739
-1.03829453274158
-0.6578685155679617
1.7841431147573774
1.6140690210987474
-0.8051125214163498
0.1736899212242927
3.90609274266877
-1.263809716615958
-0.6659441890753645
-1.2176085617796812
-1.1537000196643596
-1.0715904265932368
4.9937156662766045
-0.9674614810592348
-0.04235114871713887
0.8469300262460376
-1.3728592796178527
12.550891897007707
2.340356516499484
5.273033014960205
-0.657354645343991
-8.945688574256048
2.3791208160686828
3.339004957349981
3.8430677815367162
1.001330554555454
-1.0751608905224888
1.7371720538606792
1.4075915757688977
-0.3258401742182681
0.6743928071890435
2.6871117202326933
2.2928263484878664
1.2858757645025667
2.031585296192084
-3.27855900815936
2.399109326405972
4.199847149225167
1.226303233502746
-3.3827072478029208
-1.6039834218930176
0.2481586806178652
-0.13848340165055903
2.2395430799014027
-6.866848022670731
1.589627424009964
2.014088541183952
10.731452204582359
0.43302354107373003
-0.5646050542809168
2.538760013361027
0.3877278364357501
0.3460234331040241
0.573023918461908
1.6492093603532247
0.6497277899373257
0.27935406674815866
0.8583815887084498
-2.255421076541549
0.44346839370187935
2.8405093543177315
1.2041346296228006
-4.603477665700728
-1.3672114165062292
1.2886081073604576
0.47166468906514375
2.472882364785602
-1.1396687109646801
-0.33561860940023475
1.6817694996307426
1.6382899978304664
-0.3450189588176016
-1.4693507769907022
1.1222920574579052
-0.31508513492631934
-0.8295964803781799
3.8535221794783796
10.416161554729982
4.5085851766527565
3.535331032458885
6.701729758076567
-4.602650987668824
2.42182325469733
1.2955397145242689
-0.21576789902666074
-10.166752493468701
-2.3443078596734486
-0.5444945973829696
-1.0934914343499542
1.4511487484650807
0.4958680271258016
2.0477247307159225
4.990265505073091
2.5965397760093927
1.6418866081305372
-1.4088736085033686
2.985504058782706
2.036136686614865
-2.182264198420749
1.2004931512402641
1.9684782293963226
3.141471308586418
2.142619397963932
2.353419506080124
-7.135462755200244
3.4219602999060834
3.2735263342455085
1.6208720603890012
-5.859788610958185
-5.066678694919661
0.08234911899504883
-0.7948823859556189
1.883618224847152
1.4284902593148374
1.0255295485013427
2.7339837702209904
2.580586455049427
0.4102037852582658
-6.202231538225798
1.7586089504793407
1.3457743451121684
-5.099449479123555
3.611535725671998
2.251979631291135
9.3172512942324
3.7875576582837227
3.6947489711400223
-15.0
8.92145795268329
-0.14447090752536657
-0.12150731214834146
-1.6679887471502641
-6.227619134934081
-1.549337355796795
-2.4415437840509506
1.9447891099630583
7.627423669075026
-0.7519222814000478
-1.9354555328255598
-2.056135651167193
0.04853441501742233
0.6514949511316378
-2.0134144785751307
-1.2419035957278286
2.657257678479005
-2.3901844439598166
-1.8021208223881982
-3.005801734129664
-2.3104720969187187
-3.0310238659676614
9.507835479254831
-2.6551625169306656
-1.7887157174204253
0.5522836759175286
-2.8689417145666196
4.300361106538942
2.058948877884199
1.5980547039281134
-2.100425060112719
9.604071786239514
0.3909569215557389
1.1802193060695558
-0.037472458737485725
4.04227740430869
0.39379072733429765
0.05018162108564792
0.7140519858294564
0.4482424985220551
-0.0039334208516151005
0.1086966817991312
-0.03199945228862185
0.29545086806797044
5.4036162803430345
-0.47497144226038546
0.7249163866644948
0.013747242596487705
2.911834326499226
-4.271817933310507
-0.11741007329376714
1.886943345886324
0.9587589773876706
-0.1911528720435845
3.054800191271462
6.078410364474519
0.46735108341349196
3.322390441015008
1.1298565716351752
0.2723663127036439
2.553286550737825
0.942253787094601
3.5523287523566656
0.25317648309739654
2.4525818964793467
0.18470190469638645
-0.6279980535619046
-0.14670355162959187
-0.6371453083003078
-0.109491841539764
4.746949708834113
1.5669407161760733
-7.687546604586022
0.9852495496382945
1.9325565443680366
1.8314991696787062
4.892936026656724
-1.3734534906637457
0.14949581839777373
-0.7501289011771918
-0.5749520880300324
0.9695996997159669
1.3816976158559686
-0.8725452676155754
-0.05178765788239834
3.1209481505817864
-1.1046801245530407
-0.5343511584692956
-0.9906108134286462
-0.8363613409228243
-0.9152981438137224
11.436791441394153
-1.109968082980873
-0.006775743795501988
0.43438614274258425
-1.1694905990403723
5.075552606789426
1.1168654480327769
4.150750602877025
-0.49622880693789023
-3.5715190682717046
1.929841634373138
4.502461779170924
3.512316561792532
-0.952221414453124
-5.976451053403297
2.3633964021276346
0.2158132798495592
-9.571766935750807
5.428557385742322
3.297552283560974
3.617515239152743
8.049317243731863
9.118916991511638
-15.0
10.831522077902587
2.4520378931212576
-2.096081964966039
11.030154273035736
-15.0
-4.770339145601288
-5.6217776155225065
3.3405808827827066
8.915979697361086
-0.5497238470425155
-2.559156283190965
-1.5391593809455903
0.16167790631208118
1.4872465772493302
-2.3164451164390063
-0.997362141472701
3.5693985409468167
-2.4965523929186273
-2.294801909205723
-2.4651247089367803
-2.3099274392748104
-2.1893681132670713
8.366173590806419
-1.9415322707122842
-1.2780731791077833
0.26958624934560993
-3.5043883482816236
8.398990733608825
1.23967851780011
3.7777095692114155
-2.6188761257523554
5.272977632092605
0.8775581407759345
-1.0054620316725542
-0.7681870260352388
0.7649191628131763
3.4226823517770395
-0.9329860004255032
-0.19137889481206816
2.3960963445330123
-1.4346815422036931
-0.748483431929735
-1.1699989470301166
-1.4561317703803998
-1.1717434443806498
8.34749559443299
-1.2520989671193479
-0.37619081209395033
1.8591992891403837
-1.3864331300596393
10.794975571577215
3.745066995729454
2.324658151316603
-0.6835039576081274
-5.312812838304752
-0.4482870078979302
-1.7727930779793426
-2.0303613173263075
0.1028091486929306
2.425967464988825
-1.52728603147308
-0.9141628930877312
1.4636493046537087
-2.294298094506933
-1.3637954495825222
-3.2329223250958963
-1.7705799785093799
-2.170950559214867
14.98946185461396
-2.2516236831106426
-1.5521641351634272
0.4420156824336882
-2.6499348400970244
6.048973643527164
2.783518989124917
3.6313017289784266
-1.9523059486675003
6.978953476189015
8.611215389346667
2.509924030772161
2.9505529574770644
2.179494756388203
-1.4642928808786877
6.645856793037246
0.6209950384537898
-0.4819697252219206
1.4346248180491763
2.117740644296243
1.149873004507982
0.679723753144821
0.9330185844459853
-8.106520705228531
0.5385904723579776
2.5777583192726823
2.478505578501346
-4.831817902887858
-2.8853428097108202
0.9297467376849154
-0.11142785987487319
1.234157954578149
-3.8034495663886876
