Architecture: combined
Number of States: 18
Parameters:
-0.0017867485290009903
-10.745179066229811
-0.001986207355934573
-15.0
-0.0030812324906904307
-15.0
4.192816812143799e-05
-11.389404678138277
-0.01761582100718109
-4.697555702243427
-0.013184572291292147
-10.43553992192219
-0.010949330886585309
-10.209813756539118
-0.7389148372928344
-0.6901815834417131
-0.5323888502234418
-9.366515448673718
-0.5317626995241195
-15.0
-0.5356236756858649
-15.0
-0.53080281867234
-11.106190009762424
-0.5288226484677282
-15.0
-0.5305807196377814
-12.448436298017242
-0.5321891303273555
-10.366848483416847
-0.5360867448837405
-9.304980532427969
-0.5302436799250904
-15.0
