Architecture: combined
Number of States: 32
Parameters:
12.692138224989614
-15.0
4.087895997462946
-15.0
10.734212610268045
-15.0
10.89780784776787
-15.0
-4.000907536458882
-14.999479543109304
-4.002605347363983
-13.174671900210356
3.5057584431656976
-13.575461330632983
-4.752507959434857
-4.658097085116465
9.400283323590537
-15.0
3.3262792578015596
-14.0506913526029
-8.345402124636776
-6.3348329110194905
7.626267915127478
-15.0
-0.7128423209336556
-13.707890399263817
4.435014422892991
-13.66211346447916
-0.7320222128005263
-13.103501801127432
11.32125550156057
-15.0
-2.492488362087379
-12.826785554657802
8.964364926786848
-15.0
6.8907860473528055
-13.469359797572228
1.4104279777883022
-14.657792363521288
-2.6310918870951006
-14.554245572392183
-3.365267677285532
-13.776426622395315
2.68073315762207
-13.858214257489188
7.723749931794146
-15.0
3.0105036621571517
-11.40415089818814
-0.11890808565361212
-11.49734399521687
4.889762963185504
-13.906060456674947
4.681304744873858
-13.670786394634256
1.598410707227763
-12.228492030861286
-14.228199840764997
-7.306949514651484
1.928830120719344
-6.226978944506314
