Architecture: combined
Number of States: 40
Parameters:
14.96568537902931
-15.0
14.962627983930343
-15.0
14.917230594767425
-15.0
8.484835454209858
-13.577891705151275
-0.0335482534920252
-11.8959826537609
-0.028701526291566373
-15.0
-0.06262221216908481
-3.1112438232803594
8.920558409056216
-12.75060246503907
6.902169774432829
-10.124288714072728
6.106696667197654
-9.259751183315261
0.3074849106864666
-2.0242084502020727
-0.19382520286838864
-0.48920799506214624
1.8577364509425611
-6.370664959741481
3.850423797097078
-5.716540746944592
4.468857273308668
-4.8283050152586044
5.108588513997495
-4.921553723528473
5.2854910711627525
-15.0
1.106021712611038
-15.0
2.189214541599638
-11.683364147481381
3.0718146873159995
-12.172220733179856
5.684264772796259
-12.690527380054627
1.24468439531948
-11.766186726076032
3.669991030806866
-7.335517106344222
1.0026927686757923
-9.58607368787137
0.9726420410018355
-10.358346846411346
6.228179551917641
-9.071053307135395
1.0138596906986506
-1.2617754307376938
5.199751612228724
-6.616228300090272
1.8555748004741155
-2.507825272621114
1.6404610836946192
-1.524785635648044
0.49493535224979907
-0.10430478561977838
0.47378685798474285
-3.466409972198492
0.7659432034904518
-3.057840402236503
-0.18615110909113533
0.02353315610234249
-1.4695513059164922
2.9625931248648616
-0.23753488580808108
1.321935178330972
-0.3960546238679452
1.6515924811550047
-0.4394313850187493
1.750602083625646
1.303944105097875
0.027996485306676266
