Architecture: combined
Number of States: 20
Parameters:
15.0
-14.928552741320328
15.0
-14.933542485552659
11.382030076972002
-14.933944824455356
7.84808540659858
-10.86255858891356
8.896604149409798
-3.8717246978422892
3.7606540020088053
-1.0745068958974278
14.941364600577302
-15.0
10.12291202489174
-14.00717940977949
-13.876392489390826
-13.415995673333326
7.564567437923778
-10.093428531029716
9.242339990766776
-9.376139631763415
7.451269182925124
-7.798567999074513
5.066746314479983
-8.751105460236767
7.7989425768538885
-8.65078345182176
4.262109451944148
-11.143144106023492
-15.0
-15.0
-15.0
-15.0
-15.0
-15.0
-1.8294481707708161
-15.0
