Architecture: escape_chain
Number of States: 32
Parameters:
-15.0
-15.0
-14.999633719305358
-15.0
-14.999160835827034
-15.0
-5.508042886948758
-6.186806842106308
-5.089408399612486
-5.08245412547578
-4.223614208682105
-4.3664552809674495
-3.9474560866322363
-3.0518502163541132
-3.054424894429652
-2.6120368412592767
-2.3023674357805413
-2.4699916131331614
-2.0745789749143007
-1.6077884551132835
-1.7918474877854997
-1.752944262072628
-1.3450694984412555
-1.1174237752139624
-0.7641308585286903
-0.7138280593092872
-1.6346574016896942
-0.3445246448024278
0.0016458474688345421
0.7035489757232026
-4.18560032711293
