Architecture: k-jumps
Number of States: 42
Parameters:
0.13293390084436552
0.27285861970480263
0.2708497621414284
0.7122106174903153
0.517587375995516
0.540176030899941
0.5554169011558596
0.20844573722807946
0.13596766828854612
0.4424092497500699
0.3473892072878948
0.02255494843188821
0.19726075502050056
0.4016594738635293
0.11018932103137824
0.23855161943738756
0.34910735707766627
0.46183602218311326
0.8390958948592927
0.2851270783213503
0.703037995043393
0.0036835251055614693
0.8332752589142739
0.4566213515940648
0.5675662629405842
0.13859950809958765
0.16042153855589358
0.29098110818128964
0.6442247233974417
0.15479292736953865
0.5238521113641561
0.7924757841590878
0.025950940740607775
0.08797654558047086
0.2762210435600664
0.5706398901728259
0.1362591572359787
0.17931156848477714
0.2559227768323402
0.25698435413364273
0.3996406770924047
0.4551216176899846
0.8101818526735479
0.34546734155554903
0.7596479324427106
0.035227568251856356
0.9712235853508812
0.36274486369027636
0.7187002628510233
0.7909133881178748
0.3531158592970354
0.9487916404106862
0.47242744782761925
0.1467711683802705
0.3649991116834089
0.11533583701712158
0.8620679236001856
0.01807875279076865
0.9383547679742779
0.26388940471614364
0.3468550369093605
0.6200581571268976
0.9605317712676668
0.839058386580274
0.581223387592886
0.6136162286302973
0.24158429114878566
0.2012078091229007
0.6905920204517326
0.37713477801580886
0.3641833770279458
0.27795466325247664
0.41593166666544523
0.07278141026037865
0.9998386035421549
0.6388878435113569
0.10506300852541983
0.9665211715179554
0.29149025171029974
0.6507361308888682
0.9770333055210916
0.32556245426600605
0.6437516375784276
0.2772794729367628
0.10328311752071062
0.40406130518007555
0.9984622601759021
0.8578417274253457
0.13894412358780994
0.45164919219176525
0.17230417888716254
0.19269426428774594
0.979375254288749
0.6554210506660131
0.25689855373767967
0.1704564323145612
0.14846466311704465
0.5951777208150885
0.08437170456268084
0.08281012867073068
0.9113394713265535
0.1717615968852202
0.4019379073928183
0.569504891295557
0.495271934697034
0.23725536309003792
0.35296449081350545
0.8084863097718249
0.6207560183643247
0.2272332019481903
0.9741195827962721
0.8005557073609993
0.1478494257727465
0.7118849716990325
0.12431661972358832
0.3332780127869518
0.803008578974602
0.26111005442159874
