Architecture: escape_chain
Number of States: 32
Parameters:
-2.9451831363241876
-2.891043534704826
-2.832086909320224
-2.7726037593221675
-2.709922320349951
-2.6407262617966234
-2.563606580945967
-2.483450678205418
-2.397773997106236
-2.3021719083246395
-2.1968771778585934
-2.078503963238072
-1.9450591331397298
-1.7910330729931805
-1.6091471791296497
-1.386505333877997
-1.0990236356773835
-0.6936659298570519
-0.0005039995010438253
9.769782712641394
0.7643636118705102
0.3150696883118508
0.7052475132311316
0.8752210008840998
0.07072702340405079
0.5027395044758713
0.2253915657657034
0.12025219457839398
0.6910696902393054
0.6702405832204774
0.14530927305281394
