Architecture: escape_chain
Number of States: 36
Parameters:
-13.284205755063347
-13.313598524519705
-13.279028548092528
-13.302809262752893
-13.318684478235847
-13.278854924125257
-4.820838005418985
-13.291463493541785
-5.509923662167452
-6.291284468195661
-3.876144243642275
-5.072569899251304
-4.21841454840727
-3.0205557837632573
-3.070534002356417
-3.076717110165221
-2.4753128111505305
-2.4571703142073957
-2.0462623504309976
-1.4692040109908369
-2.2061251241670954
-1.5417069572492992
-1.1779948171329475
-0.9122236274687185
-0.5636850544413041
-0.7397726304705159
-2.3054815418687733
3.0744669724543485e-06
0.6098215923783733
-1.781577318973343
-0.6780710716816816
-0.0010574517715924178
-6.146406516612805
-6.194511642074691
-6.027429311090348
