Architecture: combined
Number of States: 22
Parameters:
6.306227019489412
-13.782759370878487
-2.3805586837865342
-10.546066921554386
3.062718027812933
-9.943941761549528
5.006625327501245
-9.980676434705972
5.822664694523733
-13.679435033629872
-2.687780811544623
-7.531299052704932
-0.18920984114664036
-8.453675243739653
2.328528104663251
-11.989991128166679
5.371802326144955
-12.138856694833304
0.6424373873755314
-11.049522236892749
-0.8085482640019095
-8.680437254062738
1.7633121111510104
-13.76623422222437
0.4702546842291643
-8.566254308842181
1.2481271270298187
-13.470951455584883
-2.684010415040292
-5.8888341244573255
-1.080364924205287
-9.110172863992354
4.61152910754519
-8.352685626558484
-2.9785364141761943
-14.99778547524879
-2.7984111642297154
-9.158614645881705
-5.17665323687001
-4.977933650915155
-6.5052842624822
-15.0
