Architecture: escape_chain
Number of States: 44
Parameters:
-11.952148432753695
-11.950072427125734
-11.952336558312163
-11.943831686384238
-11.897367734884059
-11.95230397146798
-6.106643993213239
-6.1047087459890435
-4.5587923897050375
-4.275978193283714
-3.957032797769065
-3.224535600000239
-2.850869639879884
-2.364979813255543
-2.237079642268599
-2.1240280153721876
-2.198380535306809
-2.2372077053759156
-2.6918511359278288
-2.7801514458474452
-3.777663045140913
-3.754732303294053
-4.542464316709162
-4.531529799213042
-10.985430334090248
-5.874094477924325
-10.963959139122188
-5.872979832176718
-5.873462793507532
-4.512916959416635
-4.143531534310607
-4.750247229908229
-3.380211370017177
-2.6059006173503763
-2.835956352265333
-2.2990601533580635
-2.1542336045162145
-1.7189550738647676
-1.4280468769152446
-1.219287912989078
-0.6257429252337717
0.523231592460333
-8.630230896484214
