Architecture: combined
Number of States: 14
Parameters:
-0.2245045751567526
-11.957764058472675
-0.23578575702411905
-13.293799968599703
-0.23171894079785155
-15.0
-0.22445309945651992
-12.672485076374322
-0.2320177337789234
-13.478575466841132
-0.2244121720377179
-14.115011821975585
-0.9411920683090191
-0.9201597531135196
-1.1304627500463926
-13.3983310692854
-1.1329634826990171
-13.903932843082687
-1.1284069716424725
-14.355323362748258
-1.1138642465828508
-14.819245634067931
-1.131077497360348
-15.0
-1.1281903849154558
-15.0
