Architecture: k-jumps
Number of States: 24
Parameters:
7.596097495975241
-10.735569377893754
8.642456521257413
-8.845430067165264
7.9430728816832445
-8.792284725431395
8.056496880033828
-10.373089737709575
0.1053637144652155
-13.903231537765912
14.999994944014277
-14.475269851156128
-11.71823902856758
0.10397704105939719
-4.883708680495305
-7.752363902429208
0.2070340107242304
-6.223735357381661
-11.008961433370638
-0.06420082832602923
-2.5947205054623605
-6.175179101114362
-0.8704353409673892
-4.9165756978534185
-0.5294005596564175
9.637446881599404
-13.544456101478985
2.185273307437131
1.6791769289966523
10.569483617716854
-2.5111648464909364
14.952331245287542
12.219109235224536
4.165936349822405
-11.570176984847842
14.787967910369678
-0.5351257262839537
-7.825774187102173
10.257901171693474
0.8414899358007784
-1.0988452932078232
2.637427792531772
0.34122546490149863
-0.10267063927812371
0.15727583879071866
1.4270753437190797
0.47128837052876965
0.14611342030170835
0.40995877521479523
0.8169042768909682
-0.06567853434293251
0.9022798726312561
0.782991971280456
0.5125739561491687
0.38909235233535544
0.28198095581895066
0.15527272156511657
0.7956986552423074
0.33813039002606216
0.4389149693573172
0.8751448532773192
0.20460527098415254
0.8121898330309317
0.5484337244568437
