Architecture: escape_chain
Number of States: 38
Parameters:
-15.0
-15.0
-15.0
-15.0
-15.0
-15.0
-15.0
-15.0
-6.256558904560715
-5.0923812681562515
-4.580521574591144
-4.5706482073083725
-3.9739357087367564
-2.7022370928759227
-2.826493992327896
-2.853725500330061
-2.253218616636544
-2.598472444151505
-1.9733523276242289
-1.5503044469181932
-2.079617951697655
-1.90441791982251
-1.34166557987654
-0.9343024810878888
-0.5964739282149312
-0.9671735964913307
-1.658719421472592
-0.09565269502050609
-0.3712986286619933
0.14970109609624077
0.7105344810172869
0.029246939911246203
-4.8574607950420114
-4.810574145801658
4.038711959489545
0.5447777030075046
0.5823261387059622
