Architecture: combined
Number of States: 48
Parameters:
14.970289512423031
-15.0
14.975255037163858
-15.0
10.710002143119995
-13.039465949648788
5.721519500211106
-9.136812399524155
-2.131180558112049
-15.0
-2.131221420342345
-15.0
-2.1322370294186213
-14.958616402471389
9.717828285209366
-15.0
9.515365144755261
-12.266260902461385
-2.1318502571705507
-15.0
-2.1340183331820084
-15.0
-2.1302638513820336
-15.0
-2.1278741508119885
-15.0
-2.1306192847217207
-15.0
-2.1305712208064866
-15.0
-2.1314565119525772
-15.0
-2.1312303393447403
-15.0
-2.1304902488013364
-14.88833947986927
4.5385643216903215
-15.0
11.195012004027543
-14.844033544768964
8.16825354591369
-15.0
4.943601017456814
-14.293906743935544
-2.131533029580501
-12.204396139307555
-2.1294288077141657
-15.0
-2.134560308723993
-15.0
-2.1322096400754105
-15.0
-2.130786373032992
-15.0
-2.13273175159321
-15.0
-2.1305891765959317
-15.0
-2.1325355058509317
-14.970824138775377
-2.1312315340473016
-15.0
-2.12793872517388
-15.0
-2.1321999786615655
-15.0
-2.13129815684354
-15.0
-2.132557868663634
-15.0
-2.1323842096240466
-15.0
-2.1372105774843204
-14.25904425314461
-2.1332752042920657
-15.0
-2.1299309536479205
-15.0
-2.1296841886223072
-15.0
-2.13222988639794
-14.19211178928679
-2.1317386627929236
-13.990392497544514
-2.132317897237619
-14.289443320543803
-2.1292139872074105
-15.0
-2.131160492129984
-12.375110415098161
-2.127395046634943
-14.998102288899219
10.440255208596904
-9.430535266958481
