Architecture: cyclic
Number of States: 50
Parameters:
1.0987216249881673
0.34048168064514533
0.3358502759596001
0.34175495154438323
0.34168938447856806
0.3388092440802103
0.3397829836417486
0.3411383557833009
0.33854407140523884
0.3405676256250657
0.3412344961454108
0.34258385025792615
0.33813989955552076
0.33890743237166443
0.3425498990026824
0.3417699940652118
0.3421741306585246
0.33935333383647137
0.3398517531271317
0.34039371996265805
0.3415526627945509
0.34248116225149344
0.3419418751021442
0.3410995736310595
0.34244000990406576
0.33981920067903904
0.3425297199851285
0.34231451078800307
0.3385749915193493
0.3389410540157289
0.33894772742511337
0.3386887741181976
0.3405875646781911
0.3419268103151599
0.3411347285053355
0.3407376432291101
0.3366073000497788
0.3365902649794425
0.3410682615376549
0.33791060260646166
0.33866702194976983
0.33856361755118897
0.3387231484215914
0.33944190328982315
0.3407290383290114
0.3387682306336568
0.34147597713541555
0.3387463937678342
0.33908724105465854
