Architecture: combined
Number of States: 28
Parameters:
1.5701233647699193
-1.0436599740216714
1.5780262493315653
-1.1628406377220692
1.5685669085548761
-0.8425367369753687
1.598584813518873
-0.7811103641602091
1.4896807646415013
-0.5466364391933338
1.7319200322458541
-1.397586816947465
1.5673582754722941
-0.14292410456542579
1.701413856832199
-1.7346117085870332
1.4827361497796956
0.23137151469614542
1.8027478482298154
-2.236959752739453
1.8077106704886001
0.5219435064538711
1.5285277853928179
0.9144617572808001
2.6662455906056817
-3.249605976944547
2.8452856256154706
-4.262908986366699
2.0339651908766876
1.2761926930853267
-1.5117927888476799
4.091114845090416
-0.5535378883290992
1.7340520668430748
0.17424044122991308
0.917976461737843
0.2920729929778058
0.8275545667651316
0.2962227366185314
0.9342842701799896
0.9372316561109334
0.5619187583631472
0.5032034423923136
0.9223362242654587
0.6283056540226852
0.8934338254402572
0.8521283019957109
0.5542500820364855
0.8660593198728526
0.6599829865210348
0.11582338648770074
0.9068466369294761
0.8982201294588359
0.0009264544890572601
