Architecture: k-jumps
Number of States: 14
Parameters:
10.349400958836132
-10.609721887600815
7.505140922732244
-9.259784364202202
5.899456879131942
-10.218139434595546
6.31216895981778
-11.174464804781055
0.16992702515806016
-15.0
0.20770867916512462
-15.0
6.7608086086278165
-15.0
0.10353912526320525
-14.724554860495548
-13.794644247645858
4.023286272547068
1.426542889638751
-5.83435431414672
0.0919202721209503
-9.8802131329158
-5.001994639087227
10.42607611858333
-13.26096667653886
2.5881009207383796
-4.798514169788753
-0.8710808533791776
-0.7299554813162096
9.12964570306125
-8.352152180795114
0.6343232772333061
