Architecture: k-jumps
Number of States: 50
Parameters:
5.181508804937205
-6.767762606941521
5.633774705313631
-6.493884358518783
0.8334097248190655
-10.141316447870352
0.7377680829189411
-12.453843185735241
2.1122912538856613
-9.82302144252064
6.638253981996144
-8.504268446104343
-4.125966074244146
3.803329532205032
-0.9793553869585478
-5.819948204615469
3.6655024688057645
-6.516067069489089
-5.178313087171952
3.2327663352272147
-0.9747562046379703
-5.136172677663197
3.962965238387819
-2.9804032708952755
-5.605981257437779
0.6785708426909141
-2.5594028236613187
-7.942228333281206
0.22837744010637273
-8.571887192969182
-8.879137464658069
0.030622571064902994
-1.4556317904669867
-9.607046969235887
0.13291469756347224
-2.0331202579865524
-14.999993516800405
2.744375035985103
-8.734228356936802
-8.054204438339799
-0.7569146307850455
-0.38968436660683076
-12.714473885614288
8.924346254238348
-3.21145534711268
-11.089062995646515
9.273370531053919
-2.4965630267437255
-10.09870644450649
5.504398647595649
0.30098448763703506
-10.981376691067654
3.238635943723091
2.4797626800848667
-6.469311379966023
-1.3357998601399563
6.200703346186347
-2.8698508758752785
0.14751899678718833
1.5179037067654817
0.3964810252890055
0.5642484891751591
0.38538323186605017
0.17625572611706714
0.45910539159270736
0.5789610701163156
0.4978567507783697
0.6711140089561076
0.6373414006165773
0.5457356392771129
0.5441888958602812
0.9872068110173606
0.4725595622898824
0.4376266237587097
0.4098053362101855
0.6477637078258074
0.7194529276828442
0.29144875353670324
0.4608778119477093
0.04357453489047386
0.9458781328122935
0.5231804605103445
0.3319747598746159
0.787560249690652
0.9392587654057136
0.37302678141136325
0.5934456175004935
0.06858671021667151
0.9801434806400255
0.1023062809377907
0.8961875151715211
0.01043576725224138
0.16755440963542723
0.02583690127517113
0.7274790465772134
0.5775925179737986
0.1925453458312596
0.7953986734444357
0.5274314744901457
0.42015181126370127
0.7879082636782763
0.2514322330120703
0.15406604063870266
0.628332776864151
0.7948484193480838
0.36496993400266786
0.5016225996638239
0.163641626273074
0.39524601286210115
0.7012350568184307
0.40837219832150096
0.2174140015642525
0.7427639047757761
0.3347884725701682
0.2999613600315072
0.09053950734715799
0.03564186592659169
0.8237908806072523
0.437754235657816
0.9673950753157964
0.6506906411507661
0.4896859823009274
0.6340917146980819
0.7814460297629934
0.070908647303774
0.6684640851998437
0.10331559240150767
0.09750807127138073
0.1225123332922965
0.7268247180919015
0.47317965656771666
0.5511057492294583
0.6168702149418153
0.8394652448894419
0.8074747541590633
0.7493979209704595
0.8464038590888492
0.35826261805335735
0.3752155265761894
0.7652330044112461
0.18995525695097182
0.8006188203853797
