Architecture: k-jumps
Number of States: 18
Parameters:
0.8075461871304292
-1.7652311394604807
0.80709601601547
-1.6833682608279286
0.7707946606784221
-1.6509892526855159
0.7777222634255414
-1.4977084226725823
0.7712918690795225
-1.479582541052385
0.8314576077133048
-1.3307167478722068
-6.627568099275492
0.718573813365127
-0.9385703651271222
-12.21601781433639
0.8710335665165924
-3.4232557316943995
-15.0
0.46064286929883586
-0.05299523953014064
-15.0
0.7629913367645969
-14.533997613368077
-15.0
8.312830483572693
-6.408506082452528
-6.441986165577885
5.006344296688681
-4.565018671430535
-7.0054921412984354
-2.3505040375901802
8.1609182681795
-4.879447701052301
-0.31527939430619795
3.296520568778331
-0.8158882348722116
0.25687624705661394
1.279689590944009
0.23481223291157702
-0.03652064666837577
0.3786285575614792
0.7245472735786433
0.3049286111590502
0.28349284459324325
0.8292115409947124
