Architecture: cyclic
Number of States: 36
Parameters:
-7.724783317999286
0.9823363895400234
0.20607579238001816
0.9145318805886317
0.7455393738967393
0.38125046890638115
0.22687117761483622
0.017233152877005553
0.22832130873163592
0.6652262448995252
0.37630566967846846
0.34044384892210344
0.6139530314264549
0.38882822234069536
0.9703748862094689
0.2826644312117199
0.010513716540389129
0.7846339092097836
0.6600665180366856
0.07733034097386182
0.03205934126291843
0.1344791045953727
0.5306028331841842
0.3991599738484817
0.8636244649305789
0.6787215812915224
0.29889474563077745
0.0324994759013687
0.9821921097938149
0.11139834825815054
0.045553884286655966
0.38735044387690554
0.01592453565165286
0.8898616937859265
0.4095918436705629
