Architecture: combined
Number of States: 20
Parameters:
6.395630370129567
-10.138182841175905
7.898541376046835
-8.650883754228817
4.864845303982248
-11.452619260745365
7.262117550352071
-9.400545104713535
5.181623202519868
-11.208532597534832
6.232516554114966
-9.465314511391059
2.7483292354004036
-3.467148638597292
1.9987570239376704
-4.084897013359616
0.8519830391024437
-3.4768804167968903
0.01769806224769514
-6.86306715814879
0.04539641185381053
-3.0263524872855676
0.8085594966393241
-5.021166746535702
1.7611792047811812
-2.045520996556542
0.1379130547884164
-0.5379070987442228
0.40668080361974485
-5.037680676235919
0.1852854753172935
-5.174620056040916
0.5046616397276901
-4.520890075110521
-3.749498597679733
3.5985364731212925
5.620758140156413
-4.654572871243897
