Architecture: combined
Number of States: 20
Parameters:
2.341235619986739
-0.5108400358449146
2.1114307499324516
-0.6605517825241483
2.1400887045657666
-0.572410966702855
2.2029586249104347
-0.4453806668487506
2.1072803800947963
-0.4573162707223164
2.1693069987944185
-0.3275991400775744
2.8019031954409543
0.36104543462968786
2.0687252852531093
-0.2549829372475523
2.142923793850307
-0.05454294400850067
2.012351901387822
-0.0768257820886792
2.178523227175443
0.21723023277562767
1.917129338445442
0.12174506058895813
2.107887912945209
0.4820693010344958
1.8418199461464608
0.43886774174320886
2.0685671864148514
1.164053759086637
2.1493385075867173
-0.8433630734528131
-1.7916269118798944
4.678063963500394
-0.08034695701544685
2.02992000738354
1.2771877706226775
0.2943089973988199
