Architecture: full
Number of States: 28
Parameters:
-15.0
-6.740203992726208
-15.0
-15.0
-15.0
-15.0
-15.0
15.0
-15.0
-14.229763111874945
-4.543691736382101
-15.0
-0.6390829978432668
-15.0
14.559094857519433
-15.0
8.187652911462127
-15.0
15.0
15.0
0.6810925069930325
-2.7872022259459284
-15.0
-15.0
-15.0
-15.0
-15.0
8.251168797277675
-0.9359495416430752
2.134805901157101
1.058126614563153
6.520184437844977
0.7723273577612755
7.794458795489591
1.2367323233704144
9.05928300829989
-4.554885360899907
-4.110156390019089
0.07206805353842571
-4.498474637357873
-0.3270146608465575
-2.6140739885427946
6.319216212151309
-3.9143604097321982
2.3642164969165838
-2.4180109662218627
0.9018617134882952
-2.792325434801569
-3.695425025327556
-0.1995937937132559
-0.7688257217969372
7.792163224158898
0.25135703950213445
7.0662832054602145
3.0198480351492294
-2.0476606557884924
0.32918282462104237
1.6798580046501115
5.272004270065794
1.4318370825663223
1.7838929278378677
5.538058843420061
1.4142262755222874
-3.3027796422722946
-2.66076025781218
-1.057524796322169
-1.2985953965677102
0.9383849843110939
0.40982087959965435
-10.069468470810971
-3.2082634612059797
0.9682970131160077
-2.886116299450785
6.056894232304575
-2.2773510651890407
0.0416488704760309
1.9287468269676722
-2.059857528098183
7.516233730226709
1.3180172819509475
-4.46312674020163
3.543946428695306
1.0177016172605748
0.19909793487473684
1.703424348585948
4.272750802113887
7.526874176301867
1.8383715455907568
-0.9363798728794138
3.3513520987911822
-6.216548446513653
-2.722959625773681
0.3165438833179535
-3.6111643367840585
-1.0863456605528738
-1.8257296714004474
4.305554647519078
-3.6439426705785887
2.1902910457441602
-1.9843143947965902
1.566844449689253
-0.882384544034903
-0.3047589545328329
0.7033695303712664
-2.4429458172239165
7.8306177268790655
3.6564008973518445
-6.105165640489016
6.823956715612764
-0.2913315512788392
1.2756270688997497
2.638981240927499
9.405180469851526
4.9575830738307305
2.8058749883353444
2.940963716038391
9.521105590932764
-1.907928588461136
-3.4073645987862227
0.20780765747400554
-2.0965386731061524
0.0958801544774204
1.4086296195867614
11.362866147241792
-1.8124742996426724
2.0722679087378895
-5.608395270048944
2.7196764290526745
-4.649925638086491
-3.6516547350784636
1.1561903157256366
-2.9180509862731436
5.49367117492202
1.9381734890537015
-0.9878915660716179
8.791650847771383
-1.6476885602530598
2.680497722938647
2.8732624470462476
3.9943782346257204
5.73634322675472
4.453450451152368
-2.3331671292768683
5.855981760022819
-5.345290945951644
-7.549445239086778
0.5630004438516671
-3.0553528520409348
-1.439225334426024
-6.492849866570036
10.146662603608494
-3.750921566638784
2.095169203597584
-6.381096889766999
-0.30635923602056353
-5.938256151633452
-3.3800176571688367
-0.9476363662752921
-4.602018359184286
14.99859200372954
1.857458173995856
11.448715796591122
4.576265612299123
2.3646311013278174
1.535006627818646
4.22660245563459
6.310985729758192
5.7993435247010305
4.16537134717668
4.148561288092542
3.6769472152534206
-3.530893925688211
-1.160684580843025
0.10325402410072082
0.8405805461090502
4.2168473501376855
1.5374743997722053
7.1236686691120035
-1.5029718751113441
13.72522323484372
-5.870775418165199
-2.8676149041394936
-2.701839112602558
1.1127884313263614
4.239058318864851
0.21207372331525734
5.358392835614824
2.332047539644798
-15.0
7.9677403611852435
-0.08044600355233084
3.290836777627478
3.567816333104193
5.730321724315096
4.055679549143604
5.537376566562726
0.2856625824258945
5.120165968468533
-4.514098047858389
-4.104886825505581
1.4364315345139065
-2.0693412835032943
-0.9185563127718337
-0.08598657191187412
11.392887376614905
-0.5987047167011296
1.5735866023339984
-6.555728685086211
1.0631032340281994
-10.77651343174535
-4.1698398236472
-1.066397477114793
-1.7300462320085934
3.5616911751656133
2.8930596164891553
5.734560243734269
0.26813797582868903
4.65511304790015
0.9722734978701741
0.9918409275779457
0.4575855307506671
1.8756425189740185
1.9332926247033893
5.171970300084312
-3.1806838687449757
3.7252353214854153
1.501839369724044
0.17215480835018054
4.145188244284998
1.9238794862982482
7.568451650958753
-2.9426301512432764
2.9425715150769536
4.802549943567183
3.548994605972661
14.642825846648606
5.2850616750530355
2.988233707917949
3.5326813251287605
-1.2368944140852194
-10.93180283443494
4.573108101565733
-15.0
6.581034973575584
-3.3007791851718364
0.8165739418686813
2.4208123733368443
7.528028991383352
-1.6934314494522917
5.309134549727538
-1.4324794624713544
15.0
-15.0
-15.0
1.2126150189364768
-9.97756095366602
-1.754616277068853
-4.337624275978812
7.410062809289116
-3.5047231774272305
-0.3667071159876192
-4.781714349466603
-3.61023165695269
-9.227384019628987
-2.2457947528090982
-0.21037172768463266
-3.7775473623095803
6.5302011238954965
-0.2903106819666343
10.493636748171056
-15.0
6.935625833382539
-2.4634974876755353
-8.395145760855996
-15.0
2.1588634885797258
-15.0
14.95905479303083
-15.0
14.992383600744803
3.6044369616893324
-15.0
10.715717279303979
5.047026980105646
14.916037355859732
-15.0
4.619024166886836
8.434723690537036
14.954469131416158
14.971253311009855
14.969635906576501
14.943303989933998
5.975835413836146
-15.0
-15.0
8.678557158572735
-15.0
8.262522360778542
1.0419858333062566
3.0701162002048346
3.199975325857854
4.513588238057533
3.0928356999351827
4.508271052781404
1.06712318054543
4.784264766879568
-4.607882615636394
-2.7980853502223346
-0.11785433170070064
-1.3796255416424819
0.49803727697998246
1.3981763609615385
7.2599643153002225
-0.430569577849518
4.003642824881946
-2.3750306788368998
6.685047630677508
-1.9118679340431441
0.11978567326896093
0.20584037702221678
-0.9186778439711724
3.114459165472998
2.6099497942355283
-9.714407303853399
8.656990981382203
-1.5522987120492466
0.7802707892788856
1.4806551550309384
4.396671314979435
5.021860349090425
6.17585399829308
-1.2114285490010033
4.547687226236665
-3.3992997262849363
-2.9745590687925683
-0.4337113810650201
-4.310363025740445
0.17399182760005855
-1.2697872837912338
4.366334622422694
-1.3865188430145028
2.8335033883575695
-9.13524894681205
2.806409926005505
-1.5773428604376694
0.41808960592780464
1.1259172444843704
-0.6279160576069204
4.614253963816644
3.9506686913492146
-4.795442293648264
1.7183226330489108
0.48862194232192535
3.9800373522166814
3.9247393567509636
-0.75949607891063
8.215303872633369
2.610217610215494
5.740449494655885
-0.4483849103018981
4.748883984693267
3.7681732243692077
1.6152331034795588
8.990708237110647
6.7352538229918215
4.054830919642085
3.2170771070929916
7.932521620771055
7.108577845716535
2.524059480246654
14.4928319793201
3.944891590893244
1.8371137477848951
2.9076843765899207
-1.4279066054816052
-1.473254993679205
8.295813949798587
-15.0
4.822551982506552
0.6587439508112043
1.7262617400015197
2.0906662511143144
3.6385473286308962
4.124413658742556
3.6534620701658733
3.909359758040722
4.166582474601591
-1.765036121302677
-0.8823563555920519
0.09418232082079633
0.8431747532829004
0.7628040110183449
2.0848210791236363
5.100720653744061
-1.211706815814933
2.314454497812828
-4.885566617275949
1.561622569823889
-1.1024109297850828
-0.8460480268298721
2.8583687575604437
-2.6707921227690745
4.031594868160816
2.3669220783479217
-7.224269881662352
-0.04042861670375959
1.0522393348182482
0.2954842181005023
0.994819770416623
-0.10787674020996187
1.5683894164627474
-0.06116013021547373
4.246622426184463
-3.5299092584319087
4.507685880706311
-0.34788339993375716
-0.45380114441005565
4.044199009551453
2.855912498403006
3.608535896942476
-1.2424704010574057
0.44735570494499277
5.680614201018548
2.535645792803538
11.848950168762014
3.252837670440522
2.970131303045534
3.660654400046839
-3.1440223892491574
-4.335725011961428
10.086074043100787
-15.0
7.537172426052227
-2.2455101761999545
2.970461792097373
6.030010017625618
2.8696149047904758
2.3210437423431274
9.664801060830648
-0.37165452572906416
8.189314620630471
-4.786751270071538
-8.154356929453703
-0.6584383094088799
-2.5104948385904975
-1.088454750973049
-1.6471513914624782
13.282593942551333
-2.943921959147433
2.403668159489049
-15.0
1.0902023129814393
-5.953923565321084
-1.1104743661649243
0.13909016317133216
-1.884518131802248
9.135130965576504
2.595253410748283
-6.4258923456131285
2.7256453958090585
1.4844768289798487
2.603461719193168
2.8702377999787125
2.522444386974422
3.914791317441458
1.6454704186407014
7.04573092521998
1.7090495206759546
-0.5728808214941433
-2.5488084962668767
-0.857746258647758
0.38073664432182797
-0.2549410506636262
2.8960296861863415
2.831333894486669
-0.6155375771662044
2.40048739799892
-1.936817104655442
11.41350781466938
0.49548364497235553
1.0388876176010955
0.9592525969030726
-3.559654804129985
1.1513342801188378
3.041076773733543
-15.0
3.0990672857849004
0.5927296957354424
1.7612675330995728
1.8588172979900555
4.407255363413148
2.6938432676156734
9.548166417554276
2.5942411398006042
4.904343510894145
-2.091093105820502
-1.4382411188488342
0.9750231155761883
-1.478407467285876
0.8793161573877539
2.7903329241248556
3.7554675781060523
0.6336993167683131
2.6239025372225617
0.970883166744869
2.6789120521866385
1.4239967050806566
0.7546516720903403
3.110389327681795
-1.861181380182713
3.2445880515123617
3.4742527625738306
-4.906816701123659
1.8796849076297169
2.477136503163553
2.903117185750698
1.8146030638132586
1.294798461269965
3.003386928822414
4.632545736205987
5.212953712910099
-0.7815344342776713
1.9932660794995976
-1.0910954427845643
-0.4290758142337275
3.9508571276409823
0.7086503002257919
5.391708171012475
1.7152701481831945
1.3289097138207417
0.27626608443583667
0.12407301544901678
14.998700692581236
1.97326774159477
3.4394673857724394
2.7585396372241013
-2.9526287676333913
-1.1729424301486278
2.423426930097947
-15.0
-0.4688647166956117
-2.3417406948331596
-0.29569979814246095
1.0430398225865243
0.7215041187781192
0.4116583458785696
-0.6790092060798711
7.4664316866217675
-4.18762711832577
0.2974062304702728
-1.571990689039049
-1.8089959785062475
1.515094804573662
1.136173347700998
5.980144680228753
-0.386270318820216
-1.12760867732052
0.8823518291150734
0.7823848535929984
3.4611849758737683
10.281404078978033
3.356837985107726
0.5936634319751679
-2.8025034333131105
-4.38259564768116
1.7619422093343073
-10.442268946628428
-15.0
2.254463393715146
-8.616317112939711
-10.228595405053868
-15.0
-1.1460141772048642
-15.0
14.897701434008246
-15.0
15.0
3.116983399956295
-15.0
9.454129724614202
6.8256698987894815
14.579423840537252
-15.0
13.386420613776652
4.417637732721169
14.899566926387342
14.978408950488737
14.945687155198263
14.79170180377548
7.32874112506302
-15.0
-15.0
4.583612996864449
-15.0
1.2236245645199624
1.1108078047036758
1.4471667931797507
0.9374846563677344
1.026271908021511
1.674503526980474
0.9237102538729215
12.024918505082196
-2.6565384319683827
2.1248369974742927
-0.594204427088396
-0.9248335605982128
2.6329048185725816
0.7259353846491072
6.748659104772738
-0.14873842115638886
1.6661139248953536
-6.335047880406678
-0.2542576650202912
6.630581357582705
5.6449755817246565
2.071093961331073
1.3369137576053265
-2.5133350497202107
-3.7031461994890407
0.6897521182248889
-15.0
5.033237622464602
1.8424236086484018
2.6490436892033427
1.6433031933676192
3.863844850071026
4.728444452860704
1.8160945397607398
2.9021128521485577
1.8833732154602365
-3.9172620239339064
-2.676862726923133
1.2965848250908962
-0.5246764507936628
1.7593393346707715
-0.07430437517546934
3.700265553767744
-0.8880691909863151
3.7714799205373235
-3.803374221876887
5.228774571916048
-1.0172148504290646
0.17613730599331917
3.0117433103058238
-4.211747864559359
2.5608485016777345
1.716483578133103
-15.0
5.76035128283041
-0.9648268942172283
2.006326559383307
1.700104304387536
10.277209662847559
4.576027711399086
6.255329699862232
0.9290967050662486
8.478804296466413
-7.698969905522448
-7.036178974878901
0.45778135424324046
-2.938268099493572
-1.9794943514278183
-2.2446679121063258
8.14166543463161
-2.9506007094524818
2.14338440948924
-15.0
3.1052710095144804
-2.756491693171125
-1.1514711150976127
0.9362456855164022
-4.736524334005904
9.378108038362733
3.9990862425340103
11.50587380511472
4.202532791319795
-2.7307060788431476
1.5101809337196592
3.4668092327934836
7.8793800458263865
-5.76981354235847
5.77280964462394
-1.2320521608129609
9.585458051816358
-15.0
-6.112374971693583
0.1879788388493966
-15.0
-4.8788598627476425
-2.606836605603139
14.974370217169856
-1.3004504991994712
1.6429875659438649
-6.697807615402709
1.488163970760331
-8.075668955526371
-2.3033892253399197
-2.1320618829488094
-5.947193254940006
8.978773338781506
4.729655736529349
1.660593627104584
2.658941586387746
0.8878156014945798
3.215719996150929
2.747470106920677
2.2820133332033703
10.067872382679226
2.8003646743810946
1.5143856042689177
3.2866045532120944
-0.19041220824968486
0.9923153400463105
0.8134174294613136
-1.1274199847106863
0.2238183091410224
1.4016078417948952
2.5946038937116898
0.6874962642867275
3.0372347271441886
-1.3097110349409582
1.9905085942266474
-0.7578378576655747
1.769320001721979
1.2306442572770957
-3.1344486411074386
2.062933529844423
0.9880851952808769
-9.551549864290946
