Architecture: combined
Number of States: 28
Parameters:
14.863901872805483
-14.823546739357036
14.9230915058672
-15.0
13.005806785920576
-15.0
9.054398218939975
-13.516913181261092
3.2511495889997897
-5.45335800569165
3.6509749793580295
-8.034315082562838
-12.576204494363141
-12.779306307454485
-15.0
-14.734151105016508
7.218171831697848
-9.00723044188881
2.553739459823688
-5.205369475998418
2.752743617899134
-3.4039836737742295
0.6380122311936738
-2.080377301234859
0.8234799383087582
-1.4699623024121435
2.5888412836575427
-1.1647722249548689
1.3921518876613823
-2.906372206798707
1.2862330059782836
-2.657973589792788
1.4335516416240586
-0.8442791579021872
0.905423389312627
-0.6370504234501903
0.9401394222857337
-0.1307221481536701
0.6975582031119095
0.27068243164632355
0.6909222609980304
0.7500593819894484
0.9913594691573884
0.8644008721564546
0.07889271099657287
0.6202555027333773
0.06446916640323863
0.8576725452636003
0.4887137709115424
0.9112967132730797
-0.12976797458442266
1.0726778997553583
0.3857064589219707
0.5514395860156144
