Architecture: k-jumps
Number of States: 40
Parameters:
7.167865566838363
-6.877975368095981
6.6658471124166425
-6.826956494690591
6.756273815586707
-5.85788610492483
5.252541503553156
-8.15974319537686
5.741653697726767
-6.9228062227603235
5.66330677537679
-6.837982132502214
0.5863019032366571
-5.185926872147802
0.4867668267592758
-5.215986659461873
-7.495692858839469
0.45279424857322254
-3.1681150670219256
-8.278609946440172
0.5176069725606495
-3.183028510351352
-6.348478727073447
0.514642764369042
-1.8622791333915765
-5.859443342974813
0.5233498399492271
-4.333361278043442
-3.3962325203587636
-0.21812293770547753
-0.2395743636292484
-1.3506804443019553
-6.856418243545076
-1.6529746615289451
7.355527661349915
-0.37755936846188026
-2.646765867361314
2.8836860855623727
-0.716314573513001
1.2340666517027605
1.6640457382907576
-0.08893055206418872
1.0210882648972892
1.3215909199473899
0.5030021823683785
0.2579204661829234
1.0434258085513173
0.8197150369155777
0.07586884381652394
0.6652584902578776
0.7653380329113073
0.8620433353462579
1.0696849304136273
0.12876551648160056
0.7681852047786889
0.64189847910143
0.15580210358685767
0.3535040637067563
0.719276468524254
0.37301043835182773
0.71517366756422
0.008007825538133478
0.4923254220223444
0.07378844378017105
0.1157912814206124
0.3322486580976389
0.5814632026929956
0.4032832070252563
0.6805100306290929
0.6329888472791833
0.3725104510273871
0.4319484345700816
0.5762523934042239
0.03390478645626468
0.44744361246175984
0.6800582590009157
0.13687283280944856
0.46579383962400595
0.8663405599524958
0.771753070344307
0.5493597978216648
0.681642264153428
0.33784804853201333
0.9676385202891742
0.18258000084372258
0.8525132365926058
0.9538061513198277
0.25309399186102816
0.29397160298655567
0.6094909088492322
0.19470778727926716
0.15782387683763888
0.7237889038926303
0.6088411091560741
0.7970304804222604
0.8425890749092566
0.5246763966029372
0.37152779038908657
0.10615987049133069
0.20803130094634203
0.3084736779049583
0.4939368931220721
0.10426407612038369
0.7254989944497539
0.7010978263249705
0.006005263863009702
0.802088497331864
0.10252198183533112
0.7475436294293385
0.9598627535471626
