Architecture: combined
Number of States: 42
Parameters:
1.5732829582569752
-10.292344701660115
5.945807455353982
-5.997216234450769
5.9549654773408065
-5.9983682566567404
6.328874391091491
-5.647988600849681
4.15315450022339
-7.280430961678138
1.5887950422963677
-9.344718201417601
1.530023695171829
-4.035965041237306
1.4651543353167802
-4.896966821373673
1.6683020432246671
-2.587351322557768
1.6166143106262547
-1.9192280110808928
1.5698923547242747
-5.056130652103041
1.4991447766863777
-0.8116270667318436
1.5645387179474688
-1.3695520614475687
1.413871922930057
0.18290481153606972
1.8741837289788168
-3.46103053170801
1.5226191954888673
-0.16750146907028876
1.8496764310463316
-2.191278555096546
2.064153592410553
-2.322398820219003
1.8040898231016715
-2.294737768588311
1.974757024959377
-3.5469897378261694
2.0076382360903304
-4.4526274703634385
1.9828729456172982
-5.2794941713762995
1.9378641359743558
-5.188035185463927
1.8614046547334286
-4.855970254851066
2.016373545898513
-4.586887658850143
2.3594177493261896
-4.828528526548382
1.906811918999304
-5.2380855765466094
1.8677789458867853
-1.4305118459360233
1.904971275915012
-1.76790830360116
2.4991194964931975
-2.3025735291737144
1.989520676841928
-3.9144045949620554
1.5570541155425546
0.3254053467950397
1.4155514605005783
-3.6706373993751753
1.747767244243004
-5.16134651351939
1.738482625662938
-3.7296501204043424
-0.011596608424327883
1.2145990319260906
0.8584622534946631
-3.42374541018037
0.9941068526870852
-5.148776189752752
0.9339577431635364
-5.175797684221942
2.301249858333697
-2.1401337448950897
5.202262471506231
-3.6374303225895512
