Architecture: k-jumps
Number of States: 16
Parameters:
5.535691735723643
-6.5748218650802706
5.453967334853069
-5.16377008953255
0.18266246075064074
-12.227236469581744
6.037018917300863
-6.411525347871003
-5.150765805123614
5.741759948751617
-4.870342946812449
-1.6455609082319194
6.13376079942655
-5.304088078310412
-1.9636911464146551
0.23910832834680915
-4.287423025578187
-9.146120676957949
0.1208066930215829
-14.61164254086059
-12.344015091905854
0.11749767913351052
-3.140331718624055
-15.0
0.127291679231329
-3.3558799818598364
-15.0
0.12199014911975976
-11.90260424607005
-15.0
-0.2753019753273668
-0.8964994114917951
-15.0
-0.05664945800267709
-14.999756287622704
-11.134843156907632
-0.053012259189877356
-13.491984252444773
-10.637745048520856
14.233353130889153
-12.434520528367113
-0.36173291059044643
