Architecture: k-jumps
Number of States: 50
Parameters:
0.5506470842560532
-1.938693450536106
0.5463200340135248
-1.8561238570739185
0.5380818657740254
-1.758823654888061
0.5365765681579453
-1.7729587455213862
0.48285781164944275
-1.257629322113212
0.6100794998333464
-2.950562954696697
-11.78745878419756
0.38654823896986457
-0.8484089035897259
-8.906920549669874
0.36607000426601094
-0.7445757854849292
-9.032686164957783
6.038714985081929
-3.371486795172904
-5.255340976959681
0.5775077149440981
-4.485201574261584
-8.707596626699768
7.799050949927332
-1.9878904562062005
-6.890870510667501
-0.5838110544081688
6.629907386487055
-5.094149227755871
-1.2381024876451763
4.950624721244981
-1.9172005336425189
0.5355060523932299
1.0921866009307184
0.06367284409184976
0.2393318790600238
1.0652389471978008
0.45590617535183126
0.3380451835742829
0.6625386306974043
0.5034833720624734
0.8533813832151262
0.21197946703619552
0.5386833116013341
0.023229230023078
0.14071154783522058
0.2560758197991372
0.37738953635205347
0.17592019451630142
0.29330489079574923
0.7396145197896116
0.3425106829418929
0.7962929593095225
0.23920745508885477
0.7059379307095258
0.24773108687811385
0.8896088755255019
0.8025583772084881
0.8039969993732917
0.47552182835777845
0.9506063262456333
0.5440825145849915
0.4499218780294406
0.552342181232056
0.5080712580064124
0.39522651784248164
0.979939157086642
0.6977553031717362
0.6964150023468197
0.4561610182675788
0.8162090089759416
0.18217654418792983
0.875747325702034
0.6550180206259382
0.2787652355016239
0.7236056424186293
0.273012283898435
0.9799922547121602
0.7910957744877971
0.937018749846153
0.610113573175817
0.8776453287214813
0.6918075824544392
0.1451130476232234
0.6108987096414398
0.7654377015816368
0.05652713799916553
0.7175816782530116
0.5274570081443418
0.4302444839049939
0.7198898998383718
0.12860967341374563
0.3257488127391216
0.9086561414487675
0.5167343753757695
0.984756275848509
0.19932762311223307
0.2987403790418154
0.9307030628411638
0.3019438587458365
0.41608425614395894
0.5014689677456439
0.1124564285628592
0.012079191131718736
0.021364970047534015
0.755532493547319
0.24281511874329642
0.37266326877289135
0.11081066397449923
0.07982226116571256
0.6812134258974524
0.6142269710570784
0.8473973491147878
0.5055212830100503
0.11332350757448195
0.8042785059756034
0.13947448290314746
0.5940811823068773
0.8576468111628509
0.053360159725753364
0.7735381720185945
0.9975851143609769
0.661638595308683
0.580711089347386
0.03162542991803918
0.8994154294128016
0.8865203990371874
0.8717591788766714
0.15319189642848452
0.561011035196066
0.9220595028441123
0.5879264894701562
0.6588925308568913
0.8526366343785772
0.8316579726155562
0.823237479863214
0.6550447610971311
0.8777081384409664
0.9445071608832657
0.871838624397014
