Architecture: cyclic
Number of States: 48
Parameters:
-7.741843208514067
0.08291267758648879
0.40949387860650033
0.5779874982071338
0.210138293300572
0.6474173883167009
0.88289919395384
0.2885681645017283
0.6338341650822135
0.7108194163340014
0.22039343718260462
0.8361523793314112
0.9403202601130851
0.761532641413267
0.7192789801329628
0.8854026002028454
0.840109713904032
0.5564757372695164
0.1395972169812396
0.37159061371005353
0.37042592961778087
0.6920845700579583
0.5095598251067357
0.006932355580411498
0.09893494142231718
0.08476969043677252
0.5265263947926282
0.7758299935701175
0.47744235859238204
0.4991607101366383
0.08935559437886309
0.09707704168910058
0.9921792775635914
0.42428154600291157
0.8880052693493601
0.5652766723165888
0.09897928212158014
0.09374769934235083
0.3765023498030303
0.9301077877367973
0.6821805950737211
0.27155752755268503
0.44533310966539874
0.693229388853315
0.6618511393383152
0.6726653712995708
0.31742630580282694
