Architecture: combined
Number of States: 28
Parameters:
14.931580485060051
-14.856034747920226
15.0
-14.972659967056911
3.2221473054064513
-4.239784715366888
-2.273134152322347
-7.139902552478508
-2.3397237690360426
-11.489035181711873
-4.213223027219051
-12.468731906590094
-3.3746049629196095
-2.787509328285723
-11.996296472189275
-8.244508316419173
5.966841199295044
-12.850925229665744
12.188379363125074
-14.973328538894272
8.733406407343907
-12.809896876112667
9.284286835859106
-12.948125441381666
14.999987279045413
-11.138840206890878
4.26718660474801
-11.132323699374165
9.011932967377733
-12.166096959550714
10.496670589091396
-11.03473187528625
7.163265151904766
-9.745972009521822
5.166811686267623
-9.27024707905727
7.77090419553479
-10.232119555711229
5.9576906297063665
-9.103632840534681
8.300374120382756
-8.579649101090096
6.255203026524299
-8.725622396556536
8.077096991939712
-8.365973813104597
8.113085001529683
-7.999343995610231
5.582223079352755
-7.477417821116579
3.3122527420707426
-3.571641742101616
14.999987279045413
-15.0
