Architecture: combined
Number of States: 36
Parameters:
4.873281401504578
-7.141075927583041
5.364048073128248
-6.709399934150192
4.58789253187948
-7.404232780223501
4.169542076924512
-7.703600513657106
6.4340144972561015
-5.716266332907525
6.347714768935386
-5.801909185939595
5.5000703342877975
-6.534359261505786
2.6299587717862662
-2.753729908568204
0.6506303918270632
-4.00652091871424
0.6678894992654357
-2.824624283037985
0.7977928072764157
-2.9086240559976315
0.5511717715100224
-1.4938308247974774
0.4284589361908601
-0.9162327269276415
0.7713717776784195
-2.7812651423252532
0.7024429844208078
-0.7164269925631731
1.584639238878981
-2.1513869637250047
0.842211351424874
-6.898446518536255
0.6890081887147015
-6.585285329254529
3.008451798002892
-5.439939837601068
2.780448771630612
-5.663908623624145
0.7941423748083775
-6.722025117490731
0.6763176255646671
-7.190459169845558
0.4543055652132516
-6.353348941702035
0.491022255052847
-5.4656757408272885
0.9482835277884608
-4.60098097063605
0.5182567196381527
-2.8647421804161386
1.5038467157035789
-2.189881039914585
0.6761745128801312
-3.1675837862924663
0.3076578967575272
-0.7348843133744408
0.16562880316482315
-0.4057525686929179
1.0473518194010165
-2.47816235792744
0.7926454879186153
-2.4985225267631295
-1.081020391549626
0.010734385392718478
-2.1020168528074294
3.1099816610322435
2.510905030148927
-1.138322867776003
