Architecture: escape_chain
Number of States: 30
Parameters:
-13.190841142692697
-13.229734750668614
-13.135103941899118
-13.196682198004652
-13.209892862838695
-13.227092914023519
-4.85710168903143
-4.860632029774013
-4.137685823913098
-3.5588524490684694
-3.8619930349245766
-2.864419180856834
-2.2906433908976926
-1.3434654071435872
-1.6156879787258556
-0.8072288414167631
-0.5911525084186894
-0.718000814986803
-0.4466468728410392
-0.24267340344206034
-0.3020772393161814
1.09052119755993
4.977795537348476
0.6757200695448046
0.7624428924153362
0.2788184627378688
0.43657154172892576
0.5582857257051769
0.8697434200888012
