Architecture: full
Number of States: 18
Parameters:
-3.1945561494489674
-3.2141755908313603
-3.275836906795051
2.302379615387689
2.00816287530427
-0.3018663750160167
1.4260743767543358
-15.0
-4.318184443098406
-0.7315276205507687
-3.0397616735919537
-2.6581487173420166
14.83885795940442
0.8761534984524013
4.321018111069239
-2.16638498918797
-15.0
2.8831792913891676
3.4977859912607068
7.337762824353201
0.9552613552276483
1.3023169532735026
1.9735264255209137
2.2966375933941916
-0.1812007133771063
-0.6883138391007884
2.3045853338322466
-1.9600634043804182
2.1084959059586184
-10.788252681588935
2.5095870605394603
0.5986468402467661
13.678592878641727
-1.0821868817192715
10.150312183473948
3.353996152235005
3.206498147694575
1.2494513280552468
0.314059092687217
4.59455778112379
0.7196700722281
-0.5245420134439351
0.8716713134850173
3.1453608218694824
2.1582247338507896
2.86342005401081
-9.324068695676445
0.8462863636765229
1.313443615476142
4.378362535930085
-1.2152918614620072
5.061925120469621
8.766600926812922
7.812431846258496
1.6448102613066615
2.3433328708094985
2.645287215101819
3.9218997812429297
-0.009539790010574938
-0.2335159934297184
3.3016244634689307
0.03977891650400646
2.7533642057918613
-11.594908356480456
3.978978615563978
0.6814405801904324
2.1478621038839822
-1.9929694092898889
2.628355583453068
2.044708242812943
5.9173866133650215
2.4709179510122006
2.5119745746654814
0.8885428925859384
2.276466707213592
0.2705224724384724
-1.4931573203027728
1.971109574836245
1.3323276982555357
3.100351793827968
-6.512552962818403
3.6597829070740193
1.569577712671151
0.7826569615471106
-3.387038845477235
3.7835577383950456
6.222241786192679
2.7864270113858605
4.2760660023699995
3.4720673712001444
1.6679096993653035
5.3095309529149235
1.184479555468216
-5.490525909565581
4.497846888108948
0.2586577118211918
2.2349937208548663
-10.63830052859766
2.447330088933114
2.3974562349102717
0.12297933663337245
-3.7182502165953792
4.762595340955429
6.625279598392306
1.6458841895723906
0.6668206620820384
0.6415910886447366
2.0817819008815954
1.299278349429472
0.2719565186906917
1.7957849476406123
0.6598713804002383
3.5597298467004133
1.5571281205372238
-6.633929785574713
0.7475718905581412
0.35184333060452383
2.495910250315376
-2.126421455940091
1.1390281191277778
1.6517045926462937
6.336678804903152
3.6190699230908274
2.426185282057606
2.2425039638404862
2.5205763117189153
0.14362083061016462
-2.5019301512885397
1.625616046201997
0.655829679410635
5.353379280997153
-8.555294266576702
5.399966341754035
1.1268750797332576
0.23934860462912969
-4.321186608198361
0.5360244643612566
2.3763517539118633
1.5433575511855742
2.462586881327741
1.3016710937962164
0.0398304110460103
1.5848530914537258
10.649458164447434
-3.2376951695201965
1.3407847199304723
-0.3473346931567967
1.5568916211973751
-10.602825111113939
2.4560703064182134
10.087100778719751
-0.7912471461635091
-8.12821081966468
-1.3273195607451092
-2.452694606918966
-2.25155233004174
-0.9445803065056569
-1.1880361185042982
0.21420230493435327
-1.2910872714755208
-1.385643407228432
7.634711666279879
-0.6586879927820912
0.26783635115391147
-1.1191069796794326
-3.982721382497645
-0.9278826942894084
-1.1035844383145605
0.6344893912173218
10.527747799597705
3.4892112888642
4.5456932014398195
5.040790138409542
2.081105981788861
1.8266268060950868
3.6156307281721944
2.166722013316846
0.2744021904345148
0.2649947441275166
1.1815760303606144
1.9532391059468226
3.0138468992496574
-8.096833436658015
1.1575834259909727
1.5978734599407096
1.972807073048402
-3.056958166833116
2.644351891514013
3.165134608656615
1.7151642565961802
0.5669872967332309
0.17181015424163756
1.4905982746618451
0.09767721753403481
-0.8814835805215746
10.332911945580458
1.236649053997178
5.380956206205691
0.9073355448392336
-8.998977605240114
0.400156778821258
0.2646465510872598
4.359724913542907
1.7227984277774981
3.5174179748982626
5.955267397994194
5.748008008846669
1.6462832879369422
0.9904961650516667
3.629410779566084
1.0827369261321427
-0.4257443342638271
1.4940988238717434
1.1853508540926343
1.7771940877449353
4.561148343364097
-11.462324729275839
1.4036722761730744
1.02393606802681
3.821103015080312
-0.8263882641524013
-5.499696971662758
-2.057017825303619
-1.0112127015454315
1.879564967611027
3.991195653834924
-3.0876312745823338
7.195047997409414
13.849152231251878
-4.354313666683528
-1.205661830076816
-4.029669418192696
-2.2652022233685636
14.44407388350268
0.4801995832997998
0.6766427625978492
-4.1387423392637706
-10.916015226288051
0.7220725169241653
2.8827103659365605
2.3618483116071234
2.768096441954476
3.326931239028037
2.6843969433021058
8.35984326458584
-2.0846887224027513
-5.008533270276094
3.1680758736410852
5.560856593473369
1.8752774730921153
-7.216062456159273
8.383817346400795
0.42228389224720325
0.15680435432527134
-3.536335308053859
-1.8786814714594777
0.8134935673864369
2.107503806889701
7.123718812415872
4.718825454714679
-0.9902190050406872
10.955964296101538
-5.522161405961207
-7.802082156283188
2.6464294798913452
-3.4998179190905807
0.015546938681891767
-8.51519432170775
13.865010218984489
14.147495374245672
-3.7112312047222904
-6.8793418272747795
2.567395053664937
1.9094287277681061
0.779743434134773
-0.23585215677580462
-0.6202767635906424
1.162568487552334
-0.26862764595523586
-1.7841218630443212
-0.5827122031488435
0.3999166041554735
14.195914317935722
0.32243457269455195
-7.5471372486266235
0.4285299608544225
-1.107432625011603
14.94453854129487
-1.2413524781233753
