Architecture: escape_chain
Number of States: 32
Parameters:
-13.921181811536673
-13.807809664276188
-13.957666559812159
-13.984664324548225
-13.794738055844514
-13.93327762441979
-5.509265295622412
-5.504760732109322
-5.098099265376172
-6.242647617361384
-4.404533081591306
-3.969904932930364
-3.9514156370559452
-3.00777643463432
-2.867474732408953
-2.3180514696048804
-2.1820405615016667
-2.5061290929628113
-2.16009132488729
-2.0388439694904825
-1.758267590975974
-1.8665296292852007
-1.69453260078479
-1.08395668148546
-0.5547881383380125
-0.575325841957027
-1.7601100616279886
0.04862664553787213
-0.40931386579764023
1.0983417947889171
-7.627755207914178
