Architecture: combined
Number of States: 40
Parameters:
6.848882670697808
-7.5258848895650505
7.497131380352995
-6.879178819139258
6.5073520326343015
-7.893296868112869
5.464042450221488
-8.955142995881447
7.23596655824888
-7.119964924290426
6.3749812124874525
-7.414179755272113
1.646000077008303
-3.694296281137915
2.5778895250706193
-3.685428803574501
1.8192426998940123
-2.940867343329569
1.7953109705457608
-3.208144045674189
1.7309866607304703
-1.9627690013258
2.1438604264462437
-2.6648248716374785
1.7783745957965185
-1.5810130486219642
1.700552840320606
-0.5061872424550237
2.5099637361438614
-2.2264380221540883
1.6601265928594702
0.09205619534997728
1.5573015996407633
-0.7215888611188239
4.582101955037343
-3.116114206337128
1.5016652941483297
1.1527604715324868
1.2591710779771956
-3.2899345885801936
1.8850481349376207
-4.6805757511961135
-0.3417752219549564
0.6154055111950186
0.9443894670417746
-0.1070612922327188
1.7336279880931609
-2.3546550769611105
2.686027397557975
-3.1148500405216457
-0.9249580160910434
2.187860811956211
-0.44024706205281217
1.8748076684603183
0.3027783844224068
0.5258262156896182
0.3186155707369328
1.2163357809372632
0.12699677364564368
0.3905738800005005
0.363352315161719
0.6591142213747067
0.4529312728490586
0.17985682410385068
0.6167932756992762
0.5435236995810868
0.8387577739131353
0.030264929824871795
0.8013481483614715
0.4942051383780993
0.06476150122943403
0.4791826578310572
0.5069691629866366
0.28289976669909356
0.5356268473186234
0.5271297387700116
0.8413007911808855
0.26628501516623837
