Architecture: k-jumps
Number of States: 22
Parameters:
7.890906557719347
-7.840227776853854
4.981047088154683
-7.398894360689079
0.6047014611852459
-9.97830893640672
6.091305147952246
-6.370453641512956
-0.609409833109889
6.477886986298167
-5.687727144270758
-1.0295991499283623
6.353898223652969
-5.476411056547273
-2.156742123608856
3.447203646439294
-1.5387185521858409
-3.9943716198918526
4.620822872217015
-3.0002846665048253
-4.0379865141282405
0.46860326565542304
-3.742947748105177
-7.841478721847553
0.9086445607712901
-4.092572642888716
-9.352817253474269
0.5924330810858847
-2.5561616584486146
-10.990312999157506
4.927144531104091
-3.585195374399998
-5.97156082140058
-0.008787816495059202
-1.9706318738881905
-6.838287261982458
-0.10372610753308689
-1.5008492163247746
-8.296402098457824
3.538453847128665
-12.21187212489422
-5.2317214264594964
-0.518991141960319
-0.7009608346605806
-8.187231575485683
0.15630247963052402
-13.197614373504985
-11.04251043337486
2.005281928270257
-2.804902991689809
-6.827490931974695
-4.4431047546526115
8.641907600845265
-2.0094708896065745
-2.2800549634508247
3.329694640553932
1.7019501299338644
1.7829023323862545
-2.0731670407943454
1.8673408758980627
