Architecture: combined
Number of States: 26
Parameters:
15.0
-15.0
14.867139082522467
-15.0
15.0
-15.0
-2.892921263767898
-11.384753243091888
-2.8996446857076177
-15.0
-2.897634887402773
-15.0
2.2801268669313033
-12.249170075323491
-2.898321309551694
-15.0
9.052303264698438
-14.933098490662607
-2.8979882510084676
-15.0
-2.898100238188242
-15.0
-2.898539068024618
-15.0
-2.8906673375277636
-15.0
-2.8980014680306216
-15.0
-2.8993506041815085
-15.0
-2.898285475403946
-15.0
-2.8989944182872183
-15.0
-2.8982127343774295
-15.0
-2.899219226545416
-15.0
-2.8990679035237323
-14.939662006573466
-2.8974486744231873
-15.0
-2.8984287144371526
-13.05781054390096
-2.8930751386646865
-13.992108534693964
-10.624592467308636
10.611652139257789
11.564143758876172
-11.269579672912199
