Architecture: escape_chain
Number of States: 46
Parameters:
-12.402364486462787
-12.215175911953352
-12.300089367045056
-12.485249176499762
-12.49987411463021
-12.36921760729194
-6.13983974166849
-6.144194878730415
-4.61005216439988
-4.316513135239073
-4.0065497374077275
-3.2783906657753894
-2.9095917669524667
-2.426332011971794
-2.3061633746656724
-2.191338062186036
-2.2843907916037436
-2.3216663156252118
-2.789846394249678
-2.8836399141685853
-3.8775003042902982
-3.8565674554853984
-4.6699540214626385
-4.660602922832483
-11.389326405614616
-6.001923415839225
-11.380567233988439
-5.997383484244297
-5.998786343299295
-4.64398167667818
-4.232148011914732
-4.961856763507673
-3.492538568774654
-2.7327038873382796
-2.971521644392654
-2.445581690848187
-2.3164761115719013
-1.907556171057092
-1.6560823330065364
-1.5068642902664813
-1.0372540869265652
-0.34181186152172566
-0.31900317636502007
-0.0056592280875069866
-8.58799642957928
