Architecture: k-jumps
Number of States: 46
Parameters:
0.8296801584257312
-1.7514750240473336
0.8272339013605786
-1.6775319205738195
0.8207838398140203
-1.574016261776064
0.836280330660714
-1.6852209780632321
-9.179726000335403
0.746638399581853
-0.9783341969775075
-12.086816835508607
1.0671124189828622
-7.726571549547079
-9.391805220492973
0.837967077479796
-0.5326161251049947
-12.698748935511384
1.0002118253055479
-1.893361259300801
-6.916724381259855
0.6560277700864928
-0.33405723597391096
-8.858254746173447
0.8389586081965823
-1.125761704006947
-12.7613163403241
0.9958627241036093
-12.032258847834724
-13.02853022791758
4.751980981707284
-8.646424507512144
-5.878248323609335
-0.35880788784513323
6.144014640940737
-4.892341756044723
-1.058425517839495
3.660326097948917
-1.175274184791141
0.13611813282708649
1.1631328996743626
0.37930711228919206
0.6860181859262416
0.25638210694980185
0.9784854311955627
0.7866221565659093
0.23926578659184786
0.7497400229126617
0.46801864146160665
0.8385213228897322
0.31938772568519397
0.26943867499091034
0.6023575862564298
0.9274360909384078
0.24870603183868445
0.3667692163248208
0.9424940851040422
0.2947290260825065
0.7301228175096859
0.0711560823435805
0.40080876349583294
0.03786714388418699
0.27829483311759484
0.2666158460337992
0.5405892077130359
0.651209809052307
0.6608192655575402
0.5318493476904774
0.7227464332683018
0.06093155243368653
0.7740176811727568
0.33376875901723313
0.14309534876909735
0.41793219141451654
0.9763614168842698
0.48140092693862
0.8386588824937843
0.1437477252049959
0.6333492392092142
0.445690049369579
0.8620229834415354
0.7041910062393735
0.07972520787722026
0.43262606067735665
0.1892055249308039
0.8413037732611269
0.08462665265058011
0.16390732453858392
0.9495682822800723
0.02165354663587926
0.1674675403485787
0.4006624999726931
0.8738755072277926
0.22810899311360988
0.8940903166434676
0.24094654103807134
0.5686842379338676
0.6788441613925857
0.8556408947756916
0.765332791670519
0.6999304833886391
0.525029259177267
0.28559690085102496
0.35136420485831954
0.7252007200230907
0.20448734237469324
0.5408935962370877
0.4106187380468397
0.1859945981436577
0.07039740090879398
0.09462188900406643
0.9570302874634292
0.7978534713928053
0.371105105696543
0.1011598709316961
0.9656095803341295
0.06833331861673653
0.059612650268908496
0.43351062337565616
0.05413386443531365
0.8770118773011369
0.7564860517448129
0.8770180778225822
0.6796997693396593
0.0389073237962112
0.42206517493548734
0.36602737838918853
0.8314618123672664
0.5673647227290687
0.03442798331677588
0.4614741063112109
0.18503821304640833
