Architecture: combined
Number of States: 20
Parameters:
14.878915994108198
-15.0
14.867907922638988
-15.0
4.190415038135845
-14.40609263881858
-0.03571795316284613
-9.523444058535231
-0.036708182901067206
-15.0
-0.043490141612610465
-4.291516633875006
10.734303358619105
-15.0
0.018306755907579957
-13.779149483350281
-0.023121015369836972
-3.054510215988711
-0.627575853570945
-0.7483250376708576
-0.5390710035917792
-8.266281397066468
-0.5474265701725822
-12.360629298337745
-0.5420634142173506
-14.41144990056043
-0.5489226473591313
-14.583360834510886
-0.5360698024228603
-14.587103031359746
-0.5458675801323725
-14.4319124114269
-0.5431436813534445
-13.401662145881698
-0.5356852354402668
-12.701515172241274
-0.5400985453705226
-14.70517525310831
