Architecture: full
Number of States: 16
Parameters:
2.2044238351141363
1.9467326562408458
11.18327427535403
-4.840446269004733
0.21979127913090485
-0.7039419153013451
-4.436012432067947
-4.606139475870716
7.671684963663421
-11.531023571831332
0.5842507184819756
2.2132479897004527
-6.922649957789931
-4.001637961382165
-15.0
1.5072727658817702
1.49378672482375
-7.129448564396336
3.6580029021068996
1.2731938124725224
-0.9881415628363072
3.038349901947655
5.149464347931178
-0.930852237650237
5.526246865973538
5.092098763853157
1.0544930711159684
3.4356196673994304
13.27998324732482
-2.4415424325220787
4.785752884996589
5.364196979196429
2.803628763986618
6.40927654708717
3.1057150241092697
2.9686609262875394
6.554563850691921
-7.713268733389197
-0.9715127226524943
-6.870323156418919
6.434168000530012
5.961079599008012
15.0
6.0079912863019835
-6.885423577965602
6.374440182931874
0.9864556393629258
10.123806503571831
-7.67511121540154
-5.925021909705072
-2.687519268859661
0.4122555471392442
-5.122507623626803
-7.664609923026974
-3.804006284226359
-2.2575476269172086
9.827438297724434
0.320897906166621
-6.886020875396172
-1.2634980531788116
-1.084551988018833
-1.3128480458228922
-6.564031547510423
9.150612641832545
0.25836974345361047
-7.594289327311882
2.899638139416313
-2.5800434277600797
-2.027376461066498
0.5148147311095717
7.929172210738021
-2.431960748878977
1.485825269049808
15.0
-8.199959335592972
-1.4875189773676913
-2.25349935812471
-6.583529604109253
5.92351897577812
-0.9966817294366724
-6.787692986061543
1.4055742819302492
5.8827667155898435
-1.7954520176535873
8.377403966056146
8.851754731092466
-2.684856244401406
0.44658118269515273
7.090083929442367
-8.504031109570954
4.7962798004943386
9.499914919289182
3.629933078938225
-3.6536823500329128
-0.9888157346572117
7.100368299904651
9.085487449475915
-7.256524730636668
-5.761114747717249
-7.12160328634655
-3.9306683290738733
7.987208353696462
9.650112644265073
1.3727143480751398
-2.978304000143549
10.94337263015782
3.51717090396525
-0.7858874951854876
11.731236187618707
2.3155504665972053
1.795576887622118
12.394022930548802
0.7237810808761008
0.860783373469245
-0.3683971300682451
0.38840002848442484
2.155236758248887
4.299146534390047
4.858375469542386
-9.96128904698976
-5.99276086581044
-7.670606129336086
-7.469892573747694
3.12616345042414
-2.961598586127126
-7.428145055384947
-6.352847445414521
13.288124409851166
-3.2834382996706597
-6.2469073724169215
2.5660945313578907
-7.055859379485132
-5.6867456535491945
2.2993567178673247
13.008380345434423
-2.700142302187123
-2.183319177318866
-7.688339625200745
14.268951616934224
-0.8355323169419849
-5.584486822545787
4.347150020436425
4.093484236011103
-2.325447503523334
5.086709998284331
7.084696731235903
-3.0263225394620683
1.750265260618496
9.230244521601968
-7.978203204929995
-7.797043878775945
-6.647494528659113
-5.098183066134049
-0.08320152397457642
-7.710063785053783
-8.059565766073453
-7.593000687506349
9.2726327135594
-7.46509643618126
9.53550348976313
-2.5925032436369295
-7.055508173256698
-4.098219960219481
0.09040251979938575
1.6389414103957392
-2.4679245122972464
-5.293673075349611
-6.450548124015015
0.7531676260557686
1.079984159513599
-6.598263731942637
0.11665948972318974
-6.09483499739548
-0.746927061377024
14.18704418942834
14.455283669118579
-7.005066465182258
-0.5463959804404742
3.137334413793405
-9.912056422618575
3.9140689430188402
14.103670076143038
-4.616762472719599
0.8027957428171203
1.195657487980671
0.2513546136759785
0.4566659342267363
-7.848917448184279
-5.421328971594616
-6.690802229892884
1.646778868222592
14.404209598085687
8.470294753245097
4.057091976207678
2.184051044213036
4.045948315941293
4.9092559625356
-2.9614706572722342
3.7940871369518465
1.920055274122528
0.8690678612738103
13.0409624242961
-0.41525653439768406
-1.29977509101068
-2.125446374914868
2.89211462710752
2.2868240838246434
13.341104374766356
4.281064582517148
-2.0859263593752497
-1.7163449855499822
-1.8932019754878258
-7.133011582474709
11.593038845953407
-0.9124217808237278
-5.9147589922170205
2.8508308152206343
-4.97520995677897
-3.1149386844165408
2.1983923417475846
12.403118980884054
-2.169010833556062
0.23185550988370748
5.855701920781672
-8.189099346510964
