Architecture: combined
Number of States: 22
Parameters:
15.0
-15.0
14.993561074410941
-14.96518435711907
14.936225212260975
-15.0
5.7443310123200355
-9.300276756952579
5.04391195462089
-6.623512504997928
3.017815304997523
-15.0
-3.554412460220492
-8.769605876082442
6.606815492784848
-12.408436602432683
10.923150192307935
-15.0
6.39127997528456
-8.115856628097871
2.731721524240256
-5.043213192867289
-3.611475894897693
-9.815635392612492
3.8405444858212494
-6.235442189585699
3.9881840747896575
-5.81318173774586
-5.925170346390594
-5.2869108218182825
-3.3568166366407244
-9.155973777766361
-6.636026564706035
-11.49294829485492
-2.348045750233545
-14.999986214596763
-5.908178923883779
6.2250453280175035
-2.99253247232868
3.9621415512336395
4.222945276810015
-3.506733114478658
