Architecture: chain
Number of States: 24
Parameters:
-0.06458468361298259
-0.4947615578532474
-0.1889218183507153
-0.15372462324856537
-0.34030757122848043
-0.4935975417351247
-0.11391820174592984
-0.0955623839030636
-0.5077326597808389
-0.40710642461773305
-0.16019633492970176
-0.37980036810477763
-0.19755876728140617
-0.060964229758393926
-0.04150343365807212
-0.3074811747302454
-0.27249537716818517
-0.3744066033378647
-0.19874269659017993
-0.39626152417014904
-0.17755711683209757
-0.2562255079467718
-0.4800771580126692
