Architecture: chain
Number of States: 48
Parameters:
0.4605783930082461
0.7288801657864679
0.9590014118032975
0.7661937871546085
0.3635318901008524
0.12187419725716775
0.58450687131785
0.10901817363874844
0.6694041987934074
0.9357449598581095
0.5990704054762988
0.751368693130229
0.1214171174255233
0.8603505014795331
0.7846684344210038
0.6709456668300223
0.520925290879076
0.06314695730369135
0.3012977703731329
0.9699062899549165
0.8889955646666967
0.9037858688127903
0.08420247725606556
0.05070130628660707
0.9466924878130957
0.04105571370000505
0.8485845545432537
0.9515015155124389
0.954967220523817
0.915071376781056
0.05023472598428258
0.914831483601959
0.4939119688387237
0.7478165953305835
0.9044820685020865
0.2609568757940379
0.5776353605213413
0.5921148779152983
0.5160189413729133
0.6013826875403873
0.1356225684214395
0.2710814741156118
0.7974904633204644
0.48947612825407283
0.6135464821690962
0.09472257021347508
0.17025535744761155
