Architecture: k-jumps
Number of States: 28
Parameters:
1.354192914738385
-1.3598610883466398
1.3455809987389176
-1.3010369152396826
1.355315647683231
-1.2212721593955616
1.32867712055621
-1.1527234841268328
1.2921467517167975
-1.142702910475496
1.3018848803598742
-0.8874865789367861
1.3648302447489138
-1.2805479030526585
1.1650321502441519
-0.29536453373870364
-7.502030676613658
1.4797759711491738
-3.749989875260267
-9.743405337294668
1.4154926835034807
-0.18908537578802592
-10.102388023608066
1.2596651817641868
0.3541292137799849
-8.981860902977212
1.7115147796457033
-2.9151614919837683
-6.717905678717619
1.5262394864361801
0.16396973117123834
-7.553313258380685
3.622570016823594
0.05911804724035237
-6.071399619724123
-1.1550278242877137
5.998125673472914
-3.313707985070095
-0.5027510852379139
2.936648585156044
-0.6699420692776646
0.5083327956787305
0.754298398761981
0.5826122121277407
0.12716177601526757
0.800090804660463
0.8629267625714351
0.0099209945081276
0.3079906720928148
0.42129561012376954
0.8219644085417143
0.03508938443365602
0.006431814296758566
0.9161698817933296
0.5623015138090236
0.9802627458247403
0.8451458326931441
0.0014193431804826462
0.26587666884116057
0.5588388745670769
0.1350858314699691
0.29944149045764235
0.5800450456879048
0.7703566290795885
0.07171580498052665
0.3424205375153332
0.2217831371682336
0.23038431332376974
0.025383790599463052
0.2300595608744579
0.06233777465312795
0.42853188024728084
0.4574265697922688
0.4340607504104389
