Architecture: chain
Number of States: 26
Parameters:
-2.5477248772011487
-2.336538385212391
-2.3223260736935076
-2.4013616691461177
-2.4215699324970146
-2.6006194297560743
-2.3360530609528127
-2.39100221434149
-2.4377706555200627
-2.3333762741893684
-2.434114087686681
-2.430363756140337
-2.381955027478887
-2.413516807952465
-2.465236225233543
-2.611960852109209
-2.5905340329508046
-2.3599891417932652
-2.5026086254194713
-2.5192565835496743
-2.3282021899332266
-2.338800457837503
-2.3302510653687962
-2.3473127707547663
-2.4155830466749606
