Architecture: escape_chain
Number of States: 24
Parameters:
-2.9429596039984443
-2.891716017518021
-2.8311975627411528
-2.7721742214029996
-2.70918728708438
-2.6399736745045606
-2.5655027781782733
-2.4841280838071174
-2.3985944332625793
-2.302863094844112
-2.1970835578911574
-2.0798645653572696
-1.9460932191176685
-1.7917479460429273
-1.6090893845437244
-1.3861335351108046
-1.0990295667622063
-0.6926863332477969
-0.0001540019723733342
10.40683791306685
0.28609704164697314
0.7631195164953051
0.6571700406663178
