Architecture: combined
Number of States: 16
Parameters:
11.505670493363203
-15.0
9.851661755314678
-15.0
11.982580922079118
-15.0
11.911046019273993
-15.0
11.294121672567547
-15.0
8.580149054606364
-13.423146206610555
5.116054120854204
-12.689746352153051
10.211027998965942
-9.251976904986165
5.917617225383724
1.6585710398516615
-0.38994171543051614
-14.009230968882513
-0.41964418021049016
-3.7309103516084927
-0.5832552388366574
-2.1077742893541065
-0.28327162552448254
-9.103391357178378
-0.26793455253959464
-11.546425148902431
11.54627514167453
-10.467103267034963
