Architecture: k-jumps
Number of States: 32
Parameters:
9.15370566037979
-9.562308106653468
6.332046032018616
-7.41684690448205
4.672794038192276
-8.842029334771983
8.125857329187717
-7.375672860473327
-0.15580523069466334
6.721886378066967
-6.820875647799141
-2.720756481552532
9.032039408955438
-4.491161044934005
-3.447026775824744
4.087742219108186
-1.4047331062393396
-4.789446164346051
2.807459338384513
-3.382485256972244
-3.8769623694069746
0.40836979736880397
-4.143614220900024
-14.629342637402692
0.42523378023846586
-4.010620473280901
-10.296110817516444
0.2633406059012897
-2.916008412432066
-10.376903620042533
0.1692555644006929
-5.930701780934433
-10.516243233986215
-0.09600793620281431
-1.3099755992388509
-12.735998587413581
0.11066397647792506
-2.197909210505002
-12.180051093860682
9.911167056784668
-7.672134091855568
-10.082349812927033
5.780584323000941
5.586727934172258
-13.883327455984992
13.361734712754036
-10.945740260981934
-10.525627017258241
15.0
-15.0
-3.2816682541975113
-0.47450741765266674
-0.485982862058312
-7.128801832798457
-0.6818727256571878
4.495221681913321
-1.98276000322831
-0.697552149587083
2.591636365495647
-0.036345942452348574
-0.3431464118063169
2.162125238557881
0.5291846547078355
0.7406019060971958
0.5621414126735503
0.39582705539225144
-0.13693796310282158
1.3834680798304464
0.6476530985870429
0.2654036907218591
0.17644073852588726
0.045313993476606036
0.20095577047683694
0.4236727188030423
0.040743860618873785
0.48408167075242503
0.1594091376982971
0.8620815856871114
0.2198745494382977
0.5484686242449932
0.7050133829984019
0.09982597135276496
0.06598473523526198
0.5152025776470769
0.17640651046738565
0.35808223185426946
0.8174429517863199
0.7649263878202095
0.387281773662696
0.5507906106041841
