Architecture: combined
Number of States: 32
Parameters:
15.0
-15.0
15.0
-14.924482999580086
3.5245452865436717
-3.423243231596672
7.665450888593487
-8.534768684275951
6.901305728991467
-6.308730659546787
-6.177778306834411
-8.927920331764916
3.4359076417388614
-9.778103816454912
9.09575629589993
-12.969810475696825
7.834831680538227
-14.218481892686498
6.684323480673143
-9.460949992248656
3.33464806914559
-7.299301863859114
-2.4141343619250786
-7.344365200136971
2.800616560849523
-7.343787876470974
1.6784397640064708
-4.636445010326807
-2.0128230531280837
-3.1052305788504366
5.9830522729406095
-6.01447478129773
-2.4030752089829006
-7.284244509583838
6.8878874430791
-2.8131938363199374
6.4416168069405995
-6.663383338376374
6.498943965999302
-5.3908270940570775
4.73157961798615
-5.860975262707489
4.581156019444057
-4.125284291355185
4.188078230073273
-3.4039680521007587
1.6444693123923948
-2.529026820162806
0.7111996411719362
-0.3879590333206451
-1.361035382462104
0.9442889036704033
-1.5604624802627052
2.1893804329469444
-2.275113788523731
3.67934952290678
-2.727377583307786
3.758800309786022
-1.655558228131426
3.5234918877414416
3.871953620849372
-2.6080079924569692
