Architecture: combined
Number of States: 14
Parameters:
1.5782830689712704
-1.1784038486064594
1.5509029915900625
-0.75373099983174
1.5889100034624202
-1.0349447954276334
1.676059717396473
-0.9016004749566102
1.736717637014513
-0.4064726151637292
1.1546574109159071
-4.143524154403081
0.886829452975289
-0.41373560713997987
0.7974451005254615
-6.964918167137224
0.7413061802902275
-1.8573688462390825
0.3629910767090823
-0.2058971711987411
0.5753048033145357
-5.929700038857845
0.5864025794160662
-4.580076002127809
5.336352277993403
-4.4725813408638775
