Architecture: full
Number of States: 34
Parameters:
3.907331233519438
-1.1694108502632499
-0.5890413283840501
-3.31639406421571
-2.452533200680213
2.4992945312746695
-2.9571431667811536
7.65063981316049
-11.446424017587328
4.514138659494
-15.0
6.857901879068849
-1.9630131006597717
1.617324327808468
-0.46972783052071876
4.813158113819098
0.13876983524629477
-2.86865936604263
1.5753360781637618
-15.0
1.240383870979419
4.35664958542747
-15.0
13.353517918059694
-7.094926019916155
2.4509660338976156
-3.891994612549507
1.8172512141727435
6.437524523981305
4.033359578112686
-0.43606668480079536
-6.3471526583080875
10.403512823441996
0.7853527296130705
0.8601038365543572
0.3344041245941977
0.5164908008097315
-0.07025567863743433
0.4235990053224337
-0.8372454552431192
0.32590901909747505
0.3495680821722986
-0.060469453996618634
1.1748539354304603
0.5289892182969799
2.0381553366428586
0.8792151313043476
0.5867889409685024
0.6874289398138604
0.2767366221485411
1.5397248871559286
0.9399236742674024
1.4656852712412591
-0.05592125433787126
0.9442788569447679
1.2476816603996717
-0.013451002377476463
0.733930657190807
-0.21850198162046428
1.1232613896824428
-0.30864862685304745
0.20862736629044928
0.32419286715955
0.8939156764203467
1.7362166069904996
-0.7974555938110052
3.0421655133307035
2.246816775094006
-1.781496770795196
1.2308717337402537
-6.037626272117348
4.375325181369215
-4.60033371842884
2.804349219597652
-7.918253245678674
-1.6137507682988448
2.976485676071689
1.4963791870757044
3.171029720953209
2.1426911936152355
0.2811413451884152
1.5629856477683424
-4.279656662079931
-4.102287926142514
1.4086377829589236
1.5055586784349706
-1.653944194131424
3.338751327357474
3.929365883198694
1.4384025976047718
1.7756104272283706
-3.6434243157512434
2.681796450074354
-3.0530839391645883
0.7662488591307511
3.548264762491043
1.4089323202834931
1.9480247284563983
3.490622340153544
-2.054546589153287
-1.8795683270144676
2.444415211863917
-0.9784759967435249
6.356741273989498
-1.8676268417083284
6.302810802304075
-1.9796426669271134
14.420454770787206
0.8870858484101718
-1.5826366040357434
-3.074624053058002
-1.2000555628011427
-0.8509288822295296
0.8079005402545496
-1.8137126373709775
5.637993864154489
4.232414113381715
-1.9004610354332523
-0.7662457357098604
1.2947809111984103
-1.9151747151938698
-1.3266968921502302
-3.0814829650538673
-1.1011591817946011
3.2502431686956363
-1.7331978815874864
3.6521379301613233
-1.1374176872979067
-1.5745717619469957
-0.14654537577825014
-1.5983653958888702
1.7091429942750238
-0.5323972265733933
-0.2247962943633033
2.6873327159527234
0.692214983227409
1.8352959539555729
-0.29588470890134094
0.6219987855583551
-0.31378554918000284
4.516521403904711
0.7604638449412525
0.33802412482312433
-0.647103543033192
0.27099273324136486
0.012355779135417369
0.3476256677476232
-0.3751140390191699
2.1524173862767917
1.8386626195272135
-0.26778448009259903
0.4174557245076008
0.2636385045088832
-0.21653511585218368
0.628528429574139
-0.7562464728871867
0.4522960674663546
1.1854715771031998
-0.06748861238414217
1.2057351352477097
-0.14346769612743115
-0.21672886763444676
1.378342702156725
0.6370097856602583
0.23284792498460488
-1.5940619610824274
-2.2451782748531772
3.346909772152226
-0.4605216187259572
6.069093510983035
-1.1758306413568467
10.575049915898605
-1.8411766277341666
6.837791745309814
3.043973101558432
-0.9635242570721161
-2.0916466585046805
-0.6126360403435999
-0.21912228066742404
0.498846900030592
-1.4784202310116616
6.1600492297513805
5.00885059992923
-1.1168357413020154
-0.23379785821916685
2.1075368722237773
-1.2674245832804647
-0.8935627417458787
-2.8212087610738252
-0.59470876423361
4.266202041662797
-1.9649415668217913
5.451590992561807
-0.5625811992248958
-1.6926100190104525
0.36345664827540247
-0.8444568717908414
-7.970840921592355
1.267673617138747
2.0167583464492393
-1.163592799600375
2.923218167872875
-6.979968196199166
1.3258128892751455
-3.5671620644509536
1.5008139998516596
-5.7319309220773755
-1.2752772765921943
1.7887990422395634
1.8026833772202735
3.3037067476214292
2.2230557143605907
0.4131506476589553
1.4900561003426636
-3.2088491479144747
-1.412185082470456
1.8737205628574953
1.3635472014714918
-0.8894232645305418
1.5188864232025512
1.687311584144138
0.8778101438399554
2.929345317865758
-1.8680908996507184
3.4634932774845124
-2.777969981982804
1.0072894798417387
1.765828393050913
1.8180810464502264
3.7881089495228326
1.8095892031856622
-2.8672393515360457
-2.351765185374595
2.4042056798121805
-1.42421523028334
4.070275506664777
-2.0079406196837253
15.0
-2.6146655589351435
2.9056279878982414
1.155502441921847
-1.4432445261002318
-2.5000077651311994
-1.0557097431753815
-0.8424740171704866
0.22655650395240526
-2.514770208711448
-0.5585833608934461
2.830823521901167
-2.025152264446535
-0.8187143707419935
2.610987103053403
-1.8930365626621557
-1.899282479832837
-2.3189310017760314
-1.0884285137140988
3.4782538911782166
-2.464543777063992
7.0560875383951265
-1.2018635618889655
-1.5290804704739598
-0.2957032682663506
-1.264788567572182
14.557818815087234
3.5372430842762195
3.5555308970803075
-4.920910803740642
1.918447644469033
-9.461300718081466
2.7075455330930143
-6.803622451446447
4.614018936639494
-14.604411638701594
-2.5772637304049932
5.522825907640594
4.229611917033518
1.4025714963384055
2.2542002413785047
0.005853420093128497
3.4184251844991542
-5.672249454139535
-4.6961542646195324
3.0620159028118676
2.0946261092865974
-2.6190337062555185
2.0328639016527155
3.0688486825733037
2.779362155325228
2.3822850495118595
-5.767375204039849
4.597797075471563
-6.365763198924372
2.292556313992257
9.09170882402127
0.9768559008834573
4.523337276711501
5.76129655578873
-2.302774315540351
-2.077777927841515
4.298983856249623
-0.9222784123181342
8.033439291994421
-1.8612360073531296
1.9112674868021107
-2.5417104741321843
9.337943438626228
3.191993980309853
-1.7572094888141585
-3.568741096256818
-1.0080983189020072
-0.7001799504835722
1.9997195062722533
-2.4484456538815733
8.847962850311612
5.668932172945076
-1.8623976465694554
-0.803781557083497
1.8666244502072131
-1.874671643199716
-1.589145547696694
-2.5068776240171933
-1.3340943369654334
4.85255469739595
-1.8742453252025058
4.008558098790685
-0.8774860621256924
-1.82522897528416
-0.1753328741611793
-1.3085625541525052
-1.9907053138904034
-2.0018953800084334
-1.6466732560882589
1.546946806367153
-0.50031285270909
8.189372646899699
-1.0698977719426785
3.8068768685502983
-1.8869652885813737
4.269540674709468
1.0049918962483921
-0.8103176823019191
-2.310038217710304
-0.5752524047470994
-0.32307337522401997
1.26791241091297
-1.3935983256297397
6.572358113825295
4.78607979298819
-1.060024125382876
-0.34494680921540666
2.2786710135606674
-1.8621237894953366
-0.7575865960040365
-1.567586388619671
-0.5967266885470708
5.394299959242469
-1.8674519042151223
2.4496274165208756
-0.5066424392165639
-1.5268629346138423
0.17851836030793072
-0.9424099206565865
2.7769412123093873
2.24823503978438
1.91324139280095
-1.3982040001881189
0.7909019497332211
-9.68665774933468
1.8215061602372284
-6.698611115880252
3.3398019457269434
-8.726929550667046
-1.597413819422919
2.364134736324576
4.357017250755211
1.2339089462083745
0.8213420495379549
0.3066564518850736
1.95062887446852
-5.204845933161022
-1.9218487621668827
3.563056847936277
1.896358810541168
-0.9966025063865663
1.3560262034352422
5.33750281179682
4.943748210627444
1.0556984677576937
-2.418462943869554
2.1026863929051873
-2.1994062369319587
0.6250385977456819
2.3105695401703508
0.5547147543564249
1.1431138456232646
8.68346530713412
4.948866118846494
6.897463705996721
-3.527598226675772
3.569169908731331
-15.0
6.079463519978934
-10.622086822264784
9.320729590671903
-14.129769116040716
-3.2612502108313413
5.132909585198624
9.808914367376252
2.915107366612732
1.249610130596834
0.02999713910386995
5.727632087635405
-8.857278125156855
-8.982427569741931
8.206129930576658
3.9048226102014127
-3.1201854006152145
3.752548079453428
5.309626209828372
5.839201352316067
2.3858117933393355
-10.933276015268063
3.602218450428133
-9.144652536320526
2.8319061865956607
6.064446910910722
0.8629294918014646
4.030729896998077
3.964784921217718
-0.2587455425737806
-0.05076140509928629
1.4323505326190284
0.3406802150538094
2.1604504123816075
-0.19212263340840305
0.2637152251338285
-0.2982192570667036
2.2363677945753233
0.3592289099428538
0.5671645107225075
-0.48314763512130443
0.9069596423860333
0.4367452182174391
1.3268431769109865
-0.3167707912394317
2.6971142035788604
3.9232054883703307
-0.05319364817107256
0.8749076186696163
1.0264367083577657
-0.16740588461955375
0.6795391725677122
-0.655223028852644
0.06806598529542914
0.3531047447398605
-0.13677057009752427
0.4686428120496961
-0.039819041590693646
0.04838329288298737
0.8745846228295855
0.031938878465517524
-0.3779545943733927
-0.784067731545461
-0.7370606883858088
2.861391901525211
0.17257001722326915
3.9233963903305313
-0.44346423312600325
1.7638755490979177
-0.74008703289282
5.347096976290665
1.3328743339951168
0.1260662649385228
-1.0563175131546072
-0.016288646121334828
-0.16650637912352204
1.2157600244251485
-0.5135159587457044
1.277200424860901
4.013652992450936
-0.406446711266984
0.5059326927406412
2.248071894790932
-0.6424186295946476
0.07139508768402072
-1.4441705294809697
0.25690880140434647
1.0241746713819664
-0.648768661792115
2.447763061930362
-0.3582015826556881
-0.5114400809524926
0.7876633955443262
-0.07285323515795082
0.23586855879664856
-1.1728575159437578
-1.686343627932813
4.329805555395486
-0.38071174170631916
6.428003261300457
-1.1945526248356537
3.155488414347097
-1.2716746013916032
4.667948368830956
1.372691224099767
-0.570043443110919
-1.334927487189921
-0.28992344185703045
-0.09345710132998708
1.5551558760350264
-0.9362478333943116
3.648928857315371
2.30879551145057
-0.7633978563012602
0.29048927528027585
2.5170193926771227
-1.0114689196723905
-0.5053063640723527
-1.6606667032130817
-0.343310977206848
3.2482467137162767
-1.057707994101781
3.6612024608606606
-0.43534893829238913
-0.8994339330181533
0.5145464007240791
-0.5226491347258425
0.19091634716820077
0.5387379155212941
1.2484058418592108
0.05663773908762752
0.3128789770276634
-0.09972906606221542
1.3607038798959044
-1.304478941512937
0.13433986783436702
-0.2014280291797949
-0.486879718456099
1.2717770608009569
0.7243711653273911
0.31380451176613156
0.4167084467542198
0.2247515256906151
0.5912648735910302
-0.43495428774788464
0.4967881600816088
0.6453485672761964
2.010990313980836
-0.21686111831135174
0.6416421275850296
2.092512422721168
0.40957922174865535
1.2167175127448266
-0.4037058143646396
0.16190291997515696
-0.4086729636548486
-0.041325610709053454
0.3404093233906876
0.2008520952071754
1.6083991145492786
2.510272281878967
-2.199996275187766
-2.362724612553693
4.4537904636604715
-1.0300044167266396
12.675294419730582
-1.4683762373331595
5.922525045522547
-2.0914867759060756
9.588437181923549
1.115888736877008
-1.336836866367479
-3.413808882269661
-1.2599797672416424
-0.7433578791376976
1.264049702490888
-1.7765305585991797
5.3145758580821685
3.160045156446012
-1.4737874853296589
-0.8724220353593893
1.2539936085056644
-2.564932466698431
-1.5719216729113434
-3.1604665196968273
-1.13616658502125
3.238539405013452
-1.9318871728003562
4.899101487704838
-1.0414873114951764
-1.6099407769583396
-0.2893418825813057
-1.1821901588416865
1.983539447928099
-2.470693235125616
-1.6640600049070648
2.9942986415936854
-0.7470622584761208
8.017003107929186
-1.393342319507837
8.448914223712926
-2.096260912388169
13.509553404588734
2.599810292116413
-0.9844504778630112
-2.3557024074928536
-0.8031811038328401
-0.5301636381564924
1.1661903735362045
-1.2927760493777387
6.930263929461894
3.767447550991787
-1.20254702977736
-0.4775714190680082
1.8820020207089394
-1.3882306189315496
-0.9594192661858589
-1.756351312724652
-0.7642157458711688
2.4419807244085923
-1.832785938764306
4.16877869643167
-0.7825405526851893
-1.3057592867870027
0.026035193630381894
-0.9790829929791778
-7.783272604231399
1.9995677925218702
1.9881641302668083
-0.9444863794588672
1.4949074815192418
-4.073331370255522
0.8412112363274824
-3.6429587911588075
1.7815006817947234
-4.849257178012768
-1.3361221164439854
2.312576403892052
2.3601541101363757
0.6514564163192409
1.3412042719910586
0.3451560984351507
0.6704590939768144
-3.4618754011399138
-2.2454420008842293
1.9020938712896251
3.1942877736090463
-1.0692962605655718
1.0505898398453195
3.3117241295403663
1.0302611758043234
1.365063487550085
-1.718425678567164
1.0938848992581451
-2.1381089146852723
1.9137701625010977
3.27218754934083
0.9681569219925327
2.056238871011858
4.708245640580746
-0.035359099608424496
-0.2492105343868689
1.799416669297486
0.33758886489828055
1.4031967867820332
0.0010162930274087057
-0.06073018668479331
-0.3401609511867993
2.12189989793717
0.22579301941282473
0.0618849652502756
-0.520689965696149
0.38471009412173773
0.6610700498107276
1.0324707982838799
-0.13278120742372818
0.37381722161587233
1.411550997062536
0.3484776530101204
0.591751342275276
0.5328529254453745
-0.2632627273017669
0.98463667385843
-0.46452367612085343
0.2609387399964613
0.25479301737909005
-1.9964826861782034e-06
0.5268148789754467
0.33521883420743204
0.21589836586702438
1.2971495684269903
0.6512825809489048
3.34337490883867
-1.3106330580660017
-1.3179625382638287
5.5471021898109525
-0.2781524621931471
4.611754326493461
-1.306189775725846
6.160564796446755
-1.326257928404834
8.960396065898161
2.138019753547134
-0.6622899380015183
-1.7689954681339635
-0.4362836222982509
-0.290275965293903
0.8693809879267632
-1.0568286592179659
4.628226415793375
3.1991267423818215
-0.9337540130778672
0.03338588800636384
2.3169265570592197
-1.1169028499149565
-0.6113670199136393
-1.5769457790467412
-0.3976755315244152
4.626854680188255
-1.3624241680282456
2.2369267600120026
-0.41672397902205877
-1.1381158453519387
0.8612544728273803
-0.8068112136932576
-8.783435205540467
1.7367631789654356
0.4020997651937824
-0.1211644883044506
2.101201086909627
-2.885736610846925
1.1827653810928418
-1.5571238146990305
1.0525293687806525
-1.309772968343327
-0.38423200302394567
1.2111155160519282
0.6464281462063479
2.259748907271478
0.842371130712516
0.4273999844533352
1.2012174874189459
-0.815085300440131
-0.0248578850254622
0.9992744654841111
1.1651693358676387
0.003840444187490297
0.8723781045574756
1.4295826980897164
0.5083715132613587
0.9882902586418953
-0.9770171731160435
1.5851838142657835
-0.9602535332566831
0.22914797475702992
1.914778313504363
0.8516309810523367
0.6532934342911301
3.3567309893207633
1.9658433299871896
1.6653367665884946
-0.6329296199390034
2.359127165516016
-5.2756773005298685
1.436564727478887
-6.272322581589567
1.4219292412816147
-4.9176494298529585
-0.8968098577741743
1.3137665661302347
0.9752005640818429
1.3308881394637793
2.358221520870807
0.941650703734446
2.7511231083732066
-2.2580459553119563
-1.1510093742695766
1.1461494694843088
3.8188219150535705
-0.5526734574510379
3.2666380557600463
1.973763700622064
0.7389533940132658
1.3123237724456596
-1.7037074960520837
1.4046134411033904
-1.5852134554616155
1.4104941824613637
1.637545993639016
0.8010642774234463
2.0923303357366883
2.38020157462798
7.102833218405016
6.14370817775177
-7.2455674667651335
3.7181844603337133
-15.0
8.159794735585999
-15.0
6.351859168696304
-15.0
-6.518086907224455
11.658317519072313
14.353159851369115
4.663836746695357
3.09397938485372
-1.8125782855231902
8.791723189447676
-15.0
-11.028669792345001
7.794628223832121
4.340711256617987
-11.075216490105301
6.473953005406833
4.838937196478749
8.958110997047774
5.1318459140873705
-8.253286192771727
8.233520832905347
-15.0
3.41618746288415
4.947420552197608
0.8996261669043368
5.8879366114256655
11.549489917785571
-0.47718518041821856
-0.23977767949672854
1.0308313141705223
0.10904664737405186
2.8362477509287842
-0.1284904761857129
0.21064631781008358
-0.4852667091675122
2.3967997838583903
1.0723590401593077
-0.041820423935558605
-0.5622088045079628
0.06709857616739659
0.724959071786956
1.2679675558156034
-0.2788507446013542
1.6914797343701193
1.380093764303229
0.07107002671159521
0.1301287111421168
0.6714975707049023
-0.29611562764604593
-0.09069773196317625
-0.7023759518170019
0.009896093326560345
1.3338979827417263
-0.24970595331320153
0.8179664082260136
-0.03008738798073299
-0.3305061918561894
1.3356492519937764
0.23275391050478883
2.2698266074530995
-1.857891910166482
-1.8221322000794657
3.8346015904119337
-0.45088728206710277
5.569274933514702
-1.096205170582641
7.339297710344994
-1.8058072844379915
4.488462644708648
1.987007485058
-0.8004281685684482
-2.406764579377662
-0.5089022389572895
-0.27150519051859046
0.338537170615544
-1.492412463459643
2.7178391622348768
9.1670856456002
-0.999058807299137
-0.1824108766145965
2.2883743879552925
-1.19765007727987
-0.8015543654442963
-2.5546060911322233
-0.60178738148475
3.3609196676609723
-1.9863213030879185
2.7681386243003088
-0.48273646256025726
-1.089846901365033
0.3620455866595993
-1.0419143820678693
0.5832393531408432
1.0340005038599296
0.5530299761514533
0.8182907577264102
1.6506513715010465
-0.5958087152072934
1.6118144242214543
-1.699928246510799
1.152702468411548
-0.5034922491520621
-0.17588213318791912
1.2255258869657184
0.6774528829214634
1.0350513651336881
1.416618405507878
0.6272149630449414
1.0038498458743839
-0.4327403703727293
1.40265003488859
0.7681463344507918
1.2616647185109549
0.10303340501165228
0.8179813813577927
0.9698769036713818
0.3152796245619181
0.4310694420410712
-0.4020919313244788
0.5688403756311879
-0.5094013123743785
0.20787270692526708
1.2729115460467715
0.9085398424186892
1.3973125624254552
2.4241645804885876
-1.5493850302329997
-1.777081129247959
3.107960624056568
-0.5342332032362693
4.1131087547329255
-1.5699649471643244
14.69549145057268
-2.009719895415889
4.604004039243281
2.60477730566277
-0.9002392209741672
-2.266699620740025
-0.5980364169758573
-0.3557311617342084
0.7890802034522121
-1.222930687619408
4.146412384662914
4.305188238054116
-1.405665694109098
-0.26409709257968056
3.8823214473143635
-1.4709697056172917
-0.8661355923929963
-2.769361977575337
-0.693418596091418
2.63165488528105
-1.771743692975255
5.6986078863122795
-0.5555070428777673
-1.50962943800023
0.1183876661812445
-1.004539366273746
-4.100459715607255
-0.48121309633221754
-0.3805663404927396
1.322697639432494
0.1485930745377868
1.5958647852165002
-0.10149153908575063
0.8151976399758674
-0.5198954991900374
3.9160969323530797
1.3562830899179796
0.4319105321062265
-0.7524824851239352
0.41075186245435424
0.45180223468034647
0.9851283928941066
-0.22238478731246558
1.0367544888405298
3.392256120259521
0.013564356997147814
0.5057065862340208
1.5849200230179612
-0.5083509001234281
-0.1391384496677474
-0.7455196695666262
0.12265644983360618
0.7989701684759223
-0.2253639030320721
1.122171752640336
-0.05984435302286908
-0.2540319480575315
0.17881647410916418
0.3690610493704874
3.959584801903697
3.409764240221456
2.373087631482683
-1.3669390253826357
3.4225215513809277
-4.192047725692064
3.1566319280562167
-7.148651172785286
1.7830490472226284
-3.736378851773438
-1.6863135381020466
1.0633286611877715
0.7067557756952741
3.096266008776078
1.669562208628946
-0.07976650006867551
2.1625346991764545
-2.0451871254149885
-2.2832756352376444
1.6126554101727455
1.6153641637503509
-0.9173029032881648
1.8652510664708246
1.7434664544270582
0.5645322875849822
1.5792699106567287
-1.9024999374721028
2.516277710352042
-3.5368252010033285
1.5889503638719646
2.685782536858686
2.477968167983425
4.095947379754786
1.977217547279824
-1.4198470785473527
-0.9890380009891275
0.8701404399271636
-0.21918058503422502
3.918891441242302
-0.7084999831637905
1.8969934877386883
-0.9731024858637077
8.091001651133086
1.1042040352131763
-0.2528292402469919
-1.241169080509261
-0.3861309036764334
-0.15722382317052877
0.6419753655268378
-0.8212082250563221
4.291151686338865
3.0819559406062194
-0.5988261484684549
0.2652227157667883
0.9777121573027986
-0.8730649678945266
-0.21160886042618568
-1.23972166188329
-0.08714334114594881
0.8883450323275994
-0.9361046524045112
3.4263587588398177
-0.3992174432531131
-0.9567579852176279
0.26727685957722247
-0.42088829032191605
3.0474490686656943
0.3347584373481336
0.28103770636720327
3.8776869581579327
1.1738226270363878
0.8816651806045027
0.09984273571046294
-1.0642668991544615
0.42123387480850827
1.257458338334615
0.38528005797512976
0.36206092389173783
-0.41944718037739104
0.7999362026078134
0.5932846806891561
0.35906832960782287
0.0006715062911610214
0.2248638138856335
1.7689550256748423
0.015572039010163446
1.263423980163486
0.2298962111544345
-0.050646333257642465
1.1585938714526736
-0.525127299576622
1.5873203917814327
-0.2599984097516944
0.7966448888033789
-0.16600813462564748
0.28007145689076485
0.7510883678209141
2.044957049521286
0.3947795114767467
-1.6857928238214384
