Architecture: combined
Number of States: 30
Parameters:
14.973212797329627
-15.0
14.923993011505615
-14.951875137506736
13.402325342456257
-14.99212077714833
6.647344905030996
-11.556068986557818
2.5373295912081395
-9.91886144731845
-8.925706778499993
-8.2664558750648
-12.930563395170017
-11.038045129928895
13.205916495774101
-14.465584198104345
13.36938722200732
-14.940182694221363
9.982337525432172
-12.979608017034966
-12.982960425656053
-14.972762471753347
10.810830659429952
-12.036074455487961
9.77101860607607
-11.807133520642463
8.44164503611222
-11.817879476103647
7.106219470954365
-11.619395896034643
1.0753539074183636
-11.135702059829718
7.464940859759481
-10.539459434734175
9.983570341281453
-10.85101441319695
10.4058944334296
-9.668882233194719
5.034641337972111
-5.753350583650943
2.702269474525098
-4.523254725007982
1.9844181611007112
-1.8343672708426406
1.094106982477625
-0.4662481650525953
0.4461882758960012
0.5883459130960726
-0.37808800518125507
1.0585542824858656
-0.16641429840956343
0.9172971567074474
0.2011154195450772
0.9367433463519499
0.05849443275766039
1.5414283123114023
1.916429840589241
-0.9657349696939105
