Architecture: full
Number of States: 26
Parameters:
-3.3522879792202227
-13.217360917124795
3.3940192988357674
2.2092646141062016
2.234775157868909
3.889087556231867
-0.14830469004814875
-10.0764093271022
4.396940722599412
-8.293260867086056
-2.175455464667756
3.3283633736041347
-11.321323578193661
-15.0
-12.350870833408287
15.0
-6.122719228022549
0.053375428609886075
-0.4795455163486299
4.900466645966547
-4.4670327296902705
5.39452194985325
5.878896546118505
-3.6227795898604493
-15.0
2.5470182085454054
-1.208321816673978
1.1582426419033214
1.9522009664287743
2.192441392749807
1.016012124783734
-0.7318569188227945
0.5814277704735229
0.000508935655714153
-3.591964730101369
0.225839972694136
0.9672474292129031
-1.27711534468224
2.07785933100155
4.910896181133484
5.9165582462690605
0.08094066083616935
-0.5085157401910942
3.6789242564800513
1.6767941522160525
2.24712706428638
2.6017672159242964
0.1611069497071302
1.8570338158163895
-13.981972141556563
-0.5099336933804961
3.490286598031235
0.14102363900872247
-0.5323705098109325
-0.6821076385816056
-0.2588449549574521
0.2914276718654937
1.5245658862084759
-0.39186610977645703
9.891321066326395
0.860850552981035
0.06787167071224227
2.0291383938608587
1.8380933501299486
0.9343517133388989
-0.9623344300369338
1.5238693627953794
0.8941362464346362
0.5576552959975873
-0.8781001656047888
0.9692530319436771
-0.07045089095922628
-0.8405211629245074
0.9844398160974562
-5.8054420518748575
1.3954111710739205
3.0248868047513735
0.8714032531755547
0.6407097080585583
0.3275719545588754
0.45765784566882034
1.112109691037995
1.0230900895165835
0.2246326721227663
0.39200243564983206
2.407601547845286
0.6892387953971948
0.8652135033816652
4.607605604913569
1.2177305675677328
0.27099028259907487
0.922394466644491
2.112984741487879
0.5682307926663522
0.12120058498307612
0.5325709247891662
0.4448789647533944
0.4026069019275439
2.0032110820149245
-13.84692654718471
2.47925999195673
-0.14521106214109045
0.5406135848544065
0.6490798400750101
0.4866079512387508
0.4911400938661845
-0.2487602966653705
1.833082385529245
0.4479993701868677
-1.3244605047590319
0.9453506803893171
1.2451950616737342
0.033478938952871934
2.043982674498258
0.9831975157962014
2.4371150866258326
0.5920222384024488
0.2991182133002163
1.8055764506949095
0.6926863312988613
0.7780563275322792
1.6168291709673697
0.8473914489221551
0.8502181126351545
-8.57996811502187
0.9333045733203542
-0.0417088786677052
1.2844743218679968
0.7658962210142867
0.3694403972657731
0.2810110498761436
0.22184495753490524
2.233973861988517
0.1695082652621289
-1.07650163497762
1.2690060938105623
0.26683126111179084
0.32476582876877563
2.0327969301914757
3.1632547905261617
0.3748115481687018
0.8596041118596579
0.10162593880448668
1.487028948982712
0.09074452091224472
0.7915637962778596
0.8022602472719306
0.09737757717521624
1.4849275760245522
-3.659548380513117
-0.036711757279785755
1.582492896667541
0.24547235145377358
0.06084648047467935
-0.08236424775629261
0.34551540434862466
0.11323665872847094
2.9527301563862407
0.1386362512394372
0.15019052641382605
0.6788718884304867
0.7734799417503591
1.0291819780056668
1.9363296076208363
1.0945407654007921
-0.24938829297928183
1.3418285199115834
0.6813133045066974
1.0513710881634557
-0.22696791502227817
1.516271821558793
0.02851712135317187
-0.12199553119671229
1.6984118775801622
-2.794235327009847
-0.1587554470312803
2.093415173464297
0.3966772841293501
-0.009559855940017958
-0.32370852538831235
0.02674842509470231
0.1966975870093298
1.4485011548593418
-0.07854753862691795
4.121809225564362
1.5521722955964838
0.20036576700443975
1.4794688257593536
2.057604912871784
0.8394534061570882
-0.8658914862354066
1.6846379563023637
0.9116862108978582
0.7068727729740547
-0.5604719455537438
1.9098998807799907
0.13930891768778916
-0.7598077345606953
0.3723529319964894
-3.2397608542417884
-0.13001217840040813
8.296652492658382
1.07725494981299
-0.14500447052729742
-0.413263880114055
-0.16827450301115068
0.4237203184777432
0.8440818274541437
-0.1761182241612741
1.6387695054294378
0.7275830348753078
-0.05294720778344866
1.003767518202949
3.3631049249975815
0.8001806921245622
-0.6521125206838453
1.5576738925398264
0.470156365020389
0.07688194075233867
-0.610864195915422
0.42515551523233763
-0.07025955029602023
-0.7848850902974421
0.5687774468134673
-4.389715307578764
0.09745865283034238
2.4675795306881074
0.33971548598713114
0.029261901374055994
-0.3635639493815918
0.17469020456470036
0.7874970562473339
0.9672092851472877
-0.09208656007557585
0.640108281748447
1.687112098954399
0.10587933323989072
1.092935284500821
1.701881481187521
1.0115071041865054
-0.44839744988791086
1.253652888679754
0.27697663422455643
0.3739295147898367
-0.5020338239951737
1.6496788591112692
0.17596063075544816
-0.44225652439868623
1.954147695725577
-2.511956611628817
-1.9103383680782653
2.2195389106458667
0.03024597337035594
-0.9996287292933257
-1.2657734873179425
-0.963536027151833
0.19066410617178478
0.32706599829492355
-1.784389956323151
12.377000251361421
0.20893675374833148
-0.4391926012173137
-1.2487013740378732
0.4636888110437143
0.032639963753327395
-1.9939226530109218
0.11714960696223282
0.43935358334735297
-0.2729503781981006
-2.9518015981460115
-0.10424485864087385
-0.6877527006458906
-1.6956201325818376
0.3333356159176216
10.080883525918802
-0.26732110611157117
5.518621030772856
0.9675910012592025
-0.08358713336982061
-0.3416620257255247
0.13389216040104748
0.7637990117062837
2.1801680393212415
-0.11109877271504391
1.5649984088769548
0.1264971503860944
-0.042656965480029806
0.6974069107025866
4.834177462179285
0.444466185979696
-0.6959604205751293
0.9649500298117663
0.913788038597153
0.6817387410263067
-0.5055558715678197
0.39102247226049935
0.22881743411139163
-0.4877090765548465
0.7422405317270224
-1.8602307953128745
0.3560259145009901
1.0046370063963799
1.118575373389607
0.25476189021524803
-0.03973599094434802
0.0861445615300663
0.4978275448961966
4.154054252439048
-0.03784354586338613
-0.06140644726609168
1.799555824425655
0.5844861418286968
0.696747868984333
1.3595325269962846
0.6423370925940062
-0.0633171781834344
1.2490481027029403
0.7164082236165723
0.29612563289747973
-0.25901981333948987
0.33373435956636527
0.23386228588862545
-0.2368829074726346
0.5009111967577269
-2.933500306579391
-0.6241547374205089
4.7246390629892145
1.37668139339462
-0.40662355978329207
-0.5630489372896708
-0.11757011483805194
0.4811800325571784
2.549215765852851
-0.3018849718659481
3.469815615733548
1.8798389640930915
-0.00791345292382557
2.5553251362962244
4.277894182424944
2.0929296086466667
-1.2872313244858822
1.5423136047637234
1.3332080538698088
0.1480231739872236
-0.9140013592880117
0.35500879642454
-0.06866905369321076
-0.779780735694216
1.1635208122152936
-8.948239369842014
-0.3305583369434172
9.681452095660067
1.1659081022678999
-0.2889196037078751
-0.4390159043994901
-0.22923200823343412
0.43427550761946465
0.716173889223404
-0.24245871280903092
1.0084899967273049
0.6918149794764521
-0.0767852601706862
1.072083193607435
2.647948101340438
1.1956978340712898
-0.6911466731183437
0.4559235288140785
0.6158528197214674
0.6278764468900724
-0.6252114440598404
0.2673335327359057
0.2409598714464944
-0.5941907666882001
0.38710317769118224
-5.006344213300679
1.7444567588249928
2.0349043850036286
0.5102855008043837
1.1368741523644583
0.7183460711718781
0.5578718412424822
0.6069996333910583
2.112401048111585
0.29121312090566653
-0.37757616354520257
0.5364346507310078
0.7679438647159806
0.7099376171756306
7.107812499613447
1.2477623093066055
0.9611085241967035
0.40686172220415034
0.5547678975862697
1.057293780616401
1.2137916995716405
1.3484062654741396
0.38111877163119
0.4441084896273986
1.5026012264588302
-13.738053714603932
7.71448523173527
-6.347343614901475
2.4650901198141786
6.159948219518252
2.8468835696372685
1.465012166910168
-2.755127535228677
-4.333517949274986
1.2469316446006682
-15.0
0.9052436942055434
1.0521957278789373
-10.89995095084792
-3.2865159170181646
5.201148499507899
12.129475442332193
-0.3940710886656241
-2.8024308990563878
4.349691265395836
8.465791339414855
4.343626026908106
4.0290659008418315
11.974863300688916
1.507414126326999
-4.490765051258607
-0.08414999708427649
4.366893472876656
0.6274396494261524
-0.039617987274009524
-0.2669382071209026
0.2955145198582679
0.3534396414281986
1.0860238501226158
-0.12766451289284153
2.112813664104371
0.5359949033857488
0.5165309089397291
1.0319840926054602
2.758375015455436
0.3650322552048016
-0.4713351375373328
0.8315710177561452
1.0331972422152418
0.6249797044945563
-0.45112389791864527
0.2518749607190569
0.6078764601037504
-0.48852100786542546
0.5967231484101592
-2.4385050244467035
-0.5923663385382992
6.205632915354567
0.5187128456448917
-0.5726100616610044
-0.7317793243051557
-0.4942172562481113
0.32498174632338234
2.193090993061363
-0.7861204644759427
3.5673896834717334
0.6653845228177062
-0.07546095886413783
2.3766720201848655
4.41570205097423
1.3839260711218917
-1.0101682470426754
0.6318597028917473
1.032732233923922
0.07927682557813619
-1.1020826641139332
0.9768631284064772
-0.27596869549525216
-0.8677732808209664
0.25965402277281463
-3.534696040259063
0.5298605309288285
-0.9457034743242905
2.0241372451332724
1.1303480850395027
0.1048938897466761
1.40278397615464
0.12043016466506298
4.714821581455088
0.384364431004344
-2.3511808870984328
3.251897415424316
0.9358701137480623
1.4835540436575612
3.7746798246414883
0.8364604595478673
0.5496136136777655
0.4217749625028744
1.4414066324397037
1.255436680498023
0.2944835413333576
1.6367707266223197
1.4322435282898005
0.29438244727979385
1.1948519782703206
-13.794074895843933
9.887627226507899
-2.5263684459221354
1.5650908400865609
4.673268059651479
4.495382793722551
1.3958972728399068
-1.0938648239643158
-0.4382191573291873
0.7694879077183969
-11.060910072017831
0.17997695383882828
2.0756878755146335
-4.107039272468041
-0.1634488946051148
2.251090433214075
2.608088896547768
-0.22595066723945104
-1.1618320434964167
5.283511212229132
3.7462467613700263
1.5738912279974486
3.673618877213148
2.5755809603151274
2.5357149182842664
-11.016063664117365
1.493308025853993
2.9568393272371054
0.7241132076500977
0.20608957888209833
0.2003676140045893
0.4300978996248627
1.3466673721712548
3.350473326551633
0.31713596992181176
0.3648910587478078
0.6559824786310188
0.5241764935498173
0.6004698139423768
1.5198334049135607
1.4840147062012659
0.24133516800130506
1.1448495300779258
1.9306222238836588
0.7198815489583432
0.5591329745814839
0.5333715525149371
0.5999195502843526
0.6278702157310225
1.5022690584273428
-9.851553640751158
0.49828408163598814
0.2608443502761262
2.138796699713364
0.5277683922705925
0.1134782421084627
0.43367202437098135
-0.07437212818669967
0.9920117263664937
0.5284642033364495
-1.3425659023141885
1.0738118581311455
0.9407754074042936
0.4420743369280277
2.7486293091902487
1.6411432327216504
0.6457342168222008
0.6668372519292527
0.1116033099052078
1.718278297044633
0.047759248874185395
2.3021405649357036
0.3693293639076563
0.35194213609088015
1.0173204116196435
-5.552293441222398
5.115560268573932
-4.505737579388464
2.6127298845712406
3.451287691642662
4.288382634872775
3.041108058554689
-0.5739187966551305
-1.1381643445056884
2.1125796315044543
-15.0
1.9803295969488897
3.199452566025647
-5.030941455281033
-0.5724498615596348
3.5278164154618312
6.070767922266441
0.5060062871657891
-1.5171907135452936
2.9559218975280492
15.0
3.0145215666240732
3.9600343051027003
8.30183302314272
3.1893785451980037
-7.991390033064887
-0.02906337666598665
1.3743020562048913
1.3089755776225738
0.18081803701474927
-0.3690768369363395
0.22637228043637764
0.6361779536582977
2.4857596565427436
0.09388265492110437
-0.2545105972818612
1.1289330090979988
0.6908996743916991
0.36774256531683536
5.220592909151737
0.5429720429939503
-0.17443004960056677
1.1529511991979176
0.844593786494685
1.0035140270439906
-0.27725015710779566
1.1932248956548017
0.018359011131165642
-0.4949046998007164
1.0199116284463143
-2.8901379104188245
