Architecture: cyclic
Number of States: 36
Parameters:
1.0990711445592671
0.8734144546735009
0.8735991088287248
0.8742622390385338
0.8759187632126204
0.8739516334376868
0.8730616122642471
0.8730587680951115
0.8728167752504813
0.8729635995156241
0.8730556505598231
0.8730158201409682
0.8746553470882953
0.8732660813013877
0.873006732786845
0.8730549274218701
0.873220830293942
0.8730366327039063
0.8731013676893913
0.8728157293944797
0.8729868027060275
0.8729834468292914
0.872896585084778
0.8731114624501563
0.8730599974748027
0.873464163661548
0.8728170963262166
0.8728563624512994
0.8730522857380941
0.8732588889419568
0.8737474113141073
0.8737713908341626
0.872798352449244
0.8742892896573287
0.8730715449264995
