Architecture: k-jumps
Number of States: 18
Parameters:
7.995579002941209
-9.65827315449548
5.7903310504359045
-7.919889199019903
4.159364874272901
-8.198947081612959
8.24976244381552
-7.4653165556899195
-1.529281885335744
6.4733902627807725
-7.232319064962724
-1.9020479434389186
8.107834840950629
-6.692421295196972
-2.7255903229861445
0.2275680617635806
-4.653936046719695
-13.971459676311117
0.25456017896919003
-14.823790290405876
-12.798692443145233
0.3244972766281695
-3.307911232026835
-14.999988047423876
0.2949108777751487
-4.172569913587524
-14.9957535419294
0.22841109660063913
-2.457799445871828
-14.99997474046688
0.3511190173183156
-4.289978958334011
-9.063195166171587
-0.09164653769086381
-0.6767600388362502
-14.999976126927347
-0.131438919988422
-14.999961984112886
-14.998515362553588
-0.12638243676952113
-13.916290595033134
-14.306483389541585
-12.824381936726107
6.894010903201541
-7.262925843549623
15.0
-15.0
3.463865194715738
