Architecture: full
Number of States: 12
Parameters:
-6.00760128550517
4.205599285328154
2.834000135188096
1.3065878731137996
2.532256396513183
2.8218913254839637
15.0
1.4799667014666467
4.03649231031792
-1.8280217656566609
-15.0
11.49733806338557
-4.546462800687728
-3.515686776865374
-0.8044904216952363
-2.244297863328296
2.29509409519768
-9.054174601281808
-2.731315411137951
-2.5459838452479797
-15.0
11.155112480793123
-8.128712605389513
12.27452616984305
11.883401702037084
-2.511588347540608
0.9359615136583818
-3.6053825993454347
-11.745268433224192
0.6381105078580733
1.0437176001512944
-8.217764983032838
-9.375753605066597
-5.248066169136818
-2.576616288901893
12.328721162596834
-6.599266052355349
11.937694043677544
-7.026657016200774
-9.984906066667772
-15.0
-7.0526553012490005
-3.876515218623106
-6.296103282148983
0.6858590424924905
-3.1608679663580888
-0.25717203878847417
1.9692046732559716
0.7054882117293776
15.0
-3.8612757914874196
1.8390687774622394
1.6005299250406289
8.980673990609954
-4.303310789062724
0.11919165002857902
-1.0051741784485737
-0.22710720118371244
-3.0524625292580105
10.446066732967004
-3.041612849852809
-1.810766418810684
-13.149092408918783
10.054989278914887
0.6874324262396737
-14.36312300984123
4.1992939878029025
-2.6456970624737046
-0.33115350795986664
1.2868256296192773
0.1940348622955597
1.9900691289743924
-4.371936334281401
0.41386518836972164
0.3255278097742637
15.0
-7.114981715957645
-15.0
11.584536209717706
-5.410969308537386
-5.694306685229163
-3.345443761904764
-15.0
12.02801280566958
8.76957482938842
0.12296065873078793
-15.0
-11.64802875415977
-5.428346535664152
-7.031884462428458
0.9704421237655433
14.531975999452891
1.084655331297016
11.721297174506773
-7.134067739314195
14.969119737966535
3.518277197565
1.5248042551198733
-6.892364375034258
0.17716400576475522
-1.8124695541966784
1.0972046412739838
1.519556692002762
3.51544649239462
1.3171220683408738
-1.923329114243206
13.443148447393838
1.9231578160128697
0.3448253551391411
-10.920258091956129
13.773884212383546
-6.537680439421046
-2.85072641628466
-0.7377322478761911
-2.115082017580448
0.914055570757541
-5.665336359482657
-2.3806349321902194
-1.7711046647660487
14.108245934581955
-2.0244433739995444
