Architecture: combined
Number of States: 40
Parameters:
14.999750411920571
-15.0
14.999355489991549
-14.948970641129016
14.999751217788994
-15.0
10.655318727397946
-14.938525232871976
-2.3389857101240734
-15.0
-2.3391903759818757
-15.0
-2.3405983613425776
-15.0
-2.340872623260305
-15.0
13.360448191134255
-14.421916122313203
-2.3394192548890116
-15.0
-2.339074057318409
-15.0
-2.338466551891023
-15.0
9.5890866511044
-11.602100232760533
-2.341746136598922
-13.391901846779257
-2.340498338987649
-15.0
-2.3395057781683657
-15.0
-2.3390816170154762
-15.0
8.338695185879361
-9.286441589647564
-2.337066575262425
-15.0
4.859822473492114
-7.849121021769961
-2.3391966217223445
-15.0
-2.3399946362854016
-15.0
-2.3393517794009364
-15.0
-2.3397558724045733
-15.0
-2.339394010613131
-15.0
-2.3395868000504483
-15.0
-2.3437829513425186
-15.0
-2.3408898652181978
-15.0
-2.3396661253585607
-15.0
-2.339476461860455
-15.0
-2.3395201448841
-15.0
-2.3407725968223296
-15.0
-2.3392450512898266
-15.0
-2.33889269667946
-15.0
-2.3394549917450784
-15.0
-2.339105922469173
-15.0
-2.3378471345284852
-14.99999105505228
-2.339400586930476
-14.98248802737747
9.34945564144313
-8.251136166968061
