Architecture: combined
Number of States: 14
Parameters:
0.2536215142254662
-15.0
0.23747146339096356
-14.724636395842733
0.2354070386396127
-15.0
0.21722695604114017
-13.084317199668611
0.23263390515472518
-11.438290659901952
0.23802614261646893
-3.2910970636734276
0.24267790284323199
-7.493966178797918
0.26197503972974856
-7.326219329262075
0.12093935549710647
-2.101083695293548
-0.0044025695267269835
-1.2468412100356518
0.1802251178047396
-7.632879662206697
0.1649751020427051
-4.363527392826897
6.40160913884837
-5.834216510028757
