Architecture: full
Number of States: 8
Parameters:
-2.418503426754423
-0.6240646656651083
15.0
-1.8384488205847382
-7.316103231364947
-15.0
-15.0
0.7724978869816195
-0.8091691025061606
-1.6208479885967673
0.3975942859719575
8.666980528305718
8.38837371929123
-8.64094664244401
0.07724474391679195
10.933673172649824
-5.172553451508729
2.3101788395854572
-3.2323197425538828
6.4647080061064806
-5.53697948631281
0.5877648725218046
10.550013167302312
15.0
1.145375294063299
-3.427421847611516
0.7141917698812755
-15.0
1.741304358333659
4.162089043744053
0.6463348684902367
2.51716849082996
0.4841328800937815
6.768331263354842
-10.165334203840807
-0.9395443249818016
-2.5692079162755057
-3.019931815783304
-1.8540636785310702
13.4514727051518
-4.330180567476182
8.987256880763134
10.859208654880076
-1.9848705469273646
-1.5118929263380472
-1.5986821972558947
4.6345898859002235
14.735455864964395
-15.0
