Architecture: k-jumps
Number of States: 38
Parameters:
9.17980817924578
-15.0
12.53737252175408
-15.0
11.911855644727291
-15.0
6.511797748129046
-15.0
7.10564172603523
9.588593670312289
-15.0
4.88092259340533
8.577962972883572
-15.0
5.721315329685455
5.75413761989786
0.6653909450751764
-6.3457587342447095
6.150354285682771
1.8986582573299984
-10.591270496340446
12.99443938715535
-15.0
-2.4441802184844117
-0.33351112318145126
-2.398405961921942
-9.452193934819682
-0.6938918697918641
-1.5750245633635258
-2.921320197037082
-2.7815430885694794
1.5007120425983131
2.7131578223765556
-7.461392603353055
9.090317168232353
4.306400348671137
-3.1139072029384787
2.5837995002265925
3.391077006266919
0.527934205494624
0.2300668075495468
0.8370367283867075
0.2132648387511019
-0.35663724939385827
1.0003534502836404
0.942730163507043
0.20734578024910166
0.9331062623788382
0.26226991483937645
0.06831267667657638
0.2083926863114542
0.8440765709779511
0.8147177169497771
0.533704155356339
0.7682278589660577
0.16059060659371766
0.21817869196816772
0.7259698792907346
0.12647039076376354
0.008865460485802164
0.6575736009508105
0.5435201967062878
0.8276205110960475
0.6357697584121439
0.3471685440228902
0.8394824826646056
0.0678224534925811
0.5472454183561793
0.19881153326103831
0.0687376353252569
0.34829964334271557
0.8647584663634121
0.7447223941133096
0.894189996596404
0.0318132238595511
0.8151199226815191
0.14216632163627285
0.17638548156494058
0.027693690303230954
0.7612124504344358
0.9296315584533479
0.3563240725476868
0.6223973495950619
0.26218234992879536
0.15654987213448537
0.7939467919781155
0.7668366813554747
0.3345640014492379
0.4600845834410555
0.3707657719239822
0.48953273872232006
0.9693483006480317
0.08386703141568586
0.6661663895272171
0.1823162457513079
0.5027679734091232
0.5735992085581499
0.5332734802890013
0.5717937012171664
0.20569964090163084
0.27454389286510994
0.6961947312709111
0.058957582228130745
0.6892525486181668
0.47525763697486156
0.5697552861204807
0.6975393937831337
0.7376255192390079
