Architecture: escape_chain
Number of States: 42
Parameters:
-15.0
-15.0
-15.0
-15.0
-15.0
-15.0
-15.0
-15.0
-5.11632027289966
-4.808755067271964
-5.1015969313033676
-5.095862539999265
-3.970985014549605
-3.6591557254927634
-3.403271088879458
-2.4760381944548433
-2.160328170181831
-2.63321398745813
-2.098466306750939
-1.6958574451152875
-1.8693813944802273
-1.8071017518236954
-1.3875209382212785
-1.1680583307403491
-1.0431846042988753
-0.8150705929772045
-1.5142071865602156
-0.24119829611569327
-0.9137967956967187
0.19857210935136244
1.2988220862209139
-0.18000662587505853
-3.8390004634822037
-3.5681746458961574
3.468375088977617
0.5169089273387669
0.21894664021210486
0.8678275325644174
0.6403062010634185
0.7853082083205202
0.3970712494110554
