Architecture: combined
Number of States: 26
Parameters:
7.699472213458745
-8.502335316354934
8.358401578421947
-7.600009362020928
8.303812505945396
-7.708892459082226
8.547093478120727
-7.403838094368919
8.608133570860286
-7.317913662231878
7.994975325139459
-7.388643832967783
4.121482638406993
-0.9905729106710137
7.663286878514978
-7.8280753808342824
1.158164232699449
-4.079702250403478
2.3960670840348914
-3.0745381223043524
2.066209888521508
-1.483405388494321
5.089930566189142
-6.793951563801154
2.4911449049328396
-1.4788942131414098
-0.3598353723333468
-2.1317927691788094
2.6835141920951444
-4.195841505349761
0.057862003443614834
-0.7354013306456333
1.5585396046792817
-3.632117869645004
3.109102768057997
-3.024982658393035
-1.8172510450396906
-0.47823896598721155
-0.8284141243666756
-0.011494879225078346
-0.3685980145972763
0.8311034258258743
-0.4028953284047932
-0.14863744452194821
-0.6455548774606024
1.0241714739150418
-0.7033850632911642
2.056738309007611
2.6819265478723766
-1.1087207991648564
