Architecture: escape_chain
Number of States: 28
Parameters:
-15.0
-15.0
-14.332546316107758
-15.0
-15.0
-15.0
-5.419893031621444
-6.110558291511742
-5.015138191865681
-5.000919520062979
-4.141166144217079
-4.281405701209998
-3.856436405258994
-2.9549962050678205
-2.952395875767981
-2.5017289497877786
-2.1790108331732823
-2.3374516721754266
-1.9213189480013382
-1.426025409321628
-1.5747171485866647
-1.493704473044063
-1.004661629241649
-0.6344078522130192
0.06058211527673129
1.1001912806439698
-5.161600944809778
