Architecture: combined
Number of States: 22
Parameters:
1.7171934223642766
-1.0632903205737272
1.6675540258258306
-1.0407032079430525
1.6678278411394791
-0.9711330741526276
1.7410834937560271
-0.8375025291240905
1.7332570304599932
-0.7589789596984456
1.7066010342971012
-0.7185781395522234
1.6857135103041745
-0.5670909184938293
1.6848244065075813
-0.7822545361251159
1.5812153022789806
0.02166762208300915
2.0074957202761925
-4.867995907755387
1.8520973891905288
0.745509217331025
2.04898020932187
-2.7926138327551624
1.5503299525481942
1.047347940476884
2.300635041766803
-1.16828667571991
2.226725420830331
-1.7206233402668993
-2.1346608651176298
2.7361352277755726
-0.8343140587247256
3.1584226143825975
-0.2515487071527894
0.8703736386072405
0.34907114165624953
0.1973221915485219
0.30031226636249
0.766776456748862
1.0023106046646453
1.0836038969680273
