Architecture: combined
Number of States: 18
Parameters:
1.9587210792587353
-0.8567963319216648
1.9487686288326254
-0.8031217529934603
2.126104354515275
-0.5764809402252964
1.9323965035212065
-0.6846416205095175
1.9822333932198495
-0.5523283009929085
2.038206434751047
-0.44678339362008346
1.9068803550024214
-0.45289841354468063
1.9522015688858345
-0.3308819684830105
2.0411075236004437
-0.10485169898248893
2.004175527669596
-0.1323991171361394
1.9691306454007107
0.1430725443180885
1.938797687228182
0.19778503062641292
2.2434777742058367
0.16341046227931727
2.7916031410142668
2.193262487357958
4.333168160427753
-1.3587543673104328
2.1499412953281127
1.0311036463339003
6.62788461132291
-3.831327635624032
