Architecture: escape_chain
Number of States: 56
Parameters:
-14.495700904166913
-14.491749420695905
-15.0
-14.547669907683726
-14.758918307962844
-14.425010303504186
-6.207864243102374
-6.205785967676753
-4.698780426671984
-4.396815733063002
-4.093873082620534
-3.3662703272462045
-2.9992509723144036
-2.5327004813206417
-2.4173577891766804
-2.3237230511459672
-2.4169536328730175
-2.4692589797370497
-2.9426248995135573
-3.0445297226472383
-4.04999439087021
-4.031682590515542
-4.8320457575042415
-4.828123708636831
-13.58632338106018
-6.2201279520964645
-13.582868724439441
-6.206883284668537
-6.254171934009523
-4.818968329693804
-4.40349655848165
-5.094708461089885
-3.6689039511299684
-2.9245092520350897
-3.171040957407956
-2.661755764316852
-2.5515980582002
-2.1737208628873366
-1.9668878344328649
-1.8738112232407695
-1.5088137232776255
-1.0494270249384134
-1.3382850364064862
-1.5140474625338394
-1.265370557643354
-1.516930439777692
-1.0983083805869265
-0.5994960159134698
-0.8923173043472368
-0.17506102619248853
-0.3237383249604054
0.27423873265165055
0.7120212690914498
5.723277718387619
0.5647105925740363
