Architecture: combined
Number of States: 18
Parameters:
4.052702009264155
-10.474380980118136
2.690830181323742
-10.974219555902565
1.2060256785874175
-15.0
6.836424978528808
-9.409526582222721
0.8868838947187812
-12.541570557596735
0.8323152719716388
-13.06335608853734
5.273500082857669
-7.8527632561914205
1.0651395116312923
-3.1977307691438956
0.5626336327261121
-7.991232628109899
0.5828411233813856
-2.754397997997103
0.5624839927009173
-3.035961578861905
0.5911527724188891
-4.851353532288808
0.2850677550577533
-0.4145498635597954
0.40098040482682257
-6.003615760285344
0.44083097736839344
-10.249866953631338
0.4498014154997703
-6.4476508375736685
7.480993421976488
-7.522014151576526
