Architecture: chain
Number of States: 28
Parameters:
-14.999394991325056
-14.999392128428932
-14.999396301044527
-14.999385460253755
-14.999411013574743
-14.999400988743325
-14.999402329696336
-14.99940110259357
-14.999405897495175
-14.999411394254347
-14.999414174412042
-14.999404462458498
-14.999406671122319
-14.99940354064747
-14.999401817251583
-14.999408908832834
-14.99940779469725
-14.999404353219383
-14.99940911087415
-14.999423749888978
-14.999402765246003
-14.99940133139953
-14.999406324888131
-14.999423749888978
-14.999413371862442
-14.999423749888978
-14.999406007000823
