Architecture: k-jumps
Number of States: 36
Parameters:
0.9537989658578296
0.6787560706722234
0.7193239282265438
0.3280962440545425
0.8646567921857412
0.5322991842237512
0.07660178362147174
0.7144389906262354
0.6117657765834175
0.4709783661717004
0.32122765230162265
0.2102205103867334
0.5964640854771833
0.4070094962447487
0.24538534242751275
0.5331554451417859
0.45814346917243165
0.1972375317826388
0.09538016455930654
0.9357595050257074
0.7951806006439931
0.9321217177221304
0.1635825996351834
0.8437967644323726
0.35979312329282265
0.6152598595952704
0.3893644874895612
0.33278741836909465
0.8181391268838432
0.0502553679169393
0.2808886037346715
0.033488216578199004
0.6290031016397478
0.07985651613293276
0.6691177721956246
0.7636450799752587
0.37948938234540686
0.7145240674197633
0.39804269738253983
0.4168272131802435
0.01274444549188003
0.40770961670564376
0.8766898350026976
0.19358772170309846
0.5122395279026963
0.6856703813025868
0.07811176172741918
0.588253934528133
0.5876679054607123
0.0349097686210188
0.30367721255972513
0.4444913436429787
0.22793456157789727
0.9454334750966926
0.0023602273093514814
0.32735436914788574
0.49149257276200387
0.9402055828866897
0.9227750379348194
0.24565748234201323
0.9165598660221806
0.8070264711332745
0.35875941926994204
0.10427068518133198
0.21264391173989183
0.8611274189934258
0.34853809207177033
0.14640511804510326
0.8874725065420846
0.6035692005240738
0.06370149981634199
0.010638376795257032
0.8270915452680729
0.694361714496514
0.24326581915370893
0.5575187047087633
0.5532443077474419
0.2734628142082288
0.8016749140860079
0.24514955113143588
0.014063943970161641
0.09315328981931603
0.9487641801140504
0.6577142582082167
0.2230372664643343
0.35476793673890505
0.814872649086975
0.1511955496834
0.16464422959755964
0.12770096665845132
0.9581397477755524
0.9831726430535007
0.7976645345260255
0.34955874853197033
0.5372963094508014
0.06291808103761731
0.362463297283541
0.07844729786813343
0.1463528466742846
0.691223420863271
0.052558867546800614
0.422408519575298
