Architecture: combined
Number of States: 20
Parameters:
3.907410662205544
-10.046156023671118
5.354151947558043
-8.19392845163397
1.2784767526054859
-12.797528401616997
1.326331194703353
-6.5940695529639965
-6.023247398344674
-14.37988324139768
-1.579014002573599
-4.3835934430842505
-2.041454599792172
-6.745813640325956
2.28275415908063
-4.509359522581769
-1.2289091046431713
-3.305524736807305
0.4669454353295009
-8.369098877371098
3.4293130047842246
-6.93874491860459
2.687705716504133
-5.788980299355443
-2.089695069895177
-9.282374225730873
2.200138899060038
-8.170660992290406
0.8026145594277214
-7.800880913393213
0.48001187673467643
-5.8007313961496765
-2.221905120115885
-8.427603192305694
-2.7146199510489004
-2.6389630898316314
2.6638610914498058
-9.666642746497134
