Architecture: k-jumps
Number of States: 34
Parameters:
7.889189120825646
-10.840449589071165
8.312287384532086
-8.773509526731214
6.769215926190708
-8.85088550608818
8.672025740239818
-10.564511323564586
-1.3839744518714558
10.102544176096783
-9.90465861900053
-3.369769211979156
10.065066122622598
-8.678838022183081
-5.529030259881859
3.227197870491154
-2.238750135050036
-6.807003649958506
0.6779613979274152
-5.1479350241972295
-6.295629041516039
0.659121511175685
-3.7234220356824625
-10.005837752030276
0.576980736229207
-4.012792551342404
-12.848900811646422
0.9522039574743508
-2.3267798893033587
-13.7608238589889
0.2101129156394173
-13.074202855439939
-13.031832920894876
-0.026854603687827473
-1.1821372218506077
-9.230265443538366
0.43483838249655016
-3.245987915600278
-13.507178662361875
6.328504757496134
-11.192336056869243
-9.682445065197147
-0.4706832023229334
-0.12599474927974008
-11.962825554455614
10.116085632586715
-13.138074522739892
-10.897745469631925
10.946559350216047
-10.329626243866407
-7.537281210449932
2.704435163280069
-1.9580188679627097
-4.411728408688795
0.9407235205358748
0.9692364103680987
-4.075458211764266
-1.731313733838692
5.356919381447101
-0.8528896008098455
-0.8459787006333288
1.9295961662835253
1.0896676997842767
-0.2394680136870791
1.4297726222293337
0.4369501057514095
0.5098775870308658
1.4323626440051012
0.14696345090706153
0.11492306277731505
0.5341937897281624
0.055418145708540346
0.4461245354397173
0.9937409090909534
0.41404636062321887
0.5432511519827785
0.09479005511824493
0.8287549938214349
0.7563689964174262
0.395380734633365
0.7706200521237556
0.8455560387441579
0.7936424875094713
0.1187119978217684
0.4208188883703664
0.8644805182457196
0.4565976433370422
0.18648635369702682
0.1794582419045686
0.19225014160912068
0.036415438473792694
0.46783514357934697
0.4143419211960594
0.7431538760116391
0.03285409284516427
0.8869628075556925
