Architecture: combined
Number of States: 36
Parameters:
0.5510415655859009
0.2830400778590636
0.8563706955156365
0.3014047740500361
0.25357097469888856
0.980487789067485
0.3442736786636571
0.6123539146033464
0.10188739913725453
0.9702969782215617
0.1171974827481933
0.7895053761960498
0.4891648362675388
0.023804611675596554
0.19312354137246335
0.49321312067633893
0.6837090699390278
0.883468889207305
0.061372093557245155
0.7655582620059267
0.6618288330243999
0.42294110148637365
0.2995983104819562
0.576882588120369
0.6941061596066851
0.6058805281657134
0.14770089972942002
0.5363296965890364
0.6592301955995987
0.39076552687010524
0.14334640783035213
0.846387441530744
0.4891421588545162
0.6732176713528047
0.8612966193583833
0.57812693699831
0.7334599721257339
0.33554290824269895
0.8731289558163926
0.6286496059797739
0.9811833119759874
0.02959124827819326
0.2853359371972234
0.8670644926694039
0.6002456571898201
0.0012351318442764825
0.8188238262887864
0.6510572280608985
0.03298154715922075
0.28346089433375565
0.031355548685011225
0.8950356989646859
0.5757584857801012
0.49565048393740174
0.40081838509802004
0.6222924531375448
0.28992310718495273
0.3972797367560761
0.018334834055894866
0.9866072724708963
0.9944988741793428
0.498863071724195
0.23573739768178026
0.7543892784467637
0.2459273567536776
0.7534294484308138
0.5455614697809739
0.9165902849426615
0.714571087317398
0.32446780702433997
