Architecture: k-jumps
Number of States: 46
Parameters:
1.006588331237619
-1.6281386812811591
1.0263777155061515
-1.53679381768463
1.0237678541609943
-1.4603037946289783
1.0216931493605301
-1.3777173379627206
1.0236422258301467
-1.298552857752502
1.0275403323677248
-1.1606674464286266
0.9959577466198078
-0.8830058467426227
6.6091967105626725
0.28462620331150346
-4.625277743298123
0.6748273035721434
-0.13295747455748622
-10.830528177455205
4.930286274539536
-2.041740303529943
-4.597934993142334
4.669017773922214
-1.6892087838124679
-5.031443013268363
0.960591334442276
0.5390354732004938
-6.692179393536148
4.943182384267393
-5.920080153645531
-6.442202075876263
4.295399524192353
-1.3893596840849982
-5.51985867768661
-0.25061776525228474
5.081061900291221
-2.6651419040307998
-0.6095631732038637
2.7565408363576798
-1.0099635040490462
0.24250956986094316
1.092341265316439
-0.13247813670066744
0.574951628150779
0.40053380044482806
0.42336221823756465
0.057811116637335326
0.5461016144961847
0.8894770685908591
0.9828439346567281
0.2501998648638208
0.3232694258023664
0.9883581587427754
0.10033632789807989
0.6016799206887479
0.26107937257613967
0.25217313473189995
0.8934008255625102
0.4193010240683629
0.06501690994376752
0.5524098490541957
0.08515842073305091
0.5020953461381097
0.715716595249414
0.22401149149718358
0.15476427741157617
0.9297064775916494
0.8787526149734024
0.20153089185553918
0.9874244887922874
0.47598265636907855
0.7457788122300564
0.9099004546867714
0.6155261568401253
0.3252668482094243
0.8123494723901751
0.399139146540476
0.8951860153860207
0.10303515297674715
0.8642656524827979
0.30282115267563203
0.2968596998801156
0.7695480651735279
0.8357447209465846
0.29062950080131966
0.14184006330601218
0.709953585341479
0.2832319975047233
0.645430032787455
0.693723352177969
0.26913216276625207
0.4464673229344823
0.8910702002353534
0.013816739014425039
0.06635344950852595
0.7370362257675098
0.58876882148587
0.01418474056125818
0.3240496303879413
0.49160323885211465
0.08668210711579882
0.42413093397842383
0.307801285337707
0.12200147469022737
0.8779564148661958
0.16536259337746528
0.35817696308167146
0.06893255988412461
0.9856170241883341
0.9802321708109901
0.022543398072076948
0.027500550342104968
0.23972844989916198
0.017555629776556114
0.9348201628572114
0.20558688623917631
0.6839243460630575
0.9030239574486997
0.3340917902425091
0.1537270387576084
0.4414951763941789
0.3044570559117187
0.2780950874771315
0.3147803175927554
0.3281266266770341
0.6147780648465945
0.7505698040803579
