Architecture: escape_chain
Number of States: 46
Parameters:
-2.943966896215316
-2.8914748846533502
-2.834313650320073
-2.7718634236142843
-2.708074126423026
-2.6397234768575752
-2.5627335713366683
-2.4856784196187873
-2.3976917611436916
-2.303086271686308
-2.197714300701326
-2.0797668710807056
-1.9459601749425743
-1.791502951244793
-1.6091991074426197
-1.3862455206414284
-1.098518363092661
-0.691809217432219
-0.0013597679873880322
10.63343987393396
0.40422441519095986
0.3552423906858103
0.617299190340997
0.6172959889474381
0.6231457784196739
0.37073328128816496
0.3421869417110608
0.15924953328799696
0.1650367175865749
0.8394352788052992
0.8094423761424393
0.6480599074397451
0.23761252954758727
0.4405274191943984
0.1334839911261303
0.2898483027801543
0.7774413830560061
0.7861380513140674
0.5556863129147336
0.3008563442058606
0.43675019294389017
0.4051637312391062
0.5987013534502386
0.32195822450648115
0.6442467245533292
