Architecture: k-jumps
Number of States: 38
Parameters:
1.2030981815935522
-1.478328763033105
1.293046272479584
-1.3392894628614511
1.1979928524951855
-1.3412019064854854
1.23585448926023
-1.2224340384429526
1.2322932032581075
-1.1369360413958585
1.2833280632570505
-1.1461891896110386
1.155853064285378
-0.5921733422613228
6.041385878945449
0.2249081108681104
-4.743317746215294
1.1273799536562525
-0.11808234797256985
-9.2492066154066
1.4835743204122964
-3.6647790835082885
-7.704766160529588
1.0252308839990316
-0.029197292562281124
-7.670588456258494
1.0976624320795971
-0.03609748067615438
-6.225583079099223
5.244484447704114
-3.0355159309643
-4.8086877829114165
3.1601255291403807
-0.5625309439624181
-6.826855460059255
-1.6135188897599622
7.501207375917157
-4.1620943037635785
-0.16037282409991277
3.212069723964998
-1.0460798599644558
-0.13245758704318525
1.8794542016416647
-0.27767819487850787
0.7441040010048091
0.24711826509001658
0.5282919152534253
0.7817870045383842
0.3715612391700146
0.9009827093070739
0.2727685954762539
0.2763104225824286
0.4093912158454891
0.7601215915868995
0.0775683778492735
0.05791644888977987
0.9308350380558913
0.48104657866397493
0.4129269992213358
0.008372048282397793
0.38528316650282024
0.3146088805637598
0.30495176117072653
0.8192196515323446
0.2890910171900236
0.22324211806762273
0.5190219353568809
0.8076557480966893
0.03987583541858697
0.1419717500220241
0.9568270203516308
0.8160883997103807
0.7197823941671619
0.5144998799629139
0.7553613831484284
0.8418596835849715
0.23893912185939448
0.7881385952999495
0.7946545973304383
0.12413659709348013
0.5491946055490206
0.3193128001868156
0.11618560058121408
0.29324400743333756
0.615618072054198
0.9723151325388977
0.8424470905398097
0.5126140059027413
0.6736990571228235
0.07965679289040517
0.6877149284179388
0.46395177284379585
0.0026032053717809367
0.7162912982087907
0.34372065957131437
0.2022613807997511
0.38486388974295294
0.18766407342546698
0.8813183182914814
0.24309296459479057
0.8099055831028172
0.30144276142442916
0.9543285314285924
0.14407776920955162
