Architecture: cyclic
Number of States: 26
Parameters:
-7.667200121016658
0.15333146721710966
0.04611244240362666
0.10317916896289658
0.6926720620025788
0.821932750532111
0.991416232667182
0.9693935191670316
0.36567656714938745
0.029915909818548303
0.1456138957396662
0.30359179880513587
0.3172269395409655
0.3757559576319196
0.9359553602997426
0.8835355911227657
0.17169720886568518
0.7016979847167675
0.5686508756151482
0.6917477791405919
0.7882757350182783
0.32003278474980434
0.13423866733956336
0.9256768227671076
0.6447200791590249
