Architecture: combined
Number of States: 14
Parameters:
14.749050273756398
-15.0
14.89099809537536
-15.0
2.281781746711107
-5.401449279070073
-1.8028328691654036
-11.667202376761184
-1.8567546126215977
-15.0
-2.019946618188831
-6.986821334277019
-0.967348247528823
-11.647335547122966
1.9933777627642955
-7.083348148225213
-2.0203410907300756
-8.273041602824723
-0.0030676472437448574
-9.556167855469532
-6.054848869374083
-14.999737551763912
3.64947951588145
-14.915426129177204
-1.922328012140999
-15.0
