Architecture: full
Number of States: 30
Parameters:
12.399582981577954
-5.0888107972202326
-1.752380553235936
-3.4958377493865886
-1.438843402001306
-3.399252087063345
-3.8611580515077946
-3.497624773808085
-1.1229047106294283
2.5538353313112885
-0.09774600868613322
4.811600457948557
-4.84254358146323
2.21272811124417
-0.22050388656174397
6.432434255897097
-3.52205501805794
0.24867813846958003
4.033030732905132
-7.721045023060641
0.6646772516266232
-5.627043074110862
7.716984231392936
-5.260811429597186
-1.3357374830183961
-2.8492319039073646
1.2348104657539805
-3.978219627840525
9.516196300462346
7.24639042854247
-1.6323543270690926
-9.264029513536464
-0.861902621218283
7.905075226986062
5.035093204784495
-15.0
1.576559812489045
-13.63584622249769
1.4326621565080642
3.364222123495004
7.1312926417998606
-2.3343790479525053
11.865963037994526
4.809981834834977
1.6321450547370029
-15.0
4.8834493016909795
1.632700224734435
0.9847046639880869
1.7686719865451481
0.909445299489129
11.903881080083574
-3.0961097235648998
-2.6345049476901443
-0.1807351436650126
-4.043116669879805
3.501522140292574
9.573167500758869
-0.8536324113604127
0.3731458093719997
3.831521732193013
1.0725732886351023
-0.4081734603791817
-0.09053170899286117
7.839746629702964
0.6828589686804154
3.177573748595553
-0.021706815809133577
-0.15620284810207927
-0.689110075450743
0.9860984943272376
-0.4813869448124952
-0.24638003414207602
0.18906863734134727
1.1520392819107712
-0.4738329476382811
0.07903392443612568
0.385754693745457
0.6931616740856635
1.2347332511707343
-0.5939835007174934
0.7974176198487997
1.4242418320836718
0.580905833791279
0.7199855746248579
0.40541516184619725
-4.126338863688636
-1.9260585351902468
1.6938761227619192
2.5039724257527856
0.2219618322642449
-1.2430572211936528
-0.564603861506917
15.0
-0.030967098609117148
3.981423968144263
-0.06011998141703588
-0.8601328948845641
-1.5418004082434371
1.738519980027093
-1.1046486560185544
-0.7677411090976702
-0.3941316206608593
4.553901895130941
-1.0759855795764406
-0.5613025818237085
0.44842819068006856
-0.29839414179950335
0.4984903284726685
-1.150473281557214
1.456655697092546
1.1089349209078798
0.6344913965800408
2.656418888842498
-0.4301796966865391
-8.242226647342362
-1.1698193850053695
0.6065117187537988
1.4491961808651266
0.9356624421135165
-0.9728476383602507
-0.2964055440935092
10.337279294544159
0.07908986144790144
4.081612211280399
-0.18035700760605544
-0.6117413872515415
-1.1760341755640529
1.0889255456358762
-0.8753411244289443
-0.5271390611526929
-0.24598899300790347
2.830507789409623
-0.8606233667771281
-0.45526807002372255
0.3448549242087441
0.09229683093958871
0.5881300523627527
-1.3343546885016604
2.655420293913259
1.3018534527168584
0.5567719325584166
1.2798420428834452
-0.2564368144186159
-1.8757679956584277
-0.7886718416555525
0.2981631233610383
-4.654020872575457
0.2607023849123158
7.806404397680465
7.480910956284792
-10.96588704001158
2.034693626235591
-8.981844327655176
2.7006747593738627
3.35861757281133
4.923367555637156
-0.10252467618154469
2.776179651902555
3.395412189792066
1.0397404545745756
-11.893738765743123
4.296656126140641
1.2963056698248263
3.834363454283859
2.0155088684268145
0.5329331190837093
1.8145422256630188
-1.2488791735816545
-0.8435237625370248
0.4838575814461597
-1.5124486581010996
3.257245122096439
1.0221248130163596
-0.9489649489701557
1.2775526272639495
-0.9408521483281744
2.2109343438168807
0.6795251034299636
1.7789864373428987
-6.888088952569789
2.876468014928317
-1.691034084502044
0.7881076521081427
1.3091569870733641
2.040612879857664
0.6239211684491923
-0.1088309266263719
3.9452492329946645
1.470400087855138
-5.3138643765569595
0.8926605047588235
2.921288071180439
4.526509237574329
2.5713632838959457
0.849518602269875
-0.397179640399786
0.2170113435265436
0.17792586361876706
0.946349790523419
-0.7990108006096814
1.2370120413075678
-2.295155762326173
-2.917738210164643
-0.032290692046525425
2.4177927313072867
0.10174957675654384
-2.3775445027523983
-1.209102893267785
11.801128801673089
-0.7974489105626067
12.341779568691223
-0.714536680644128
-1.824729849415163
-1.780143568553867
0.4863348424191898
-1.8485822585067033
-1.2475430533703007
-0.9053216894804402
10.021857005276345
-2.3680806037305335
-1.3239614180236892
-0.33795867489279946
-0.7180005463975673
-0.1718596934898582
-2.6723375303569976
1.5444449518053944
1.166608528962714
-0.03839415183324475
2.191701914956559
-1.0876042447619474
-4.2528347768021
-1.0095441672853296
1.270264053701659
2.9653327201903155
2.235073773037213
-0.2503457678257478
0.7761227610184479
1.5693502987259722
0.36477915040766506
1.1525118201509588
0.08081173655735777
0.006542409011576798
-0.3869804943863491
0.5201118995150115
-0.6023296316042744
0.48263102775088845
-0.09184798231149863
-0.30684352987423846
-0.4284886866957458
0.0751723201458683
2.696900849822076
0.31501962071372114
2.10696737690518
-0.733794014960477
3.8098168219333055
0.6835354806984207
1.1538485696126304
0.09751597932601017
0.2916958236805118
-0.3713374100489607
-2.497988440150496
0.19552335593295656
2.5037297071165363
-0.030488131635167524
-1.6805107572765092
-1.1343216013407478
13.496290521106793
-0.7105897943439955
13.463746114102406
-0.6382732840840157
-1.649825980033537
-1.729437133361752
0.15582566953499402
-2.377188944551499
-1.638205442180916
-0.8720070027804409
15.0
-1.8276954009143653
-1.4750112430623117
-0.24834963589679815
-0.7439718319644609
-0.09991157508903288
-2.059054161596905
2.804680759388433
0.31857405612799106
0.014509052623626483
1.9920070222495658
-1.4376172616580754
-10.133249264909802
-0.39774910955892406
2.734849296514392
1.3107858430478032
2.2887041675430164
0.18389768402974627
1.280563477933522
0.8467598845809681
0.8115581788655588
1.7701213818544606
1.0777213227325522
0.43837347155387785
0.21312231606621268
1.4566925014247227
0.09872378632153817
0.5644072339701113
1.090038333892765
-0.0312187018774649
0.12859466512010526
0.9702719690717335
2.448813923839118
1.2580995363419023
0.4632128980857816
-0.29996453037427245
1.511745075092502
1.5380428339558083
0.7300874341172869
-0.000586626633542784
1.2068977717565397
-6.164410325506135
-0.4201552272189277
0.493319687849883
-1.2108679214034244
1.0955883109108921
1.2292438926550704
2.839571271667768
-8.575956905270509
3.739644166955948
-4.660052823571979
1.5922145680172548
1.59669432870248
1.5618401270370232
0.4915572178781532
0.9591903471695886
1.3377311679798407
1.8468452872482144
-6.476599259583721
0.9118228339337587
1.4784344574092063
2.5960995908398945
0.6717981580996005
2.3053132277408626
0.5524271616740584
0.5964844230033725
-0.15091408155031233
1.0608365238001263
-0.8030490573662153
3.7204006437438286
3.4137220385363074
-0.26786412924602265
0.1298461782487567
-1.9067348529615264
1.305925892623813
2.604615269962816
2.6113683329659008
-10.189366890946351
2.5519157335289564
-4.38100770999672
0.9867581708750381
3.058813068869003
2.5357530133340105
0.08042889053049733
0.9751366332591461
1.2817707318716247
1.4107514357720001
-9.574741268554398
2.686724708730572
2.952048296904434
1.6184697063078224
1.000984379280151
2.1340691128387035
0.6926944923095717
-0.37653756743711564
-0.31122847129864484
0.8010403410509067
-1.0570200347628496
3.9465698239929057
7.5874822100560335
-0.49338403195951747
2.0139513212294133
2.5479201957777033
1.472185491804907
0.12507142728175852
0.2031298386189522
6.462722052441741
0.7912001256494027
2.4387187800702317
0.7668984416336199
0.44206974094476476
-0.17219789114154
1.4229044601851235
-0.07001512946039179
0.04045027321428517
0.7777987806293711
0.9162047496785968
0.08373302394048233
0.49400621512357973
1.4912025528854111
0.6365074325906598
0.7185581037371335
-0.20898430612050134
2.196667232077536
1.8313173223199315
0.9297396467651068
0.7777392666442954
0.24690939061429742
-8.888563898958024
6.523066421244495
0.17036172279470888
-3.0809362832824796
-0.02046339485767333
7.825369226669607
2.428596799260925
-15.0
2.1768192583371198
-7.70887296984927
1.5418908069321098
4.103381456522324
4.045841179993049
0.23204929437859856
3.640714381902813
4.222112083356747
1.2831913676404414
-13.951584488423515
5.018926796421306
2.367571321871051
0.9051612471551729
0.7719168816002645
0.9429794184217075
5.847496786180272
-1.0455345270950003
-0.7478066260962171
0.5845034273246804
-2.05881980623444
4.343753185136899
1.1233734855919093
-0.612661535525314
0.3560115503484926
0.14029220087632938
0.8939489206707733
0.3886366806837498
0.5843019547905124
-1.675107552335736
0.6585172784885347
-0.04498450405929244
0.4842979535226189
0.9806611083081048
-0.06098668444957864
1.5096304419736046
-0.15951751522094054
1.0514818178852798
0.812537663901133
-1.8282228325198298
0.5104312107152322
1.1450904065668912
1.3523864616106127
0.4894635639728874
1.9049673793879005
-0.3055476773451646
1.5219584957488137
0.5518436058647633
0.11461601648855098
-0.5016835394892064
1.9942986420633
5.442058463253854
-0.4222068297621572
1.0387044676881805
1.5449553191309462
1.594674316454851
0.12308785430289065
0.9373095945113195
1.4395049517036818
0.9803781089191097
2.2851519128906097
1.3387396416597332
0.26121570192799987
-0.0585907998846827
0.622058047608265
0.14694561082269947
0.8671508657987882
0.6799856161351477
0.5138284147509923
0.3421134274349831
0.23636251458137666
1.6414414778478224
0.1735926445006129
1.145312961012522
-0.37033907712759706
2.8612425093042058
1.8553039891829386
1.3205369444946922
0.514921292622379
1.117412285974454
-6.84105674588285
-1.7414694011498508
-0.06282066675617928
2.6605248914151955
-0.37096079450123537
-1.4363346875512235
-1.112668550201144
2.346911584304205
-0.8990856024096825
3.8394012200374346
-0.8149788578832792
-1.4218875937591484
-1.6016584001817094
-0.011448571195610217
-1.506806346067786
-1.275304400742364
-0.8967472312397942
13.785963238490332
-1.8182074912222737
-1.2665517767231527
-0.5971926567999447
-0.8580156035751964
-0.527264420250367
-1.725342828124308
1.2817395599339345
0.21233592544404742
-0.5968216362187175
0.2250916673200383
-1.523258883237914
13.239543261795761
0.18591569533519636
0.741775651784672
-4.564831356854907
1.258043899730829
3.765085696773128
3.3029384824656125
-14.219241001978045
3.9777659245349644
-11.361328521616068
2.138047385213817
3.346940909582889
2.3834157152562216
1.262597076854126
2.5194984557462012
5.380478580207219
1.1345183330168034
-13.959441578217524
3.6673553910338907
4.414071998866774
4.945889747529305
1.8377523303378616
2.557486537507872
0.9782169724136952
-0.622382566149029
-0.2637324958672848
2.001678880667353
-1.5362700323235015
3.007202525587015
6.745403774610304
-0.9218727229121184
2.1645677490978024
1.1531012839654242
1.494447124932504
-0.06395662005070535
1.067767397537129
0.8408601373554049
1.59582490883678
1.0925339891452406
0.2732681246007323
-0.08788382217613866
-0.05142456250272287
1.33215652923498
-0.39532965088646993
0.9034788349887677
0.16464122128744801
-0.3444487033916431
-0.23339406634857782
0.11171253244282786
2.5211425031652994
0.3045043377450976
0.5422121616653254
-0.6445260294261339
0.7896374052517103
0.48289924711276455
1.540759801423805
-0.0347582924340425
0.5944083054158411
0.42371231585220637
-1.3641542268255455
2.240849300584489
3.6142809681762524
3.9773667432945845
-0.5965671224195584
0.2965445845085126
0.9074083669977804
1.2119632753396992
0.43570191746074405
1.1240408279332084
-0.20498463558422636
-0.3411647967469543
0.9128964170170923
-0.8717005603239862
0.6833447493618141
0.07651754596070538
-1.5955985637733492
-0.36151009121413746
0.41314530846732417
1.2338785374540648
1.1578823916552967
2.1058324036794143
-1.1017530014309689
3.043025200769358
1.4556874216725952
1.4933115022276207
-0.43150226534283126
0.9835113729955973
-3.6525474364199924
-0.869417652458646
0.9606321474401348
3.480890419791373
0.46916679665276956
-0.3213203138418582
0.5382702713428678
2.2208655074174906
1.252451133175893
1.8175841094556708
0.3394923981766616
0.021121333177094026
-0.41887468537778644
1.4174935490048013
-0.3905440833930952
0.4283915760007545
-0.023190264709247423
0.3024505991813875
-0.27204389503283755
0.1015279082074009
0.9329564005219166
0.40650476689732074
1.896608779205252
-0.5895635463227387
1.3988488524029148
1.162391144266978
0.2242179970915506
0.04076841220417765
0.47479469133731933
-0.8084613188826101
-0.920432266825711
2.273279604636862
3.1335823388811703
1.0873768219822613
-0.5431340402176845
0.18821157612993206
4.097313296811806
1.1418570263271386
1.9551028560130228
0.5811954504776466
0.06611442036058132
-0.5012344348038719
1.0341303661884695
-0.4584069473194063
0.11603640011385304
0.3035596631905119
0.15610556617026486
-0.4713618945374256
-0.1907995582704764
0.5702898166170494
0.0561695760941931
1.7924069855030842
-0.6617835605760344
2.255164212369435
1.0762619574776229
1.1736484500359192
-0.08286137052367287
0.3915709314274849
-0.7986896356848303
3.5194343077281585
-0.16641861313703424
-3.9151166379185867
-0.15897247563718864
4.843510780547076
2.724336117067856
-15.0
1.511312297931889
-6.849045274257478
0.8896602515145936
2.7488842578006585
4.61323081192162
-0.3926386676601074
7.9593697539707255
1.6164566675560008
1.3089984950709537
-13.22064428141964
5.222985627312782
1.9435969523007295
0.8033297157100989
1.4071239214232252
0.8359686950918152
4.032080004126958
-2.282552322073064
-1.0082168938948062
0.2493232277985463
-1.6155987563054057
3.1064469435101043
5.83719778955779
-1.443575976629779
0.7740970437241635
3.623625146163481
0.026429319293675407
-1.4911369590002044
-0.6437018378436009
13.879149777231481
-0.17346472718981953
6.094453411204589
-0.17342169294594978
-0.9126785095697859
-1.3234936079403572
0.5267266676351016
-1.305242395338271
-0.9650204849176006
-0.5134999678116937
5.138232009567458
-1.1295524527507466
-0.8230202279133576
0.3431388662768218
-0.17996556287376697
0.02218880269345639
-1.5573413538103087
0.8431310795256736
1.6920111351040472
0.06326053171524118
1.930949958167942
-0.6025975656790681
-3.412418410031811
-1.5155526816823786
0.3890228725284064
3.1985138482079463
1.3794146954925044
-0.9168133707313315
-0.3698150625752336
6.82051279727326
0.0013028725418527095
6.361142353423051
0.2336910311319253
-0.6281742657749148
-1.0127712416625092
1.0354846142762781
-1.0649039403528098
-0.44899553946559
-0.1545932594224813
1.9752183355903796
-0.9099801710911598
-0.3870412044198498
0.87860919639393
0.22723546753404147
1.0268690672258942
-0.9756263192628272
3.829747745965448
1.5318528867389722
0.15972559469785738
0.49718266999256255
-0.22229061573634215
-4.589883690261168
-1.2547248560404385
1.4779310863405646
4.161908042912816
1.0476726344090437
-0.580186700084841
-0.037668107113747434
6.287764670673223
0.09138589534313565
3.7195164726532775
0.23638567317991127
-0.4241546793972165
-1.0328919434951052
0.8162217195210874
-0.7178890260060252
-0.20505193361780524
0.05701204912358772
0.8331255581085802
-0.6910870997857586
-0.3976096708813939
1.3264112617670214
0.19219098728331507
1.325299714544237
-0.846969007561174
2.823313668689048
0.3073372951561761
0.834898392544103
0.8626117772924099
0.14107546481181535
-1.0998556938368151
-1.391821461138329
0.5469619281962907
1.7464059159980603
1.1417001091279784
-1.34207770626103
-0.4981516783271192
6.501599061144486
0.08796945682668243
4.936567948641445
0.01290359710913053
-0.8240713880670543
-1.8918270622945499
2.08980131294699
-1.2836782953176389
-0.8025427989176547
-0.37011651226088516
2.1373688552200254
-1.1267379018888448
-0.6029296787870396
0.49010803758837806
0.06900289446834648
0.9196321141885078
-1.2296349534849031
3.859721690622825
0.7591621767105405
0.6104770481953282
1.6921331730833344
-0.5178967070922624
1.0885767570571705
-0.8234058293249491
1.6903337295100045
0.05749036165731408
2.112519924571311
-0.019709724353713917
2.431524615032904
-1.4159836703862054
0.9989205511860967
-0.27608489177241247
0.8769963909334629
0.8858903191066675
0.17873693139254065
0.6261392518448295
-0.32967162976653114
1.71753322758669
0.5240773043522913
-3.9667618121824324
-0.029478535817878935
1.3690527093154905
2.9428955358996993
1.7454642340108186
1.3132893063541329
-0.45224067031008697
1.606301374237467
0.20210096962430812
1.2473038903629279
-0.5213619091413614
0.715846931835673
0.853822272256289
