Architecture: combined
Number of States: 48
Parameters:
14.981595365642978
-14.826512838040406
14.999913731753276
-14.969506070314077
9.159089606990934
-14.260039466212897
0.7339497430113954
-9.309767702350154
0.8954589236089849
-10.656843181415187
0.632172494592701
-4.266692754420899
7.794615922059162
-9.512090615958927
4.157558886284514
-6.975461675611195
2.8119235998125682
-1.1577412405316065
5.600985769545168
-5.173800341472628
3.4567336532256863
0.1451952100458628
4.4392515127604515
-4.039298336452106
2.854690416103093
-0.3048638257848255
2.898017316629123
0.8235794094719333
2.840249518058588
-3.174608380662858
1.7264501189574604
0.3016764289331986
2.357015812750104
-0.1400851005936149
6.011417527722695
-4.366285795803888
1.9211742516753358
1.6026769163192152
1.1348032949004794
-2.741247979642074
1.1941201029106425
-4.080524453274108
-0.2586234305812443
1.137780437029049
2.15286154455121
-1.9594996437673062
1.664794747720884
-1.9788934987153384
2.7935141960934127
-1.7973889320764258
-1.359693977903211
2.888811040423355
-0.49869648462322763
2.023613180531755
0.5058391110371283
0.5236599225771059
0.3256378097856692
0.45398573022928734
0.15236150427993264
0.5670541868580532
0.4984617270843282
0.7351924157073992
0.10967893681273029
0.14097279757506953
0.38811592890432267
0.8686953054382431
0.8735727442946447
0.20731759419029666
0.7001112802297632
0.640885365920068
0.717225587607462
0.5400967324875129
0.4828660409730923
0.6646385852658621
0.5129279920057606
0.9646884973017311
0.6716011913663473
0.5629350227756245
0.005120922320442554
0.11610194766985622
0.25604706355198575
0.42312493458296785
0.22730779175500793
0.26282831818819763
0.983430159178424
0.5818450877792641
0.14723888956970155
0.6270495399251202
0.7110218531541118
0.44272033592032856
0.43332744696297104
0.3353945810705501
0.22464793887194828
0.2727674947618721
