Architecture: combined
Number of States: 38
Parameters:
1.7584963402240599
-1.0338792583478376
1.7561387944621394
-0.9669995887274427
1.6625046859040384
-0.9753549370127759
1.707486904154946
-0.8674012146234809
1.636432567679352
-0.8384334477961053
1.787945741403949
-0.6530193498320954
1.6534726379407205
-0.6261536322153455
1.7887052991225616
-0.4979343067106595
1.6150241782934351
-0.4315296054117312
1.7736806666070397
-0.25822316945306656
1.7046454582432993
-0.050231774827014714
1.9647869724235976
-0.32466915747581215
1.5577108594085685
1.0103828838341418
1.8523837030771562
-3.1491112154991416
2.7590622464945143
-0.7199049488286549
-2.154453023285608
4.54061132733286
-0.22347562736435775
2.2246206501585655
0.4305383771869685
1.3326813798417423
0.4635102377033112
0.5202634519724163
0.08832766844207467
0.537606402787339
0.9609891136404164
0.6815092654331152
0.3009030434259288
0.13469765836738445
0.4129844530717752
0.2323650950328221
0.19275702093787195
0.3345843609290098
0.590702032290313
0.5471508583642317
0.4583789929707549
0.6374812933143841
0.30414620022141736
0.209637828552658
0.6145860496787767
0.029948048267699257
0.7650682561214751
0.7054729661997792
0.22903353865111997
0.7323392412642118
0.06130867659278072
0.18246952043959275
0.46413283798004146
0.15123453088942806
0.5102478656598743
0.5709769702565055
0.30776947529923915
0.5815911577191245
0.4391556426878851
0.79723310798172
0.4553781963760516
0.8493279087010085
0.8436617162886262
0.6433354693097072
