Architecture: escape_chain
Number of States: 30
Parameters:
0.9270257656485114
0.3505084467246955
0.4891493220006432
0.7524825426822424
0.27497104211419965
0.8941468719514565
0.3082153568194367
0.9983041045890232
0.575291407961971
0.3324548341255853
0.27885352337808567
0.9526365264841551
0.6899738993435687
0.2915367705335973
0.004935872352551773
0.07235247795894317
0.8133256504442612
0.6997608814410523
0.7728691423295039
0.3276828188843456
0.7304063711883225
0.9788899044595775
0.8950746457656343
0.07313739812483189
0.1540250854832621
0.6667506766026505
0.5105116427331768
0.2910981696449806
0.7579604128793221
