Architecture: combined
Number of States: 22
Parameters:
14.95844055519776
-15.0
14.956617699403754
-15.0
8.407158583952487
-12.158314983039038
3.6355775080591033
-7.267791794780119
0.16790519389615657
-9.231104684123633
0.2439183225719904
-4.67478907596732
6.961798618747643
-9.641230339155072
1.9407230773999944
-4.163759375454825
1.4387054354338717
-2.422588737197371
1.3881733277264268
-3.6632752698656765
1.3565245379406448
-1.8937269823620706
0.6805259074954594
-5.72492794622589
0.16736053020785724
-1.0558619770198239
1.0160722251915377
-2.167590092930436
0.9801691145216697
-1.8316455200787864
0.48295868193615216
0.2815381144375541
0.6475794892574946
-2.1464182707029034
0.6833013927311874
-2.755018728518874
-0.6772082333095089
0.8662624087847006
-1.395061301206166
2.3759803476244454
2.7692764149870115
-1.8074524568235293
