Architecture: escape_chain
Number of States: 24
Parameters:
-10.608060871716916
-10.60717212729847
-10.587565475561338
-10.519034277214057
-10.533787209650606
-10.608613606929739
-5.795211636874388
-5.247972609629788
-4.778210916072625
-4.525771434010221
-4.073704843326356
-3.640147595530545
-3.237322607032604
-2.462133687637902
-2.657146428008865
-1.7770957698450807
-1.9257076586034199
-2.3827979349653607
-1.5531594622646883
-0.7161091666431036
-0.7345305240970122
-0.3037614671716194
-8.526910068697601
