Architecture: k-jumps
Number of States: 16
Parameters:
0.44917324567728545
-2.005870884812145
0.41839617085422587
-1.875368784573909
0.446135196613471
-2.2170817044132693
0.3169872720365143
-1.069396374937318
-13.882899273324568
9.630778288635604
-5.88976425219144
-7.069104610016179
5.858029227687377
-5.948568445128814
-15.0
0.6587169138600107
-0.5115413821029734
-14.811128669848099
0.8263976332993795
-4.019747875468934
-8.439420596921169
0.2787691222368288
-0.2982992562279078
-14.744296770874895
9.292204161992833
-9.555057655914622
-6.108790254508706
9.78273556473815
-7.166443513359973
-6.174821314369236
0.7689663339097487
-6.275032379983496
-10.828056497738325
-1.916336397290901
7.9946547775913945
-3.017239609929182
-0.7358638876911183
3.0384112466788893
0.2648776292179298
2.1545851462035683
-0.9983358682849288
0.5645236653709776
