Architecture: chain
Number of States: 34
Parameters:
-1.4309856198843207
-1.4424068709854805
-1.3817623344687844
-1.4550009603360665
-1.4068778353645015
-1.4090548674705694
-1.430526247966932
-1.3799155971858401
-1.4840805829935946
-1.3770434901000657
-1.3871316272534606
-1.4142565424328346
-1.3861931962177763
-1.4530245206272985
-1.4819076126397008
-1.3791341847652383
-1.459404405500418
-1.3968163871047223
-1.4588885101713787
-1.4795291224441802
-1.4238096861488398
-1.3770739350108745
-1.3783369290454217
-1.419571075710457
-1.4854644706067979
-1.3770213304521388
-1.4779507756194286
-1.3784373547299573
-1.3790734850580684
-1.3898739095581356
-1.4306940828750105
-1.401328782825506
-1.4071787424529005
