Architecture: cyclic
Number of States: 48
Parameters:
0.5655469555430552
0.13882945447875372
0.5053819750927647
0.9099615452231162
0.6705701122192069
0.704855052272287
0.7007051552003373
0.42723111681817205
0.15272328061838925
0.6669312931534929
0.205827152714125
0.6043468501494914
0.47296320377819345
0.7308764952183167
0.6994061646941666
0.5497665610212851
0.06743920657586167
0.418370872986497
0.6494216640025483
0.6517189260486655
0.7539318411550744
0.1473222398761853
0.32301572222284436
0.947480786460672
0.5991868269450001
0.6155930146215326
0.36213884272466335
0.602257458795771
0.9005241191806812
0.6356753491979558
0.9089453306207576
0.6574345897796364
0.7908951114385406
0.2652418176872682
0.3630363548410799
0.9333625539646926
0.8851768400212948
0.06457467114775994
0.5995048365649616
0.8366878028019503
0.3867834078299516
0.18583221241607606
0.7090166417054515
0.6435792916418892
0.9092657708943311
0.10854309238374538
0.3189626720681473
