Architecture: combined
Number of States: 20
Parameters:
0.5010308673645182
-12.870166808431959
0.5261220703780708
-8.063837431409459
0.504229035885239
-13.240178576094161
0.5059688654664375
-15.0
0.5081693022485659
-13.140997679571024
0.5130416475443046
-7.866127542864638
0.4403169976197377
-2.7156516948684755
0.47465602330778645
-7.080274264592143
0.47105452891886546
-13.048945135745942
-0.20787958233207038
-0.2910123905903834
-0.5343325523977465
-11.541847842319866
-0.5387135164732206
-14.084223131555978
-0.5382273361585334
-15.0
-0.5327474034072818
-12.740832988047712
-0.5395907224832952
-15.0
-0.5384415469194319
-15.0
-0.5396737110884954
-15.0
-0.5277715087227931
-15.0
-0.5386422342674015
-15.0
