Architecture: k-jumps
Number of States: 12
Parameters:
8.249913351488404
-11.1029370917973
-0.20816983021869745
-10.420145090389642
-0.20021224788031056
-15.0
-0.1935672491457508
-15.0
-13.715119843421709
-0.19080475039737946
-13.22786316029748
-15.0
8.24683024232286
-8.223890787786164
-4.825064864060877
-0.3093183520390368
-2.8594819078749065
-14.016561549443457
-0.3163564612876475
-14.738606853758789
-10.375226471553852
-0.2887691961135232
-14.05757533030461
-15.0
-0.32506847482847107
-14.14265886935794
-15.0
15.0
-15.0
-0.9044963571105934
