Architecture: escape_chain
Number of States: 26
Parameters:
-2.9442520383232282
-2.8902535642719522
-2.8335120373001628
-2.772969684294627
-2.708192543001059
-2.638822701001474
-2.5650526983042456
-2.4851762382395792
-2.397777096529621
-2.30293670400694
-2.1975712617920586
-2.0798485596193217
-1.946542292931835
-1.7922816833654844
-1.6101298781411992
-1.3870311380792286
-1.0990688095252004
-0.693077825960608
6.329872279597913e-06
10.212461134542345
0.8914703694190795
0.5784508811604668
0.36729481998372476
0.3004467486183408
0.7602743318242892
