Architecture: combined
Number of States: 22
Parameters:
15.0
-15.0
0.7180848872530854
-15.0
0.031953537832534185
-15.0
0.3998510253048627
-15.0
0.7055270929280923
-15.0
0.9669048635271582
-15.0
0.7408265135410819
-15.0
0.2777855193711356
-15.0
0.6226439736306137
0.6107592733453141
0.17915078662624317
0.869364324457717
0.4930350010324307
0.027142500928146962
0.5232106385918868
0.9990455764816892
0.010272964612175417
0.8693915543572276
0.039881020189124095
0.9933560222136036
0.37965399471208405
0.287377976478446
0.9044683508807747
0.3490718564872466
0.4062898348674173
0.0029484764331545454
0.48834751157358025
0.3776339801763353
0.7404834093686637
0.12539379225816694
0.7203504039375486
0.5180885007238131
0.9628408062248188
0.9098578399578927
