Architecture: escape_chain
Number of States: 48
Parameters:
-14.01116255484541
-14.01125474502888
-13.997041062584248
-14.033869153248306
-14.013164721745657
-14.031596226131185
-14.001567144039774
-14.019337738552414
-4.591672639573606
-5.087646284201767
-6.268942417258072
-5.514972401399504
-4.569741822487918
-3.2537190899093282
-3.0533712680948586
-2.6269757091700674
-2.882669239854935
-2.7779284240147435
-2.1685824048711484
-1.5541581829515714
-1.8889401326254398
-1.7252754200617448
-1.5638770809721096
-1.2218491633296713
-0.7642940661926134
-0.9809960154860284
-0.7166468762419401
-0.5274245262167084
-0.21818771928178604
-0.412683088656481
-0.23067214662246208
-1.4457045245460423
-8.398407403501546
-8.508765493719945
7.3222469830706745
0.783055189249409
0.47697943870527215
0.9008701836532136
0.1549736664068414
0.39683353964887047
0.5309045548592053
0.4527774591024982
0.5626887144032927
0.13594704342051844
0.42309775838562413
0.4061723117135948
0.6199416049415987
