Architecture: combined
Number of States: 20
Parameters:
8.370080575288837
-9.713286753278776
6.366104697821469
-11.183261972448484
0.20244221192219142
-14.583555603615814
8.051213329474821
-9.073696418399425
0.2077698860640134
-15.0
0.2294592141156037
-7.136422968600213
0.14285487081761464
-4.158951734313747
0.16651502309870092
-8.060860806690378
0.1603197042544735
-11.176849717109832
-0.5160004616298065
-0.5664225648429138
-0.6711200317671933
-10.85354962510316
-0.6718786268423499
-13.556545442577251
-0.6790003311259186
-13.883839135884724
-0.6539539184164194
-14.227337101285018
-0.6496290715940928
-12.70414473270808
-0.6743639804395036
-12.517646285393678
-0.6620430611533534
-12.478814213013372
-0.6772667236229547
-10.490437867851025
7.27575612420535
-6.74723775320107
