Architecture: escape_chain
Number of States: 32
Parameters:
-15.0
-15.0
-15.0
-15.0
-15.0
-15.0
-5.116058494752192
-15.0
-5.525767352503878
-5.526973823938742
-4.576574824877851
-4.377713316299136
-3.9596962118449537
-2.6209417489593885
-3.098185248409114
-2.568227176211196
-2.3837132385718727
-2.3919471827294156
-2.0312679358058108
-1.775321205911885
-1.6494829890716405
-1.9459158981411913
-1.3327839183410783
-1.1356937057827354
-0.7069672877267722
-0.7136953109447367
-1.489542836129251
-0.4051699847828688
0.6946542073212819
0.5106355552014317
-7.402654106725552
