Architecture: combined
Number of States: 42
Parameters:
6.816939622814764
-8.938907037889097
7.962076205987947
-6.893706141163651
7.854470853880212
-7.133287194347617
7.37440114619373
-7.909053180836288
8.093576753198981
-6.688185621595641
7.186639738394948
-7.266034804264848
4.329584711580991
-1.8657089731479206
7.55247334936815
-6.684703532799876
2.207501938550638
-1.7757050210383032
3.5618666111061756
-7.22155152014506
0.22638287015336872
-3.293117956372774
3.2213816425938795
-4.347932932903962
2.4276109106378234
-1.4821478747253836
3.0889112352953654
0.4933263029155335
2.3194410415496884
-0.1857443137906621
3.1482459599567774
0.6317179041388978
2.8216269276378063
1.1164633403395414
8.043502009233729
-1.9102066622942042
0.9022469397313145
0.5718968204964345
2.094230311726371
-2.6571611609959938
0.16969758198246768
-0.5369317611130641
1.9690960090568024
-2.4825780574196745
0.5012336653370569
1.7247977022259777
1.8428780567873466
-0.5396796908613506
2.5201724193778126
-1.8863477781951488
2.727023275166495
-1.0696794456152112
-0.26459327524012716
2.446524163228788
0.07716162349948112
0.4498697636292178
0.5841131422409831
1.013181910462915
0.6814149606327877
0.9956001306982094
-0.11920843640902383
0.9765612871378568
0.7819047647114481
1.0431348032395356
0.01051689875591264
1.0095104787714937
0.9915121666143916
0.5169152998283824
0.03828517114868112
0.35696127688129853
0.756910811123578
0.2649630828774706
0.9238197235643527
0.10233455077306797
0.5790805704285825
0.8378798453794589
0.4988766874969608
0.9782978793996171
0.8447649069692997
0.23003358757805492
0.8514198252772568
0.917098460043347
