Architecture: cyclic
Number of States: 34
Parameters:
1.385959211834432
0.5258881452326826
0.5304064402908749
0.5295232809259535
0.5279814204632933
0.5287172051006517
0.5297701701080946
0.5314015289074546
0.5305853580853126
0.5304404959649782
0.5280504443444488
0.5270695761545761
0.5260531937084708
0.5304367043512456
0.52726236702964
0.5314122728035802
0.5281773971103699
0.5311159839916952
0.5226823113911412
0.5280397463415991
0.5312756037600671
0.5294130518560368
0.5300171339326889
0.5282458010698075
0.5272874279955841
0.5296923067412893
0.5292493499214054
0.528932476631763
0.531132206235432
0.5305261977614681
0.5304141057498382
0.5282638241808364
0.5282419964723499
