Architecture: k-jumps
Number of States: 22
Parameters:
6.6077073492936345
-9.897176581708052
7.340904486059133
-8.741664946638068
4.527548689700871
-9.358373133643907
4.751945620979075
-8.897591946749301
5.8459971020692585
-8.517179243088469
15.0
-12.087777593683438
-15.0
9.373723905050516
-8.521340253497499
-5.947614945854009
-0.13083137150248075
-4.826284504451469
-9.247065566444386
-0.1703051211079086
-3.1778879650300507
-13.964997269858017
6.320564269428202
-12.91977775998312
-6.220215914443393
-0.16635336147809934
-6.758494789509234
-10.329741002674949
-0.9214578619554904
-0.7862249555640873
-7.7949991035805235
-7.404228521723314
-10.945858175282194
-1.573322995945918
0.8979725973697814
-10.816143303183305
5.796215140701278
-3.277650620452875
5.0614802762543984
0.12944481530879579
-1.0926167928712567
1.4681365302549008
0.9686430031520885
-0.039578304553559346
0.2627753156850315
1.4654972499845804
0.5847128799729396
0.45078662964212773
1.494652911176656
0.26430829370509884
0.7706419277640063
0.1808128803532352
0.26467653482917136
0.24729686620876284
1.00754125745424
0.5176973672797417
-0.09400413629093196
0.43551249146920024
