Architecture: full
Number of States: 24
Parameters:
-2.6434646929308703
10.069755241833025
-3.004108724077482
-1.0138822139291204
-5.620379676619128
14.67594638564736
-13.567158012095716
-2.2863077331629404
-15.0
-15.0
-4.768996973904152
-9.613563971809848
1.174937044198485
7.635136958583916
-0.42255086828786226
-12.061993232423854
-15.0
5.354821890322708
7.885148054238088
-14.891079964026966
-15.0
-10.349055725688187
-15.0
0.1845279346932062
-0.18780083341827947
0.3563493316270146
1.5221034913154867
1.2622808177998557
-0.0004761006748037061
1.5166682253907997
0.7942937395942152
-0.2509098917460404
1.594205604153519
0.06012457409662129
2.1117835409681738
-0.01951135694748323
0.07734192346186336
0.3501221834977814
3.443616773229711
1.260927493689474
0.34492523474346237
0.8244108909180108
0.2772919425413143
1.2848747415208073
1.1082820543126006
-7.8893173660487985
0.49622426534252545
3.3727760842665653
2.0112301054121544
0.6704527681517023
0.19016010328837146
9.028569222589768
-1.665840187915148
0.17920979554882316
-6.1757380881318715
-3.891831600766989
15.0
-0.6044822615216153
1.3818929761271066
4.8407738469214365
0.20096154593540477
-1.7959969811217846
-4.908884535973118
2.4433697776769736
6.926239655095233
2.7405116873488
-3.665232017669263
-0.4224126873152793
-15.0
0.8663679813402516
0.752625845456411
1.373513138293366
1.0828363568267076
1.3369081742556705
0.3513399790498744
0.3671080662099961
0.564418548928426
-1.2090414834495653
0.3746439648993255
0.2699659393417078
0.5815433092926359
0.8316977362836341
0.9765508438793221
0.7333111605603893
0.9945582436375756
-0.031869515885517674
1.159895065983157
0.6041810147940709
4.0049621617971205
0.7826364817851725
2.1172762704945374
-7.947756382927352
2.571982138584818
-0.885872652855675
3.3016289841338953
1.320108131100041
4.478622552713196
-3.8868503798531533
-0.1678209219851589
1.7184032097956616
-3.3151904021002347
-0.7299833127358235
-0.3889849854222723
2.024383918974857
1.3894457516386294
0.39393204396619713
1.272309759094704
3.4157095763489793
-0.8950313212597018
-0.012451960039171983
0.4723642628273547
3.2510123271717597
-0.42321572900123106
3.6559144722605277
-5.358467895742185
0.6534368849150536
-0.3905595509017003
0.6970199537643217
1.3423667010522073
0.5630154646355932
-0.3708174030878294
1.1806908595122336
0.6562699789247001
-0.133704676081417
1.592222472051466
-0.42595267041219564
1.28459721197189
0.21863300280575407
0.23106843741004468
-0.0002919603182420568
2.642113594140377
1.8624292499473545
0.406226438319348
0.24434661418737802
0.7170298410248026
2.341595262844055
1.4432414482633775
-4.329121420488137
1.1951160380894388
14.922125816229725
3.569228665048559
1.974188373693673
0.3277445048098951
8.467473550440047
-4.557585582459426
0.8151326366143616
-15.0
-7.592652757255339
10.314267366465995
-0.8555033525504043
3.0575586314809104
6.01156411725038
0.8777482808693825
-1.97327225365247
-6.516319585378208
4.61332957936151
8.144555887152142
7.808182543415704
-7.186707089036301
-1.3234617510854478
-15.0
-0.08378063145986828
-1.0709135565145331
-0.19130872397274562
0.19145135030456437
1.1614595385405433
-0.9053196057386926
1.027070284065819
0.5457531355542837
6.007295320292986
2.083560430590535
-0.8642911340222331
0.5999032425222445
-0.08779512449588303
-0.3795092734281778
5.13308311251816e-05
2.101617553108055
3.472432932649123
0.017516485564815255
-0.08921309579177225
-0.5005388517951579
5.871961699438365
0.8058396685889064
-6.490017887333916
0.6550185580566734
-0.20811767123264585
0.558583703051195
1.0294498458261507
1.4801686678832198
0.27829397742712153
1.0804739044070157
0.5807157368987806
0.1934785964856871
2.365124929340386
-0.2041527822473527
1.2831991651379782
-0.08087111417150403
0.07854237353364633
0.14428957771565706
3.3169497721519674
1.294992890783448
0.2145680630158351
0.6754929459533415
0.4277598873757687
1.0008326628357682
1.581381402220901
-6.806998273492642
-2.1236079897907536
-3.2553985517153534
-3.0604176888755728
-1.663711773470569
-1.328392853059603
-4.350943400602989
1.1304995734691665
-1.8442385261240477
15.0
2.1381651398200554
-3.5757659054125406
-1.2285792958775426
-2.124632182037554
-2.4465839211261375
-1.6198223404531797
-0.37199063575779473
10.715300217826005
-3.2693185830070166
-3.1307167273208725
-2.8461033419280843
4.909053161843854
-1.049666687004916
12.63256845472093
0.5400365816766989
-1.242146331080255
0.44275289505846693
1.012854804997108
1.0566267027662186
-1.2219587759536443
1.7216911960878178
0.6968906320556347
8.991526558969909
3.0412732416335895
-0.8867580563516415
0.8838598584711703
-0.1561308142025617
-0.37816425107950086
0.33771387502032146
3.436133352449494
4.331740861850322
0.2403754844664629
0.3819058911511484
-0.5010036883488205
4.769438220285109
1.180983786576915
-15.0
0.8569597505788181
4.605014905553221
2.361602561269308
1.3504049808121559
0.255428821363068
2.991129176596898
-1.650821180081666
0.40976894532608965
-6.058892976179217
-4.051240571793958
3.713447317982228
-0.25938621805525097
0.7182649278717732
1.5505314991240475
0.1780523011863624
-0.8037721712941005
-3.267289944795083
5.272323012143031
14.999459782356274
2.7799902358228037
-3.581119504175641
-0.26510383878236593
-15.0
0.2229639461732224
-0.2311794336624461
0.3965622593592927
0.37704042443593005
1.0532409983623299
-0.2124278590611987
2.345997410685551
0.47272596718446286
0.7956579592989484
3.1801419945523643
-0.3891594735428551
1.5103823366212368
0.09196419897635866
0.05480418059337464
0.459020632849298
1.262987761543462
3.0876499209586084
0.16099877258530776
1.0546991288080825
0.30562707066382233
1.672616585060098
1.765944768891135
-7.554180550555008
0.7836811232076886
0.06555471770095889
1.1856109997978759
1.9081703543609325
1.4612574363589288
0.25066134459722694
1.0624955170221353
0.301246209965055
-0.9589501980174903
0.5636399639027441
0.24568639575696422
1.1289174110395026
0.8867724897853003
0.23207471932071894
0.24157593278349615
2.848793531946779
0.22879897161515245
0.5651326905032021
0.7558938350063786
1.6458265820076443
0.7022441137688291
0.7050136366710097
-7.95578719840378
0.2222656252133068
2.426186068486527
1.4394790740828003
1.091715065811375
1.1280627476171556
1.3305466792917613
-0.059999720804806714
0.3509154626048736
-1.4491125333770023
-0.5586348857808314
0.5338665878959061
0.40481092358146137
0.6151944509644727
1.2145098476884075
0.856109708919125
0.7447530555480741
-0.676356464567934
1.5451398188015855
3.68747118990679
5.123232132684646
-0.47433617653183435
1.0634604641582048
-9.89024308909631
1.1037068850710254
0.15070897399771105
0.3540171292388377
1.7407933528495787
1.1167661240595497
0.38040511000966876
1.7884109571693143
0.3107824887857733
-0.3663640155198209
1.8565407826235631
0.2738560619337552
1.753881447946576
0.35290753312256473
0.09110899881822065
0.5665940783586457
2.6670119445513842
1.5724207213015184
0.5581831444843953
1.194139947683519
1.2523024560190954
1.0515955398314327
1.600147490529422
-6.75834792488401
0.2788066656367438
-0.6491027724392514
0.09847489675908316
1.3091309671177445
1.0515885505607132
-0.46710679267163524
1.029371289475719
0.12037370402892307
0.8651823562113942
4.97090107570073
-0.7251647752166643
0.5665173921795328
0.05988433733039259
-0.1007552954148791
-0.041252022968339026
2.9328588195788523
3.1026267852932365
0.396063583374908
0.672846208689702
-0.003850696745892005
4.535541653272525
0.6552262222401428
-5.919898027817978
-0.553218351556967
-1.5372680874407287
-0.8227630988046118
-0.172900816058666
0.0914285231014802
-1.5906668857333512
2.2528560166027733
-0.44201723925706854
14.761141949748284
3.82069036837196
-1.4226062716397823
0.36817864186387
-0.8718867856185002
-1.0931518949055943
-0.6412377036052108
0.4235560355688179
2.7633829250351627
-1.1095850806607697
-0.8136256090342862
-1.1698383825807954
2.6053826603428862
0.7899410544984389
-6.318782147475166
0.3387963044211738
1.9240536715884982
1.7011451670005193
1.3040321100910162
0.17172293941032993
5.1158035279231004
-1.0323486001040645
0.21955529372402646
-2.728809415775688
-1.410317435841158
2.795494909572508
0.22597409830408322
0.7921231994785487
1.3864899999323086
0.5556200421916565
-0.1492330750208397
-1.4486570875206133
1.303982358037778
3.4646808085124596
1.4930753642318007
-1.3463570916489997
0.39473191779223177
-4.311934206205847
1.0637471032966737
0.8492348696739271
1.6005435596242215
8.159810995856102
0.7375642588975825
0.6808245901425266
-3.012215420534597
1.1380014259006654
-4.702093360534323
-3.344349642495532
1.5975613369255317
0.012270521298086147
3.0142647793910915
2.2253536228305473
1.0591232813953504
-0.4485848774740942
-3.2574118279067377
2.4028616225254202
8.923316505179333
3.8225648587345855
-2.6731505244978293
0.20242384817156356
-8.706826296124627
0.8215660321538711
5.571200198437657
0.66479149550051
1.4049744823847516
0.8344716067778614
3.9117129519937825
-1.2293309647696269
0.7894327855730121
-4.207020715708284
-3.61150399099878
3.1164963826652285
0.3957580296519343
0.5473282426880989
1.307101590700795
0.11182661782789188
-0.7550214015361255
-2.8292044703965535
7.7868081734678185
2.5039967311429336
8.957322755533902
-1.9307830452127388
0.2409737199151038
-15.0
0.1536750667468767
-1.2326190966458725
-0.36425791681976716
0.7574292963283366
0.051053089443256275
-1.1697175445189993
1.2448611879842033
0.05534511102709944
11.408855236426989
1.956654783496917
-1.0574757835342012
1.0257846070600938
-0.3556066604246928
-0.7209294098227619
-0.11969092343215655
1.280919936460361
7.764665313701247
-0.2621072311649331
-0.2782664377043247
-0.7824477335075087
2.961749852041916
0.7188236578323395
-6.68904433772448
1.0133755044672097
-0.15608276772150487
1.0074496458802158
1.5622178318914068
0.6880610750994909
-0.26821071490922327
1.788226993775661
0.33973254073075076
0.6662643265412724
2.998521271176873
-0.1737508676195319
0.6739994735564807
0.369388341596056
0.48976168389473895
0.6621922838353759
1.678302439674028
3.247757048788838
0.09749974390302411
0.6452830641077929
0.5628078866459001
2.3397920355754396
0.6938258373897972
-6.779985466546874
