Architecture: combined
Number of States: 38
Parameters:
14.972999764561552
-15.0
14.979796446780204
-14.975900171530068
10.353388734872924
-14.988473358309886
-2.437420377052459
-12.485497820458072
-2.451397505739792
-15.0
7.278021747012792
-12.750152417561228
12.207971433626742
-14.344155846186151
-2.452414640301842
-15.0
-2.4444850563592646
-10.371262608939906
-2.453271982690436
-15.0
6.998465835272066
-10.717539979778447
-2.452923194487665
-15.0
-2.4529992001111642
-15.0
-2.4502637554558366
-12.893242010921048
-2.4535408290318403
-15.0
-2.452815946706615
-15.0
-2.450715714053041
-15.0
-2.4526254819322664
-15.0
-2.4469632058506825
-11.306610982388127
11.782637260962124
-15.0
12.578756847562515
-15.0
9.767819486525653
-13.780892849453162
-2.4527710660373376
-12.765254946673672
-2.452755678954393
-15.0
-2.452338237314721
-15.0
-2.4526940446737555
-15.0
-2.45189351075369
-15.0
-2.452416332928627
-15.0
-2.453592752928986
-15.0
-2.4513243607146236
-15.0
-2.453559747268995
-14.565347583867805
-2.4496908848102295
-15.0
-2.4535905426747004
-15.0
-2.4518482299658815
-15.0
-2.452929796249602
-14.999695288440684
-2.454394854227712
-14.999633331240886
7.338623031711675
-8.614870280446041
