Architecture: combined
Number of States: 22
Parameters:
15.0
-15.0
15.0
-14.967560030544252
8.327626707171257
-14.993620031736937
6.100666099471322
-10.211202579260725
7.662905444016778
-15.0
-6.526480069909766
-15.0
10.834999947188763
-15.0
4.955413134384107
-12.626565547483462
2.2158268278976276
-8.65969036819656
-0.9821018619217133
-7.954227099574784
5.937717177005602
-7.956591284507781
5.974522949216118
-7.267068816793971
4.467274288118821
-6.70683675930255
-3.048188075687715
-11.19253155712041
-6.510572183884417
-8.722141606511641
3.4273040685615843
-5.3861563108117
-8.751492029329146
-6.567230079765776
0.8620341412088557
-3.402806584731659
-5.745426499606251
-4.089744787118439
-9.41225429914606
-8.400500193288774
14.764913609891614
-15.0
