Architecture: full
Number of States: 14
Parameters:
3.398212751715247
1.792969813329774
2.089825811225747
-6.232574375066682
-2.0827026240553295
-3.5038568778466126
-2.0259121514472693
14.74613840223146
0.24400058871317182
11.93179727635283
-6.879853488556686
-5.246086011079813
-15.0
12.894184103025362
-10.000500638150363
-7.759126431120171
-4.352819775666834
12.338750201199623
-5.227500027562504
-4.053634792782559
-4.036177564817595
-2.14264983419604
-2.6999564286760696
-7.253762726434713
-0.7166805856841568
-1.0317299956251913
-1.14098889386074
11.543647852992386
0.9168178973963083
-3.549473104011921
-0.12236442681310629
9.914459837740853
5.01741062198901
-0.8255804606128568
0.1117458211505627
-2.049279620041557
10.551189796276722
0.21423339583763237
4.5307386639410225
-2.0773474206685414
1.8690482275650349
1.794429663919652
7.33950621015392
-0.785851121645925
3.4774956732660014
13.642409268383973
-1.6554283591034324
1.0487926535709393
-2.3156509269589836
-12.03547432306944
0.028069432684873268
-4.665122124563465
0.7860349377822987
0.8089527859789182
1.8534583709967958
3.3678175520429514
0.253573270024276
1.0251898544956053
3.256956993220121
-4.969249226075701
15.0
1.110859378362209
8.183880599929472
0.7741494403791979
-14.99997251630211
-6.556504851912475
-3.9573530108022528
-14.909667752023958
-2.157568956291442
14.983667819256597
-2.4268213277394532
0.011955386304479601
-8.613051904031712
-10.798801484335597
-5.977054001508386
-6.163616844276734
14.437514578580032
-2.987372485931018
0.9799795523892781
1.4724967956772546
10.802810783217433
3.8182927729788005
0.9696964823528524
2.3598743536685345
4.364200807999888
0.4227115053766976
2.404386707140002
0.7167246817201943
4.566015526742555
0.523301773449575
-14.99997251630211
-1.9099601016055507
1.0948053864614804
7.708903523199027
7.775088021063482
0.47629920365642153
2.801291948203399
5.579166328523969
0.4232549462262279
2.450850615112272
-0.0823750991997807
1.3989103300675252
-0.17680835407306722
-14.99997251630211
-1.5346171378021005
-5.646322393597558
-4.2586638711122085
-6.827955558378256
-3.797034336844788
-5.652468507243676
-5.339283448454407
0.6795026843846432
-0.6719392179004909
14.695544784487996
-6.387265756117061
-5.426031940744134
-3.8087078235498657
-11.63447651952485
-5.00436613081253
-2.126818301291464
-2.246590390549579
-10.051330894522755
-4.972776898913716
-2.441761411180801
8.44788605802185
9.383584713519253
-3.343671045361766
-5.442139416232923
-5.013139718398902
-6.235845175255863
12.375021333013615
-4.135081143444218
-5.6315356188496
-6.877502022413253
-6.392585766644979
-7.046285988378145
-6.7154216080633375
1.097473256800125
0.23766654985407656
12.938352804392014
-9.949696208155373
-4.041622537829111
-5.27648030914593
-4.445275757429601
1.3137753873381068
-1.1352201633310393
3.114866086091516
-3.13663472355371
1.0387225688766792
0.377527649248062
-4.558269167285908
-1.1874563185027538
-5.190384070450304
12.23524800815357
-4.458884643762377
11.9077996304251
-2.478520665013032
14.249882341481719
0.5556446320640135
-3.9553254190528344
-1.952064268131098
2.970162327852391
-0.1818482181651075
-1.3820412618945332
-0.9733288780352345
-1.5531828192383
0.6386235754135718
5.154247315791605
-1.207503225142872
