Architecture: combined
Number of States: 28
Parameters:
14.967862600699153
-15.0
14.86424143247157
-14.814786499661283
2.5081089749969383
-5.046033656800541
8.229315951232905
-10.540469370793168
5.930350849492969
-5.953142135303992
-0.3369256374074191
-6.7087539989919485
-6.062422142776499
-11.324215726386216
8.744494537447418
-14.951820130468258
10.152731619486024
-14.996759143950818
6.964576366937291
-13.026861578290056
4.074272522250241
-8.853014325846148
4.440705176801539
-9.264947868461457
5.807120969709452
-7.924071437610703
4.163141004975124
-4.544096240143723
3.861227386672599
-3.7489901322123873
2.3164122211549447
-3.786850035465639
0.14322201979289148
-1.4210241469446598
-2.3480090999209757
-6.65950551483228
0.9952431904433112
-3.12604619370793
-2.5859622591686486
-5.454867085377108
-2.4701765198416736
-5.13493317841849
0.2041975705397334
-2.949601634818725
-1.3443250619798084
2.046853793874167
-1.6914652904007734
2.123681969051371
-1.0838600306924722
2.2277764105103386
-0.09180217587962101
1.116663574327258
2.0516593479773295
-1.3753198058168976
