Architecture: chain
Number of States: 24
Parameters:
-2.1425450129530375
-2.1425854419349206
-2.1425854419349206
-2.1426424625336673
-2.1426424625336673
-2.1426424625336673
-2.1426424625336673
-2.1425450129530375
-2.1425854419349206
-2.1425854419349206
-2.1425854419349206
-2.1426424625336673
-2.1426424625336673
-2.1426424625336673
-2.1426424625336673
-2.1426424625336673
-2.1425854419349206
-2.1425854419349206
-2.1425854419349206
-2.1426424625336673
-2.1426424625336673
-2.1426424625336673
-2.1426424625336673
