Architecture: k-jumps
Number of States: 50
Parameters:
0.31390560236617737
0.6515039864352105
0.5959151801090047
0.683902160462826
0.33566125457358664
0.388804192813927
0.2140583146793188
0.12936304414449262
0.41145900751260733
0.9745421509591252
0.7038585540012634
0.13599992587464826
0.7987340318923736
0.6229294426381471
0.7147040722948431
0.8103803983728168
0.3320693693781749
0.7349835758651014
0.5922542183077306
0.9776170726387453
0.7101681128582257
0.3375158529860096
0.709109998499852
0.6684632506809404
0.6518500489155438
0.7419290874318729
0.6725226489052314
0.06308926469840603
0.37349711260613505
0.9304132715481663
0.5325171719157087
0.4644973908223221
0.8613893945730955
0.12274092875164577
0.4168838217182971
0.04784280389512596
0.419105715667641
0.9997329416995785
0.770646763928149
0.008342776629314042
0.1510683132284375
0.9224022331573818
0.36013542822168687
0.8223706565630798
0.5465180826660274
0.9042706253173317
0.6056516944455155
0.7040126869424187
0.8266083354194617
0.5782480665559836
0.7618364959982292
0.4931839141790998
0.6876579772507245
0.8710392370297847
0.7237021825001825
0.3573756659275047
0.801790811155199
0.7449049344531911
0.7905338859969492
0.7885446556083344
0.2851177635710985
0.7371901420462195
0.3827744948294437
0.0305050137200219
0.4110336775631014
0.2553733760825462
0.4701483381308367
0.238948557686246
0.4872058531742187
0.49548449988549437
0.4327218609015946
0.7778225475241528
0.15952221388323995
0.13374939220525905
0.2904464586055949
0.8483076391761044
0.8380463440327958
0.6925725238656372
0.6932707808554448
0.3392499427108292
0.8830986218265043
0.9024051478855268
0.7205346186660522
0.7312174328898298
0.1566759876779723
0.5472747850420134
0.4097800372945115
0.09998179914698146
0.5547748314622388
0.6541805745637276
0.6325926107822153
0.7340056677579084
0.05522211284504841
0.4641666296439261
0.5622195116834237
0.9879580594383717
0.9381684176839844
0.6843581845944902
0.5551291884995534
0.725729948208848
0.2124374505225094
0.8315270612172683
0.7989730750205207
0.7545349151498267
0.10261736670475596
0.5949357735106934
0.10185203643370955
0.4476097371918275
0.965337350582088
0.3745502580162947
0.5121873864817283
0.6571891600699172
0.3550200341564588
0.005164129806556006
0.04834372800151543
0.7003592652604168
0.08795914704732077
0.16005432292365762
0.297085177015472
0.8157519536537726
0.6432828439596577
0.6295974135677744
0.19210328818873756
0.5281464662807578
0.07611850135949405
0.8285496433118796
0.7690502885783093
0.2718866673852256
0.269112107609755
0.9555289752158962
0.17991851779692725
0.26674030294991313
0.5559810601533368
0.7713719387481554
0.8188353832571345
0.08814925084165481
0.21076380690885743
0.46279490212748886
0.015538244010899427
0.32228565349500937
