Architecture: k-jumps
Number of States: 32
Parameters:
1.3344811840491855
-1.371897749840242
1.3383601309363236
-1.312433859829041
1.3173070804543723
-1.2487223952962245
1.324976810134065
-1.1619394059256283
1.3055208263819436
-1.1142796173070393
1.3322975964524477
-0.894141915098178
1.32844014683495
-1.0511353961613998
1.3649450719108196
-0.5584866345416114
-8.844536758284692
1.3219128278696683
-0.5576116656326273
-11.714963340275029
1.3978161576418724
-3.3461410674630194
-10.935504405755596
0.8825852634121415
0.5558013126644519
-8.978794634249864
2.229535100046774
-8.667807966112536
-11.522971555693891
1.8265903218940198
-4.912932488153666
-8.333467095238651
3.723594499370705
1.6995376900323307
-5.159294838351675
-1.1748178431086125
6.239438797687212
-3.2382525036987198
-0.4812170208534495
2.7122263965507845
-0.898899745357537
0.7066030754282389
0.5938227364671625
0.1415414331108934
0.6671964093772583
0.9835100667173768
0.30153635370489584
0.15870348870671344
0.25190034755275426
0.3431208017768812
0.053048558398882284
0.8782762675908694
0.5121127494815313
0.8234532464579801
0.5691298515938031
0.38806389889327764
0.4415393279059626
0.6624886273445286
0.4589010447429187
0.4389365788555767
0.3667769873062324
0.43514632547489174
0.46897607359226556
0.01094808629622146
0.8235734604364856
0.9304444407828023
0.018549491495660875
0.7772401133345795
0.7739111890609769
0.22974050705828608
0.10941926291814863
0.8573241150004157
0.8493652187472389
0.263649978347531
0.32505319554599665
0.44998737872384365
0.7673309235959408
0.9350344122066149
0.08981020885552382
0.7956779403534824
0.6948409658974715
0.46466984121106214
0.514152689147376
0.26799630548979614
0.24059466166623633
0.47478771688125354
