Architecture: chain
Number of States: 26
Parameters:
0.2086336649463415
0.7884947747393183
0.747905795344799
0.8522669376647241
0.34138844909363764
0.5956205183726895
0.4571890854875743
0.8359754156591194
0.29507146507495097
0.7238275305876783
0.7893329913620012
0.8810039766004796
0.5866823412870941
0.9085711335732019
0.9719054542698973
0.6647814578468423
0.979378763660276
0.31873014878472716
0.035297167753879144
0.8387596302530617
0.0773432881888414
0.9251152146404489
0.6144968163693094
0.25611612023677277
0.854458716761282
