Architecture: full
Number of States: 40
Parameters:
-0.813171030162527
-3.2048834799267905
-1.8035493988871607
7.802071457535504
-3.8758420667537905
3.1728379528178796
-4.706925039883397
-2.383794608230582
0.8726357611821309
-4.419766720284934
1.332177896218138
3.0411122290582844
1.1468111188788979
-9.011034159831095
-0.9755242078254206
15.0
-3.097928974119067
1.6916187599940005
-3.262196286703342
-1.72897835167093
7.751271818027567
-4.76781012424363
3.9428010591746747
2.006632777190954
-1.9328926091269312
1.3606105156801673
-1.2385804349676706
-0.2519728368362248
-0.16712366724543143
3.719254048529169
-4.586671404221768
-2.226975513297305
-5.185474993395061
-4.274649202632925
2.6536302421601854
3.3382175198558013
0.2975372417750771
-5.296279574115802
12.096786557151585
0.5423909797301516
0.2997123658504565
0.4316469117296681
0.017944323662628606
0.6934800218890325
-0.1052141030967067
0.12105199964343298
0.24821508961860814
0.6301540833556383
-0.049436267422445196
0.2955060410996146
0.34354117467971435
0.2825710269093424
1.307340395507025
0.4959380998681991
0.2894906210746014
0.5704249132285948
0.963622225829082
0.21762991814321653
0.1272855931035874
0.06252622013632367
0.18168971168746592
0.45820074424058155
0.6229126491472164
0.04561009167722244
0.7543837860536655
0.15500273669785433
0.33831188591412437
0.2331429498793065
0.4189317460156983
0.9738131185878879
1.1396113002447439
0.781385174927589
0.402108848724353
0.7748119811265004
0.19116951043468697
0.14652557727092747
0.906913730422766
0.812578826785079
-0.16504576538431615
0.8715180889451237
3.204456718380499
-0.38371583948767995
-0.37311883820836295
0.6189247822952799
5.091132638703617
0.27078121501114066
-0.4907999460003387
2.1027041553477304
-0.3196150685179741
-0.5472249340177248
0.7005602268968641
0.07359281090376614
0.9022748989855347
-0.7031653795995352
0.018714909052345036
0.9142072656080873
1.595940968037204
-0.32516833442055587
-0.4601067572179432
-0.23795537914706974
0.24908280958011028
0.34298490468508475
-0.35120993668398176
0.6081434677898152
2.0302756345932433
1.1301408300450952
-0.26521137145234297
0.16179563179430032
-0.2767405322222751
-0.3546242778256653
0.07976769805156951
-0.17193476145990147
-0.3514253923172589
-0.1881501940367445
0.1888927631925785
2.7647207149486874
0.4725748700041136
-0.08834897946400402
1.19557704242957
4.954933464435754
-0.5053484951436088
-0.29020292343105636
1.626240512679944
7.968416123050136
-0.10028511592750036
-0.5992196348556049
3.6532533446126636
-0.47084273415736067
-0.6785185061495431
0.08147636411329537
-0.4208726702666321
0.7719419889914054
-0.7993224445839432
-0.21114194384293838
0.27163624918434925
2.0633919540327383
-0.38461216271931226
-0.598129792625677
-0.2751674689275921
0.35509300033935914
0.21970488252541262
-0.49496276536466954
0.8509619772058657
1.8055324436533278
1.4743650298960216
-0.4388035024809666
0.36644261175395026
-0.377930471274272
-0.27621287843147446
-0.15248648973680412
-0.5222212460654991
-0.4004460280906575
-0.3224850629240282
0.1380856213909326
3.6002586847562057
1.1548632712045153
0.5116836815916118
-1.2969045881428962
-3.30824981849777
1.6010472598163161
2.089251842127826
-1.3181932005900268
-3.5890350523456953
1.130363723565709
1.7486546755509602
-4.337480070525302
1.6954703274890879
1.5293603606334845
-0.19507235742670492
2.682001360554765
0.24068870629397224
0.9063324218340265
0.799286922502916
0.7610418812424091
-1.8036261962289466
1.4035393741804183
2.1441606026987494
1.1926143524253394
-0.2056264803041331
0.3489128990493427
3.004038045295343
0.03755091136543503
-1.0729654755994702
-1.429190762292021
1.8733864219692002
0.6896933959085834
1.3116775027219971
1.8771963419132855
2.395138538195631
0.909031236082018
1.4349753980512026
0.5402539993395598
-0.014090967538168558
-3.4630457697905253
3.179584604287054
0.9793073662041546
-0.09202641390252754
-1.0172203910531583
1.0732848068923424
0.6059098678023761
-0.033611618832881655
-1.9116214445292994
0.6256172199967582
0.4599597611600053
-1.4990585517009563
0.6525503095358283
0.4134069644671673
0.6537286468022353
2.0135335438699293
0.6211468911041372
0.5664616418178738
0.6983219823158493
0.5165736529514249
-0.21718309752234685
1.1140780330828615
1.4829656984780337
0.6924872705026489
-0.051892488995930415
0.5812213289667333
0.7447704559032665
0.05097070220652047
-0.1982408779025586
0.23243662389844272
0.47308667705739954
0.9567596844043693
1.1001881640071751
1.8917147801888587
1.9223846232934727
0.6205335904416653
0.3301112574330765
1.3724900266703732
0.8659827210958801
-0.5825026964997472
-0.21676320961025428
0.03734795045863299
0.8677776000598675
3.03107078417127
-0.15818780311544398
-0.021814018059009618
1.0043996724327529
2.4565076838387174
0.44136671173313674
-0.24610103361547608
1.579478847705843
-0.29304505906918293
-0.38945297338135065
0.8527862643638634
0.3041400110694459
1.2416094582221338
-0.49497908258680623
0.0686442256540068
0.2840821534912866
1.2762884421815828
-0.1474033383548473
-0.2526765853635594
0.21605613988156414
0.2643867465333774
0.14628925126870426
-0.3268616362728429
1.1137010427220333
1.4848698417205441
0.5638134762634815
-0.05565270185458558
0.19759108151286323
0.042055550486053556
0.015033308672259493
-0.0049243878068170755
0.03612312965507236
0.038395083460547264
0.04080325244875782
1.0865233010666642
2.2144829391462304
1.7453864325350643
-0.3678066681396461
0.7235330509110077
5.10739726034018
-0.7839793695542401
-0.5805231033884238
1.7154155659493162
8.3262967438562
-0.14179816435579548
-0.675485436915006
3.9004259955547336
-0.6804433073845448
-0.8695657746850207
0.6682344690784158
-0.4896682282153678
0.1377105786921011
-0.9881464037377159
-0.4446181254769739
0.3431300336793486
1.1400282847763172
-0.5972718667424004
-0.8044421302161282
-0.5552616875487549
-0.04977863200313888
-0.17701678474303179
-0.7014476605278966
0.3585769745779048
1.0150398963597618
0.41058089059186137
-0.6832146251924502
-0.2952406125975882
-0.5993132555554777
-0.4957660830419075
-0.3943697987630494
-0.538295378064635
-0.49661687838159196
-0.5514909913203453
0.12161507434858099
2.918639015030792
7.712004044348467
0.4347193769829219
0.9446018424915389
0.7612683074574133
-0.08657002397809106
0.2673712573760201
0.3960037604806002
1.5293671078437816
0.4255522633534855
0.11183171365930475
1.9667655654765188
-0.11446494590925115
0.066362182186481
0.9738886437695654
0.8079129272779129
0.1353761308902206
-0.11158313494256249
0.2901650601444241
0.08562976604392622
1.4748638096703146
0.14414686935551926
0.125717498728412
0.42820733172393677
0.32815345649591027
0.7047638634767094
0.14176696852202425
0.9489053388768898
1.596863113602983
0.2376255152338707
0.3901951444633515
0.26727765903891487
0.4427842687177692
0.5697894625760304
0.4998699374513334
0.41599991667885694
-0.15359103946885674
0.27851331314003525
1.1429069367173683
0.6871790599733163
0.5972827535979709
0.5917914492022033
0.13679180081157707
-0.21359743323148978
0.2650148360335088
1.1196391726627226
0.3604181198200321
-0.48428195475723157
0.9181823040397645
0.6371227885075267
-0.15716159871775398
0.2171973723361158
0.6249160650271476
0.06076071621680634
0.7816302782027893
1.168770899401216
0.3483757034927352
1.3877357011799991
1.0247911740148286
0.18268719552457516
0.6975786720244982
0.848608985614301
1.3007355905311762
0.4264597794463468
0.8254970391621831
0.13935435232670082
0.16582990623944213
0.5909473245652993
0.5263206080019307
0.5078595096690217
0.5666273570534341
1.0960880229820664
0.43543610262488913
0.7337878720157902
1.176694517844965
0.6028887833094458
0.5093841846928984
0.8810870262553867
0.01907908334729727
-0.36310674249870883
-0.1878275781439661
0.7937514457835225
4.7168987494283625
-0.5182217182232233
-0.2439341954235546
0.7210218864701435
4.685351888022991
-0.10069148403601019
-0.47743852784885643
2.693276470371728
-0.4512353725870924
-0.5680575011178339
0.8565417342928128
-0.29819918828357794
1.1563518110655508
-0.750726212087938
-0.10453174381689917
0.5952641727011905
3.316979038151687
-0.27626821682313024
-0.4980409868133714
-0.13102600993367394
0.7181071466070434
-0.1343585571957011
-0.4471590339748536
1.1504369140781223
1.618797274197335
1.7573639674963677
-0.33243825817581446
-0.10076635406678519
-0.2673359649185604
-0.32561497204699047
-0.11138930772962503
-0.20346623805573782
-0.13587609573285725
-0.1216303990051352
0.4997152307861177
2.474361712065161
-0.18682109503710662
1.0186075455857022
-0.5813972976374996
-2.267923131051564
1.1614613005618415
1.3946572050804813
-0.5570395756322791
-2.6411746749225946
0.8981784048252854
1.8318088742168315
-1.6560253532024745
0.9931332221905074
0.9811748383066629
0.23189779185231785
1.5062977442069947
0.8756369211465632
0.5437896490831445
0.9977114570698021
0.571758213804795
-0.9112773154662231
0.9201847474130163
0.875885237478638
2.089591782438819
-0.07182784082462196
0.9010658099515629
1.622972357218935
0.3473086602425753
-0.29119188400131124
-0.16622133948695336
1.312074617375715
0.18313838018568243
1.4106396441163485
0.7305812454069899
1.277015846469288
0.8486215278596093
0.2814976369069534
1.2910770452888045
0.5505315517865127
-1.1405117232378519
1.0220617782911596
0.7288281532270618
-0.3357012806315154
-1.710387306049333
0.8721560565034193
1.7508530069069879
-0.32034574353030915
-1.466732531160298
1.16678640663537
1.0359204132265476
-1.137278983879404
1.5837783011824103
1.5950008563669242
0.16209338983515706
1.1785370512871314
0.2622123442759512
0.3397642427270916
1.1830031995979162
0.9016054243529864
-0.4917092929753153
1.5641036201549916
0.47479414859661806
0.514168272125907
0.2128640121823789
0.6879803526961535
1.2503781119406343
0.19218374621107018
-0.030233740737163627
-0.2782958770260695
0.533038916035826
0.8803990020297611
1.7497211204861849
0.7530069138202263
1.142751991085873
1.0243330264725488
0.8550986822290301
0.8310748298873942
0.9865724523236244
-1.1035945658661623
0.3556701756181103
0.36278119473189563
0.8362919078499138
1.7237145981119426
-0.12962267393642143
-0.192666296027592
0.9492496605760588
4.022489778500306
0.12637540005799694
-0.39458361520797836
3.387860011853448
-0.032839091630210995
-0.4089185236572398
0.9660747608197452
0.11471103622229735
0.6562827402328419
-0.44805419337600266
0.24484203364550308
0.5405051201845807
1.2356121354592935
0.05371798823769898
-0.2534544890280171
0.14124457637687038
0.19301730158041364
0.049576531263118624
-0.3283924586628984
0.7526706369583792
1.6946804217778801
1.7504714554045397
-0.0024660082705262147
0.3342911013361443
0.053529815714730214
-0.0417142421447473
-0.0877318585648133
0.15186912402363392
0.00602288883540163
-0.03955837300567751
0.6996578844344213
1.3951410567542784
2.622182543909937
1.8145991314853256
-0.33190692756927626
-2.183431608004837
1.6815990478342255
0.4912640044455601
-0.28637685646929634
-2.4860830505523097
0.926175371943292
1.6304142723061423
-2.319620011740805
1.2371616098706106
0.5561799907314318
0.4388794514132359
1.0657867188198114
0.7048203186605693
1.5924889466991197
1.608129725479911
0.21826703686783602
-0.5533475847492426
1.2717337249323937
1.247743785192517
0.6861370299561527
0.01719195473056825
0.30577668905535627
0.7406702207396364
0.02876315085616926
0.032987142632812286
-0.01692166082935356
0.4746295202807295
0.6173560548927209
1.9903101082145966
1.510593573587939
1.3270792416592618
0.8955373816455775
1.6847085450569772
0.6408106450159814
0.685579746963635
-0.8873676919621124
0.503040501587132
-0.2731243034274761
2.468425985800889
2.0429512999821737
-0.4467201673500858
-0.15817261490246098
0.6377487934629753
4.758533598350523
0.05577592452454
-0.5177878435286986
4.357477048645776
-0.337425045239586
-0.5879412835068282
0.34517147533874015
-0.010825317113007809
0.11882180295730582
-0.7312735739620171
-0.021609601220003695
-0.04204173107670029
3.6024461500753966
-0.2856538241386383
-0.5659139926260547
-0.23557322915394663
0.05975992802886082
0.25336997903030123
-0.461215923829451
0.5486360030367986
1.3347850728242108
0.9321544421140942
-0.31562284181120953
0.24159178822145264
-0.3111456701328287
-0.14638181608640174
-0.009099892674754247
-0.34324939825091877
-0.3531545139178413
-0.22492950691127164
0.468741302500179
1.6958507833240835
2.2337818467226236
2.637214286262856
-3.8200146472677567
-8.142622460108713
6.588256328575367
3.9406855508135177
-4.440240988514878
-9.191954140227775
0.648265151374685
2.4296460040450913
-9.711234940979653
4.498383991437144
3.646143264143265
-1.013281602390496
4.364428995868778
-0.6518746882489007
8.269473698823976
1.277148736041473
-0.24165923824315644
-4.832818048259496
3.9414711000742915
2.1172612060068787
1.4924881756201183
-0.27959997698878136
0.5446981500266965
3.0013986926489262
-0.4935698535079014
-4.336380279459516
-3.0010838144135983
2.6217657973045365
-0.2728496247783681
4.381664775092842
1.6179654144132227
3.732327898571242
4.176710156171573
1.7501961510541053
2.2808759980315063
-0.8244449568963398
-9.30316738679055
5.776792113002655
0.3906199996838582
0.6375393698855321
1.2905694874008624
0.3060816882239329
-0.11643082386172292
0.6244953440570913
2.0732776167876947
0.4066659409489591
0.33617381710649696
1.7554255868091992
0.19701731479640702
-0.039769498839639955
0.3902186039076958
0.6301249194025688
0.5346537319293757
-0.0790472309105403
0.10988890311371478
0.8352868395147643
2.1866144525798608
0.31261112627152854
-0.0022832493593369476
0.550133870074256
0.6383769128678417
0.04535278246045482
-0.04652518286151712
0.31905726737647
1.5734148304264437
0.294745349358856
0.23548934563687732
0.39508356214503193
-0.09749546083319123
0.13630322633877667
0.07890533997407354
0.6275327323629677
0.1531260313031587
0.2060972476813914
1.1543998153310675
1.7482012791997241
-0.1251849804904418
0.08313198046208098
1.676141183259647
2.3493951863866105
-0.15340458686683253
-0.1736500364529252
0.4901887006567854
2.466216152975785
0.38457088568144204
-0.29927655599266273
2.532651027000721
0.021381277187504048
-0.2477785713377405
0.8442105199160039
0.32403295759058054
0.5132437875129283
-0.47888902679325906
0.3438733708023535
0.2619101502681997
2.126688752091634
0.112020675343776
-0.3331322868558248
0.3234870119754913
0.11149146781970441
0.11579321723678794
-0.010825939250974956
0.04881933544022317
2.211233699245269
0.35056356204880706
-0.2698055130784903
0.2802292011027486
-0.08754170612806098
0.09556127009626246
-0.18254472238720806
-0.24095282006388705
0.1054566575852925
-0.30813926193170954
0.8785553444486419
1.2844464486053226
1.6463595245841558
0.010800059927424143
2.152089956561028
2.197255736236689
-0.49309206177050546
-0.4973902855293466
0.6069023345722458
5.860917612894187
-0.21983392500888005
-0.5257102503126405
5.37157308063126
-0.40561499807664425
-0.5407564667384532
0.4134537609791036
-0.29831447405370976
0.7611783868083115
-0.7603057156586595
-0.2958857874940306
0.431394998115328
2.3844391299319065
-0.47893871086010664
-0.5538675993666571
-0.04279483952105073
0.7543764378584089
-0.08695353183426112
-0.5481344765549155
0.22438433764146506
1.4861196693685303
1.3917414235504262
-0.3896324925310768
0.24742722242035342
-0.3263061004175266
-0.1819737829575417
-0.19602100519158763
-0.27187854696735747
-0.3484105138907843
-0.38205210485458857
0.3334579823469344
4.651828266632158
0.36923212601129746
1.1595567761712091
0.19270173114851
-0.9160996423188876
1.0142207533579453
0.8174382355799297
-0.06250283129634898
-1.3246746732049242
0.7554149329913707
0.547677779113295
-0.7398228437694595
1.0084077934081026
0.4001755918012777
0.2070934604462847
0.507487968265281
0.6247447620068793
1.1782172846650765
0.6709664923466414
1.0128930985625264
-0.18628592808936484
1.3864538887472053
0.5557679066168004
1.476649795779542
0.5195074199039748
0.6021212692786773
1.4529104921374036
0.3979939775867812
-0.16881593311068466
0.3197815683837451
1.180015348728444
0.7976001553517487
1.4396973232739851
0.4514895904665173
1.5151274899262646
0.4152499830155772
0.4454044798564788
0.38742844894568496
0.7590405444808737
-0.2900871938203613
-0.07993275674435402
0.783044089236274
0.07251801129507449
-0.569777970739609
0.5729053856276846
1.4290452296820493
-0.0680178440196302
-0.7004203360917813
0.8273116988233613
0.4825123192414007
-0.5939727010615701
0.24299165676417323
0.8790745278069805
0.024696895090277275
0.9628836666293396
0.7706554039062676
0.6412982793794716
1.1544290970924262
0.4056580578861179
-0.14846938773375762
0.34481573045555797
0.7232649945254481
1.3918726154909413
0.20368009745243632
0.5719844260935663
0.6371592809333289
0.7785827808762747
0.3962898717465228
0.12210421951007254
0.5072698097701176
0.4498059306512774
0.17761943508338487
0.21399848335289018
1.2032094191586529
0.29774372958695083
0.2600069782553655
0.13331745762196967
0.38967211211049213
-0.31543715411523093
1.0273113894500558
0.47335743820349396
1.3667938512739348
1.928892743398883
-0.07498880734514003
0.45818099577735527
0.5170379448357421
1.4857968003958963
0.4979854732234467
0.41761727772024837
2.1126389698307912
-0.01295153240159917
0.18067024985476593
1.0085551714179397
0.23066761105114097
1.0594625285472572
0.03816047680698317
0.5740896831006022
0.5352812839213255
0.633781477830376
0.17413616659567743
-0.21406655881451192
0.8307396394909001
0.6388284645029406
0.192646169500136
0.43126522906315773
0.6647622877999625
0.3154509856035673
1.1138284984624618
0.49090204877306803
0.16103189884553393
0.31120384749375973
0.652097812204173
0.4773254467115178
0.3334048060862815
0.2805131242454015
0.3248912147824626
0.6352183694174749
1.924304883295404
-1.179849928634063
0.01701825973312875
1.5969603583469845
1.309188346572827
-0.104132279418225
-0.06951185810892381
0.98150535506741
1.6727105916642202
0.4143992664425114
-0.12887688278093598
1.4525921856115587
0.014519315481959083
-0.16330537509077023
0.8998387219813918
0.1362585467028481
0.6187376211717206
-0.4366041520633095
0.30321075131868686
0.5364142070208984
2.4788107529833106
0.047389318954758376
-0.1771788288266345
-0.16666559441123316
0.3717047349922965
0.04542633963030793
-0.2465047590379266
0.7877202992084392
0.5625440080273767
0.9974499303171174
-0.3375912269541574
0.5796693651338259
0.05675560778088477
-0.12301582934993355
0.0017460451204636702
0.1380233791119889
-0.14699378120492107
0.08903995362998754
0.5107305392059273
3.0399340686991385
3.208697405123839
0.5495099755885846
1.4071993680151818
1.3686853255500901
0.04488553375998572
0.02575954398917632
0.623666876057983
1.9380014334432931
0.5859852576969963
-0.027830001061645737
1.713976591137817
0.06571242849118143
-0.06484017405448027
0.8471425697393797
0.41125781858966304
1.0587273229715628
-0.4222253862859637
0.4003794681755386
0.5783772667572913
1.951209550255036
-0.038192962716805896
-0.2707648865446668
0.3486290732218398
0.7069704163406831
-0.0956578337297635
0.18525673891009012
1.0984179756514807
1.1890585990422495
0.5958805925376003
0.032906264255472016
0.15389396248564804
-0.20153304198252375
0.12801551182187076
0.18814859354343036
0.07605313233287982
0.16574049256183893
-0.07205249773200065
0.4955621358381566
1.529186749264634
0.9659016079479734
1.675998359473678
-0.6209712730672939
-1.8116276861860445
1.692372788919332
1.382942106183154
-0.5523763659774874
-4.242642875723516
1.2216823736745164
2.3944023171866466
-2.8556258288369567
1.2973985094639673
0.5733419322936906
0.09550525338454408
1.492345859574985
0.42253832837596567
1.1983985438134679
1.4514129385913255
0.19468433201294266
-1.4323369696993877
1.7404230683944095
1.8970664394572816
0.831267161453662
0.45232942074180776
0.7864814093001746
1.2214771550949683
0.12761411006792758
-0.39202233859922014
-0.2869953323711264
2.30631828387679
0.5827064564362093
1.5307444507384054
1.8147340007746648
1.4154493074725552
1.9289136166741327
0.6829517731097304
1.814476996265026
0.7204595667905094
-1.5305261570505964
0.08652025718444481
-0.1603816845946615
2.4305379254827817
2.8640028482553443
-0.6405964684037383
-0.2685189999926732
1.4847633200630836
2.3746575016219356
-0.16507239032788038
-0.4835443856818772
3.5642774133968627
-0.5156237554929239
-0.6467231545231826
1.0414643755675281
-0.09321833522498757
0.03953346637382383
-0.8214412633807313
-0.2834243672716526
0.023768759208016133
2.646541616285762
-0.40504498116868576
-0.6300737571069599
-0.12826636430816776
0.4107833244241436
-0.18067885167304085
-0.49763096729300516
1.0004075098881418
1.2433546052801305
0.6339774963084344
-0.436438083269472
-0.04776542395641424
-0.38627699820822503
-0.22588994432156168
-0.07238897579705945
-0.28926781957398306
-0.40592685706998916
-0.29810908628902844
0.9586845236530892
4.917146007845456
3.1177838828187148
0.10261131353955295
1.06289808232306
4.797550535289279
-0.3938930660257097
-0.04275247314888847
1.8135903490295402
5.535170638038255
0.28342350682240824
-0.2879991461508653
4.592554753170528
-0.22999206901816463
-0.48004036863582367
0.05714279924928799
-0.10699425755504512
0.5758693135241526
-0.6049879480180611
-0.3075236700190863
0.18703840940619032
1.049192532052911
-0.39353600886146367
-0.37680879457853655
0.14792282642852006
0.22339301586791044
0.34314229687809217
-0.3803788398962383
0.7809752809158621
1.661605314380201
1.2408711176277234
-0.2503663413217046
0.4919486335159658
-0.08561268137714595
-0.25638012433874724
0.06410520658867985
-0.09062320915061631
-0.26482795662680164
-0.0725833724133422
0.6148997323573905
2.2581616149977726
1.2310646316339362
0.35523263078369316
1.6447566108697291
3.8033825536655335
-0.30556271003828217
0.14008480142540097
0.8639870041693458
3.2068645812978045
-0.11738848265147385
-0.07883805979240856
2.5795252771481625
-0.11865204159668587
-0.26241614356358917
0.787530697739216
0.1985201669975879
1.1113470969694388
-0.479840016318407
0.15302341023092317
0.849597318852825
1.1177161011430286
-0.15345474949381446
-0.47587166937750913
0.03584497205402537
0.8242910500818502
-0.038689876120783756
-0.0920321077965334
1.231510482523485
0.6398517662305118
0.5832098845776091
-0.1206054396051208
0.24227534662089645
-0.034420455595487176
0.10745500422678637
0.2858308090643047
-0.11254703966516598
-0.047887864050084335
-0.0214921433577208
0.6762233023795547
4.700719717012146
-1.4152617517765969
0.5754280203148726
-0.7221366358992729
-2.2649007875724907
1.8009967007321286
1.8626398334434648
-0.6540669931240771
-3.208063124817081
1.134792522002446
0.9061248803168483
-3.2101103634395365
2.0364977000886397
0.5224668362634193
0.2290403044500692
0.6635776984839344
1.0618974143434743
1.7646011533769275
1.4712891990863515
0.8103241391590396
-1.7073623350647356
0.9105927312530576
1.4987477208922713
1.9795867613164428
0.23784147799533292
0.5349525069635794
2.238759531777841
0.18829697164305653
-0.5200597914576761
-0.40952798945984337
1.613453707297844
0.45622737766600185
1.7184526770707818
0.7372326139020641
1.9601148068465042
0.9981113451483005
1.4903795663667134
1.7978940477239553
0.9727729049789328
-2.828332624230666
2.076734678547399
0.394583978675622
0.6755962598353331
1.7396611241490503
-0.01642838454510978
-0.049049678585982526
0.7233148324953189
1.7676686706436422
0.8336158420222742
0.31075783978115157
1.054587604223269
0.13738323732611404
-0.14584493333584111
0.35195008411239903
0.44203109099805643
0.4409912097474611
-0.44446406998760873
-0.08251685015702392
0.038272412805558084
1.4339084594770433
0.4330763341577685
0.05635572358541875
0.37291958941195796
0.4287514404581207
0.12048891088497495
0.13065822157885645
0.5984559061952894
1.2378811960117178
0.5721274684923183
0.15328032171821948
0.8346178037684837
-0.05072217657504037
0.2736954781436018
-0.09210529491062894
-0.08750509077551699
-0.07698078028618169
0.08253808374860176
1.1358811204938697
1.0671334726149253
0.2377345981339461
1.9866525126351842
-0.8472155108160346
-4.0002460934923825
1.0082987600391795
1.0008659571085359
-0.7241277027060496
-2.8221626918333187
1.949315642916366
0.6868182540781234
-3.7906229436908405
1.8874082878620064
1.0596811502042698
0.39359660913116645
1.1494488646845749
1.2086104223847978
0.7933828892994841
1.1808180530491368
0.3895094417425675
-1.1698276203934257
2.041690720646493
1.9148255267842216
1.935341883769877
0.3634088614200041
0.3784298700329198
0.8521773127201231
0.3189151989615594
-0.5739824366342464
-0.5058728309712415
0.8808900695533644
0.07045641603899404
0.9839244899097039
2.338106658036001
1.8740636834399529
1.207163863574878
1.2209497283147892
2.0900936306386124
0.590256559442827
-2.621190891022021
0.49852257922863163
0.6554074469770633
0.4609858315045262
1.1609269383878589
0.02057535034910167
-0.0008197969443123406
0.42499370187602303
1.2087301591974469
0.8284403555504305
0.49196809999801877
1.414102836217679
0.2155266037638174
-0.2092071858848774
0.7173089138429817
0.3262320865426956
0.8061321627353764
-0.38208012382526135
0.35767815141410975
0.8100358522900979
1.1391040732490463
0.4303945682585437
-0.052141206434226435
0.8230262547303595
-0.07294161625373081
0.06632379445548318
0.28209410518098976
0.7417496786354711
1.3947697426938983
1.4621741640079198
-0.03704470278243813
0.33782767814912595
0.6103575011019978
0.13406126227684256
0.23687153544341322
0.5942928099699026
0.06364260697861676
-0.07683615881338475
0.35358142392989655
2.4290197482872538
-0.6232845128525535
0.8783064433492347
-0.35880429620283144
-2.5772603272136423
0.6802887732063365
0.7520604589683354
-0.41815703426745204
-2.8516722085247257
1.12786622577546
1.7011164608546452
-1.462477863273257
0.9642888874156021
1.8077370187564596
0.7638685652254716
0.9393007890409613
0.13784651574015858
0.3164956605042928
1.7024307031570731
0.7535308950566533
-0.5863706171585515
0.8436288269677402
1.4547645966993115
2.042894854156489
0.15639413135560257
1.1540226670544005
2.0529532194331463
0.6681749140068496
-0.36549954249221683
0.04621107112266408
0.5252546900008813
0.8692735867079036
0.8922343531191296
2.092581817918513
1.1262131002226168
0.8517302629773035
0.8478906932995055
1.257310362889553
1.1639934317751492
-1.5371699062601714
0.5511488904937906
0.48976031585356306
-0.46250114521914926
-2.3147298281503343
1.5801361979504311
0.8738440706294276
-0.42449040994407716
-2.016139260688573
0.9929562862683607
0.795648587177663
-1.8662257917340743
1.8565925418045826
0.45015260183784545
0.04519253703946633
0.7810368817649243
0.8980976273295959
0.47054374820761224
0.874823202000928
0.36403309256855126
-0.5368905865366308
1.4668339963198354
1.3634398867547417
1.1816747326266313
0.598825952930175
0.7319544673198985
0.9504437893643356
0.5103115836101003
-0.33393886651731636
-0.051956403377344466
0.3803121821261443
0.4500802965847633
1.526162420958191
0.7882580732744067
1.2588101674537484
1.4626287936893492
0.592192701981368
1.4503995759680794
0.5396420398469668
-1.1935137993851777
1.2443840724903714
0.4805724563223248
0.6468239123418157
2.3453451014224376
-0.10362423129123477
0.23849311965994047
0.19188454542976974
1.215273518445365
0.17140943932979616
-0.14927467124880373
1.1150286171598573
0.3849682751453697
0.23824932185008388
0.3701007335456503
0.4231294533601065
0.34292509393698145
-0.2761999430161081
0.12401805581068943
1.0137184250932125
1.4490291901075762
0.01965540608683735
0.1674719875220577
0.059396122988043615
0.05772026772813327
0.7536941574486018
0.20523247315285215
0.772990380719623
0.8976495124973519
0.40885682272299295
0.21730739227258347
0.4556378306292125
0.6510630340295978
0.5610869508900158
0.48968972859213233
0.3079262144174188
0.35883701330934564
0.37540092886974885
0.8161129430504256
0.6872565043071939
0.24472737007010442
0.3728582703004394
0.5576508985311169
0.1825836645592575
0.6439718206706978
0.46736740799443516
0.11561009766793967
-0.05681197248445694
1.1971102975769246
0.2101535301504301
0.5710530371448853
0.5150109031979098
0.15784293662179694
0.992718711829185
0.7078672203046933
0.13234102151092444
0.4115436757487943
1.0903992188182752
0.9959966261312184
0.7440946175439018
0.8512988831180787
0.64455721825334
1.2068940050689654
0.1262690370218039
0.33648931544505534
0.3243267935802657
0.8487124457228233
0.8485511803371315
0.571240234336548
0.1694862578284517
-0.02373199620221271
0.9458509523654637
1.015556078101558
0.25879249931007153
0.4043180341563038
0.3902769547253542
0.6201232239755403
0.6711302466756605
0.8346081210782734
0.21044735909676535
0.44644640722180484
0.5897042113096388
1.907746779907582
-0.13326628576888658
0.2272524393544896
1.493457655123202
3.251347069059227
0.4066890022369809
0.08817705244273906
3.372294515266531
-0.19054608576724782
-0.07150870843919238
0.6061108217389052
0.47331773924663567
1.1011684868351992
-0.3125738401271973
0.1136927336702374
0.22000017222818546
2.0749107613581104
-0.24433371579997623
-0.09204713362361543
0.2512424710675168
0.6956636577035926
0.509116560386027
0.01606585062295478
1.1270032815855846
0.8533662749533949
1.6950530036267832
0.12015784406398188
0.32297184328503714
0.19905321591389727
0.0797514632668817
0.36865557952711087
0.24554292512151138
-0.045392807720625414
-0.06993970646193304
0.7004329961423894
3.046476497244489
0.1979127837052039
-0.13080778246270622
1.4185076179528793
7.119422306530438
-0.5173543390232253
-0.18351040371906216
1.917635698677943
4.821910942968059
-0.07291193562139038
-0.47179283975065534
2.211000248000464
-0.39170920572073215
-0.5059992058571092
1.084907917940378
-0.05858183233561827
0.565391730422333
-0.7381157235245788
-0.3097980725948038
0.38732960817241213
3.0005033588317893
-0.34761453154945826
-0.4994592018121999
0.10453095698005273
0.5545948357138767
-0.11347538550402896
-0.47009798418622023
0.8043966332702888
1.5902331490594
2.2198913732053356
-0.39638719019253793
0.13022025672537968
-0.38059421228494056
-0.1315796483658174
-0.0985118756090123
-0.20293421443347365
-0.13500755976728046
-0.3854341525024767
0.188849372735886
1.8892656551820854
-2.1887604032019135
