Architecture: k-jumps
Number of States: 42
Parameters:
14.247373620327734
-15.0
12.964389929009027
-15.0
13.133710314056767
-12.873568070171238
9.301481860651366
-15.0
8.048781476489625
8.21219064984882
-15.0
8.587501430753909
10.854349084736063
-14.012135490823315
1.4544334734361664
14.65654528999745
-9.428674871817433
-6.453034460759096
6.922394791697817
2.202650428457224
-8.674619138493524
5.6057666219200115
2.9647062926715315
-5.801353974922252
3.436476173070526
2.590181718711023
4.482756997464953
2.4465478835143606
2.392878284560432
2.2498038344686173
-8.05948528561579
8.946804034045341
5.593766667858952
-3.5599943822641142
0.15398013758466894
4.875014020387895
-0.5579463665682549
1.021880652691137
1.806288182614719
0.790619196053875
0.25482023223306793
1.2352666507531624
0.2249955143732395
0.31268052707967375
1.2821643924995014
0.20791619908835532
0.29570676043274463
0.712757868601801
0.7484606831932279
0.5153437316955497
0.18426625781441533
0.35010093199739156
-0.0077633212980763875
0.21586796428219707
0.43047887261898743
0.3604769790973776
0.6639877154633793
0.8497764045729707
0.718301885446157
0.9756714849173866
0.714920546882342
0.2435185754682553
0.19545279733596665
0.015849228567103094
0.032818054935528744
0.5464276476654752
0.4292028207944729
0.44550050959136783
0.04462937780336777
0.0429068165147912
0.622510577206986
0.03377553511064999
0.7789080905263338
0.3895238604057578
0.09790254571847522
0.9201443616684903
0.4824558742840549
0.7063660327142888
0.3095155140821447
0.27269334604087214
0.23151708505840032
0.2956178259629225
0.386911068284942
0.2654941806299045
0.7638508732217737
0.9765338769662935
0.5436271412126833
0.10541346953796416
0.2992414100336084
0.7582452076897573
0.798756232904055
0.4701213305069788
0.6177811182556315
0.8660796925137638
0.41133323364375984
0.3414918244200955
0.24015818338429418
0.7480341464094985
0.8776346798789854
0.1425844937107369
0.5911254811180425
0.29529225681456917
0.19533409113599798
0.44194503641192084
0.21602551330793174
0.4698321763560659
0.8384475440764849
0.13272126267856577
0.20941697219174715
0.21066252502957727
0.702664331511238
0.9073475018632298
0.9532066378774188
0.5108163465592949
0.2708234200581683
0.7405859073349892
0.2887519269220027
0.5632325914957778
0.7039526676187259
0.9885049217616546
