Architecture: k-jumps
Number of States: 24
Parameters:
0.9929878333595302
0.0519469726152707
0.15604155137151676
0.8755700595543849
0.8134625967360308
0.6766620136509738
0.14070831486954627
0.5331290819318912
0.8215881266835481
0.01811572449875487
0.6589245404693123
0.4517974876234564
0.19227507415726863
0.6730270058565225
0.8345399416747108
0.07931973346767451
0.6723658202258468
0.6592992023134273
0.5655682601420089
0.5261168489422322
0.29993777650796105
0.8813408893541234
0.7915875304457798
0.5374352870792783
0.9241762058885274
0.7472941942976555
0.24665637254258577
0.505914272736259
0.7203527017228665
0.09716006214442807
0.08790827277280266
0.21006918012811593
0.356113755844936
0.672026301600847
0.6478198185518766
0.1527203744187574
0.7019783090890103
0.5112492691915426
0.9814582556356936
0.48132712935838784
0.05897726073803611
0.5637646567021647
0.38226909342639037
0.018734013240610636
0.31380953523053146
0.9716567894136658
0.36398347024434896
0.27080308548865206
0.40302613902570195
0.5508048060787788
0.04766858298230636
0.9396537808248387
0.5219197826441985
0.039052879849477695
0.826186729285286
0.4143577713485893
0.23055300122489486
0.3048216349641937
0.88289293908892
0.5707644833810935
0.5863818657455
0.551361478485883
0.9161330134164105
0.5982248516882473
