Architecture: escape_chain
Number of States: 48
Parameters:
0.932032847941072
0.8597354404450407
0.3681987467137241
0.5536474523470087
0.007515952802710335
0.5866264280134711
0.2557935732509713
0.6927050492852413
0.8669498498260221
0.02639731184199523
0.8085143683524227
0.33102583683239206
0.09319864073614004
0.6720622372737988
0.2029331050467853
0.8623080094702672
0.481473993675372
0.45598839161964966
0.7145641225239151
0.915483159957455
0.4585591040631286
0.8201919297353234
0.7002518048133961
0.7707352070280472
0.313307665020237
0.5134417655107356
0.891094618690953
0.7716895499807523
0.9936408424583824
0.12711353557492844
0.6869641981051244
0.7677426570550625
0.6000770492527909
0.534509619355951
0.3330823705730235
0.8115386019252416
0.25010024276396425
0.6843955664693233
0.2613546313710061
0.31909724526145544
0.42692688397675826
0.933156456937593
0.4196273228228792
0.17022858170466737
0.6118419721947443
0.7432770622713748
0.3353439503865524
