Architecture: escape_chain
Number of States: 24
Parameters:
-10.857638984365284
-10.88059142929245
-10.91405318013543
-10.906892293248054
-10.87455630056674
-10.935864275030807
-5.1666945083893525
-5.753956184710042
-4.742549309081299
-4.733548597428926
-3.877902459041825
-4.022244109610996
-3.576736233533848
-2.6663133249841717
-2.646710986615422
-2.1618479853779107
-1.797652551332462
-1.9084843998169272
-1.4159871553285737
-0.7451861154089202
-0.6635091103497129
-0.1770308813847572
-8.675038239628218
