Architecture: combined
Number of States: 28
Parameters:
5.462562222405304
-12.12186264454041
-1.4896631154015483
-11.562425612628719
-1.279535344757986
-8.632455499261296
4.378707405855505
-13.262469038349145
0.40808377266784396
-9.81669661543913
6.503084529304589
-10.692411897719774
-2.0223349737725704
-10.937177354243468
1.403585457593792
-7.853306654072406
7.001394489943008
-13.498741846494106
3.842321275472225
-12.146004291650593
3.857696574533071
-8.532028795012911
-1.7185737150092322
-6.395573054907365
6.45837425184933
-12.372927435252777
5.109574639639678
-9.123328172385365
1.3033296711490792
-12.662690331753282
1.3996978831675284
-13.128391192732616
5.228037792688738
-11.214133274764173
5.039926504902408
-9.320804706289016
1.1746229198406195
-9.487499893808309
3.5447970433141394
-9.813387643716938
1.4533964093576446
-14.998893331039048
-6.719114995271902
-6.764945589698065
3.9827259089060707
-10.246260172905082
-1.5973797020566989
-9.251509804891445
2.082341274313323
-6.17533887928025
-3.4095256733189125
-2.125368638032313
6.005504280075246
-6.840638005722076
