Architecture: k-jumps
Number of States: 12
Parameters:
-0.1320230290643389
-14.829295354932292
-0.14253764517873302
-15.0
5.237071033373856
-15.0
-0.13326465811440436
-15.0
-0.10362661014233206
-5.146994182466153
-0.10530203026229908
-14.999999181612464
-9.181641741708575
-0.22386732809016235
-2.7043711080731168
-11.086231527504784
-0.16459120249186798
-5.3986322205199215
-11.809019740497341
-0.16240663532258123
-14.949275489427908
-15.0
-0.14718642642693738
-15.0
-9.333994831530095
12.148041590480553
-9.703985609654033
-0.9492873018346906
