Architecture: combined
Number of States: 30
Parameters:
14.944759509266794
-15.0
14.962105299556523
-14.894780607906117
14.167459008222636
-14.935703525881863
10.257606176217779
-13.285165077386221
-1.9557699715386248
-11.743254378152107
-12.103975748961995
-11.030260122713077
-14.49756922171533
-13.071503851620667
12.114594293049228
-15.0
11.31098783966914
-15.0
5.188714618174727
-10.884846923868217
4.81165872843343
-5.879330114740883
4.665116313723884
-5.925149111048458
4.573941700123508
-6.1441932105079555
0.9640498330499725
-3.044793393318308
1.6175998491947141
-2.517274378710176
2.3841640690054944
-3.51953471508438
2.2817461345110828
-2.485334513477726
1.477819010836965
-1.319352039363373
0.8431493455029309
-0.6012735674558409
0.9275928142228693
0.09415271648826469
0.16728790978680216
0.12006382253947254
0.022322564637529397
0.4196029605980914
0.8275089339903057
0.43381144215313305
0.08972252926311394
0.09460668979367436
0.45353713752306885
0.13170478689699575
0.4921925374598415
0.019476013222874927
0.1936520264688893
0.6452436850716313
0.499424735901062
0.8228536305071708
0.6386744913093226
0.272067470214787
