Architecture: combined
Number of States: 22
Parameters:
14.923217886636795
-15.0
14.920803981873966
-15.0
14.905284484031109
-15.0
-0.19191979237067902
-9.97773566619194
-0.1918946223213043
-9.713577513131629
-0.20492439297022574
-4.303421960404965
5.6413592029094035
-14.758659965382313
8.196554501179001
-14.99995410037075
-0.19014168912236193
-3.85049348894892
-0.8132924975525725
-0.8904351672295581
-0.4223200343843794
-7.822394262142668
3.9762600778789694
-8.838161870623827
-0.41263207453547673
-7.975432320580488
5.049340400549529
-3.3374684158058074
-0.41491903180859374
-12.798476463978277
-0.41456193386835855
-9.900394462522994
-0.41257125860944105
-11.673461180841333
-0.41004657124706023
-9.726627111080335
-0.4189260058589602
-12.623831447610428
-0.4185830404619885
-8.996612373977309
-0.40031343856430696
-8.948755368737936
