Architecture: chain
Number of States: 32
Parameters:
2.3322607171033964
2.3322792363895526
2.33227042080265
2.332221284816849
2.3322627148943345
2.3322545708587765
2.3322686225561142
2.332293295758383
2.332292161444745
2.3322942376867135
2.332257362010724
2.3322865308366003
2.332264386828711
2.3322708539306847
2.332280710078912
2.3322729600281096
2.3322695346039586
2.3322734476479225
2.3322941612701564
2.3322597619763497
2.3322891315847354
2.3322865812618208
2.3322689427327536
2.332140971205489
2.3322792895914572
2.332261204481372
2.3322854766609735
2.3322907998808975
2.332263088965638
2.3322770116936713
2.332259195484508
