Architecture: chain
Number of States: 28
Parameters:
0.17568900261848996
0.530634346593493
0.8546699788770483
0.813344332249125
0.8237479364667016
0.3811412069552367
0.05734645544147554
0.5104121647161992
0.8849606334046637
0.523491989102248
0.473193927748774
0.727046255728207
0.878741211106677
0.4055965753432561
0.052630068457047874
0.6225263358705317
0.5046603932346176
0.4851148965411576
0.7777593513797707
0.9205188304000087
0.1816433936154208
0.7055159703824694
0.4409421697556055
0.8930322400816647
0.9049483237373357
0.9313514740366565
0.43670550704723843
