Architecture: chain
Number of States: 26
Parameters:
-0.4426936563630772
-0.5260455748380956
-0.38608452109950553
-0.3778417401550133
-0.4273768044122578
-0.3291381860655529
-0.3279047632629681
-0.6496852431159164
-0.3570301710542219
-0.3405542860179463
-0.697063838541791
-0.33047463024617163
-0.5728229934901999
-0.49335722705910195
-0.6412075075991833
-0.6910883332632741
-0.4593566818373537
-0.5653281337830247
-0.6468543019974351
-0.3222944035326696
-0.69704578801367
-0.5271244305178235
-0.5143701324167441
-0.3436573596539322
-0.6520852895147414
