Architecture: chain
Number of States: 28
Parameters:
-0.5862704644008359
-0.5734725394279728
-0.7575861223483152
-0.5798174078384564
-0.6736149995462969
-0.7043971509375004
-0.6617706326749843
-0.6720442479434893
-0.6884819918054182
-0.6724194849984119
-0.7747485038750329
-0.5908282589543721
-0.8131503285171241
-0.6845294517553278
-0.6287375400618056
-0.8090215109858413
-0.7981213609714953
-0.5952554106738176
-0.6662740162682255
-0.5652852327244824
-0.831339154364435
-0.7923089287437212
-0.6223761965497857
-0.6600011806867059
-0.717295950851242
-0.6437060645651703
-0.5564179719423802
