Architecture: k-jumps
Number of States: 50
Parameters:
1.465729961532844
-1.2717173260609718
1.449796942549117
-1.217615356027162
1.4512335486144101
-1.1424468425576486
1.4394512281851146
-1.0806370569492385
1.4517225026651612
-0.9832435046535771
1.4153693987965381
-0.942024191470869
1.4531764285511493
-0.6983424332109369
1.4034568342259082
-1.0851881813036204
-7.178944366436665
1.3081210899190059
-0.11771252266877526
-8.121200033348696
1.6649535943253444
-6.6426968565674605
-10.605988453880686
1.3831767502502885
0.1970662827693086
-9.61795706804593
1.3150732178737472
0.3144624036299652
-6.8676024629010115
1.632555007423579
-8.109579549442211
-9.519714509628633
1.6662563414847538
-2.1290221761245944
-7.816559294690886
-1.6556480679945669
7.345651773118988
-4.4548923737135295
-0.06438278500719637
3.7921618791510263
-0.7553373611925664
0.6582079596315982
1.247263264246959
-0.26428128888545366
0.35087917519317274
0.9764743746671875
0.11423091649999853
0.5818383085474957
0.6682384403572093
0.23628375655265105
0.386280071897551
0.9178378811643676
0.7787336501849317
0.19399891239278655
0.2009333070575371
0.8366862235332202
0.45595024664143136
0.42584376858579176
0.756686273575133
0.47257778036725184
0.24139274242018416
0.36554844461210645
0.6695388327884563
0.8687199537181917
0.006440267677031208
0.8080915452909708
0.2847044937185199
0.9764586401210784
0.6300651777040714
0.6292809491414908
0.6217906652406464
0.5331182181245367
0.45619256493283
0.9074821549956251
0.01656365635791679
0.49394276415073
0.24391617644830432
0.5513110063434365
0.359919073175091
0.689642406038897
0.059060412537551676
0.05834847043413505
0.2689075506745454
0.14865598659651902
0.9835091671277807
0.27580352637563954
0.6994261410546458
0.3763385765877836
0.17730059541086352
0.010274337060614758
0.6403345345814048
0.4078350167404533
0.2312376952007884
0.641053278329262
0.37999415575000184
0.1618124289541264
0.4386104672401372
0.4246658524514034
0.5126148725661839
0.15123747146156008
0.6272745786286585
0.9746435587807613
0.497337797743053
0.84299409452828
0.2991970214854245
0.47226294869817564
0.5210064359679472
0.6639309052054604
0.2636598509395208
0.11616810812874923
0.37712256347097417
0.7298806674560867
0.5088209409213471
0.09565177048929652
0.45525341974268363
0.0385852004150512
0.8617282706433346
0.38419090768638986
0.9133318772144867
0.6482718643442261
0.7205805387582673
0.3126708019417721
0.6111682066651599
0.8728730427682777
0.618186692577186
0.5283296575483224
0.9694131127156701
0.09877705074937904
0.36521868599255636
0.5315417123907658
0.04720435730041028
0.7898370276876862
0.14319583157952687
0.3497843484718154
0.41165597240687235
0.6356885815126967
0.891406688218362
0.6872452336594903
0.09075447870653197
0.6704908800541945
