Architecture: combined
Number of States: 30
Parameters:
15.0
-14.943531741543772
15.0
-15.0
13.71964401901877
-14.79121642988032
5.259886314079244
-10.7923522407692
1.9392627023957643
-7.952698038131155
-12.710997365636317
-12.830403160948377
6.7690141806321655
-14.779905888327018
2.1302490074332745
-11.747733340162696
0.5345236444577486
-11.492480212111372
-14.944918065134814
-14.932001056261836
-2.968136033263546
-14.268680941197355
7.909110584140911
-14.422363676318687
8.455041486059631
-14.096378883648432
7.005315800393835
-11.612742076745235
3.350192309214345
-5.506610252905679
2.6838256581476645
-3.919586693214973
2.315692869811298
-2.13479454216104
1.1847703642660334
-1.7168234910536988
0.6030624632109521
-0.7981943751408027
0.6910426755759858
0.4306867773816191
0.24306055480009328
0.21249198938674102
0.6654387050533488
0.7705905260418432
0.8712348074094782
0.7209458609878006
0.2825595280945876
0.7132118487180379
0.8278157670388429
0.516321358569536
0.7832458314720707
0.3413572454676888
0.5932635619305947
0.7272512011216341
0.25022689530201764
0.8516330290339312
0.5511896293019172
0.06992265828374804
