Architecture: k-jumps
Number of States: 32
Parameters:
0.3614956838809396
-2.0520871657584565
0.36464045348142055
-2.035472369346689
0.27789293627258976
-1.569685689340647
0.5659846749421239
-15.0
0.3437459895739786
-0.736273828312479
10.420630763491516
-7.2326229240949775
-7.831549794718649
6.550186386869318
-6.54280563481964
-8.578989041119403
0.12251777195045752
-0.4516623669682703
-15.0
6.8398261851065945
-1.3055057466613997
-10.157753513427572
14.999976877043375
-15.0
-15.0
0.5381719391598573
-5.970249544838505
-9.858010437596375
-6.024841812244526
0.5792127666953638
-15.0
-2.2952017973950523
8.65801673354923
-3.794500667100948
0.0022679011838723398
3.117971202026434
-1.3834477946430006
0.04925582524260957
2.4521670706070653
-0.07294685725998167
0.3150727284906256
1.284661992116553
0.13224550897506676
0.08079250188680637
0.3142515192587707
0.568077146636845
0.4440572142851405
0.7442091953281629
0.589769132811165
0.9402613570137296
0.9413526610078794
0.5982951725895252
0.05347534255972441
0.02278485511463119
0.23184127913990435
0.6613422628459917
0.8191146067596502
0.2930000132476792
0.7644621212857566
0.34888421375798695
0.06785516085468257
0.031457603585519966
0.3162828715763407
0.24251897966277647
0.4590091159059252
0.44314733028397735
0.7735235480178713
0.7198069372835858
0.8401402596022349
0.09852658665044844
0.4310321758507113
0.06861481833828909
0.504541482988486
0.9287528296978511
0.3865135232075486
0.6183531000819521
0.6683069007873902
0.43957115693368953
0.5275677058261509
0.8371223541747851
0.939468453831773
0.738391878529438
0.30025749756347875
0.33202202250757706
0.448115751731302
0.014907205153992131
0.6193439053138096
0.08414932231930694
