Architecture: chain
Number of States: 28
Parameters:
-2.573325699987436
-2.5823213338810405
-2.64974024066283
-2.5758862297595817
-2.687371328496622
-2.645119534350585
-2.6468836462758607
-2.5763673865633785
-2.5929756242879933
-2.5801357823666202
-2.585811652995287
-2.6910901895909984
-2.6077703658194626
-2.5840893822432487
-2.611302742132683
-2.6627188044057
-2.5763808074488463
-2.713305265137415
-2.5763090661595736
-2.8261812355346163
-2.6437877036123405
-2.5749903273971726
-2.5731038216577535
-2.6728938094652666
-2.7624822997824854
-2.57372497244582
-2.573627751828681
