Architecture: k-jumps
Number of States: 42
Parameters:
4.212436496991981
-8.391367958872413
3.374881652130946
-8.142355665114154
3.507425306075183
-8.218700270295383
0.603597564864275
-15.0
0.502220170681769
-13.744929195981225
0.980001067458079
-8.572065974210128
-9.846137164040769
2.470022694515808
-1.9606922520435792
-5.954726476473715
5.92666092215544
-7.189015790024045
-5.972989500556389
0.27606664170544293
-3.8362848166634307
-11.573625428552784
0.3333588657873619
-2.716324057594947
-15.0
9.102388723152027
-11.613292149651885
-2.841162973164754
3.645846814106203
-1.843724341082007
-7.065249789965047
0.09210401559879201
-1.0893526674146172
-9.222871265345544
0.29210050014731476
-2.853164819560974
-8.910027752844654
-0.05912704249561465
-0.9057928882701409
-14.039428280266078
-0.19371660244238623
-0.7595872751603249
-9.664822116176964
10.578778341846366
-14.235990760517561
-8.454330345689137
7.110929846512405
-7.849441381237248
-10.284540112991607
0.7040986685157752
9.678576647972921
-8.263681432360245
-1.7806750859141791
8.25702754577023
-4.631829058533395
-0.26885641131274485
3.2985765444552375
-0.8367298656897925
0.09895520920415321
0.8668044514133249
0.0915031715616909
0.4123177615798769
1.1011234261575218
0.801381253410335
0.5034985020452738
0.9933959401586007
0.8660700279791108
0.602934463954253
0.5558447629548526
0.03332245488222971
0.020782015381864825
0.6243486756290909
0.34202381283262645
0.4052487820073302
0.6550947490293677
0.6809186732824826
0.2722812430564501
0.10965813162525669
0.09866932408350615
0.9169039044686871
0.624859356083569
0.9076672573517102
0.6801845579468663
0.595879007216325
0.8677126476049614
0.2235149810890178
0.3792107691943635
0.8809761008978814
0.860843714857578
0.4846475893209151
0.6217894889497689
0.5879580798955865
0.40988079838238334
0.6659178384429442
0.3581570980828972
0.8132164889715737
0.2578868551444409
0.7213724028577122
0.15656164159372588
0.024916595401586528
0.5623392631077762
0.27726806840439433
0.0006104756129243771
0.7864465219806483
0.558763180046333
0.9228657335416615
0.8751188065158582
0.4357814944075823
0.3390513802968791
0.3502847595716523
0.08826689226991924
0.09796066816416016
0.8173454066128562
0.4569664540478233
0.21760664437428157
0.35413450304032656
0.6814228169629489
0.3397490394508845
