Architecture: escape_chain
Number of States: 32
Parameters:
-14.650924920501023
-14.728608818234314
-14.729485372316857
-14.702250787492332
-14.727586211800968
-14.699294632781394
-5.500293894967096
-6.2196956341485015
-5.0864734341384406
-5.0799233349837545
-4.2249352639108
-4.378061566323773
-3.9444524095985862
-3.0512315712856126
-3.05396987199971
-2.6115397243326886
-2.2992430547036133
-2.4699388326044796
-2.0716177702908722
-1.6098291065583736
-1.791089949836147
-1.753350353554613
-1.3450719529898203
-1.1173915706888133
-0.7638145503441829
-0.7137851599913119
-1.6320304225813291
-0.3453883641637954
-0.0009025203438530582
0.6984134329349249
-8.632903452345996
