Architecture: k-jumps
Number of States: 12
Parameters:
0.44200452698671855
-2.006865890046232
0.4229801593992972
-1.9239673912529673
0.419654870895777
-1.888199397416756
0.3928494650125342
-1.5379722212334608
0.4478634425912533
-2.1855099291422957
0.3502593391565505
-1.3157438097726897
0.24613652679172565
-0.8449266880435373
6.012513163432897
2.9252729988098873
-3.728544010313758
0.4565712444069872
-7.211913472091402
-8.588363486766697
0.45303392189217406
-6.860347870901337
-8.640120108462284
15.0
-15.0
0.22830290973631523
