Architecture: chain
Number of States: 26
Parameters:
-0.3764806713308026
-0.5862526147983065
-0.5803019555013753
-0.5257414516672853
-0.3372939651207897
-0.5059781910883622
-0.44409950341232624
-0.4053528013670285
-0.4344467297676061
-0.4159758303393032
-0.6292987811067688
-0.39535547591816145
-0.397527139117841
-0.6479842316048393
-0.4023724630329221
-0.6312107070470078
-0.41770397487772715
-0.28756390584887703
-0.5379854083143931
-0.4430012624050987
-0.5394996840515847
-0.4359893633071153
-0.40931438222733774
-0.5073907254859543
-0.5572187775308273
