Architecture: full
Number of States: 50
Parameters:
-3.0431441828587875
9.677659116702861
1.69204895172098
1.9593980595431908
2.400105778702974
-5.258280640838377
-0.47292383772278734
2.7994061712369795
2.9312323743676503
3.2236719283595265
3.839625981685659
1.7447863143899087
5.736624183397206
1.8509569310132254
2.9199450168409475
4.182511930369328
-3.7570387805732817
-3.2825734090430108
2.3888414479800546
-4.525346020815139
6.861413273565706
-0.8970390772824972
1.6286055714029704
-0.6779908393104881
-5.2794333471675845
-6.2818779919607035
-2.5280381959296307
-1.53348962898135
-5.105800831069125
7.16623322951572
1.2747033499840459
-1.1770569885701
-0.4673785159347343
2.471689459811926
0.3458263708779111
0.9399536385388054
-2.4196619704192903
-1.7693616921784492
-0.3612195564151859
-3.2545614564423513
-4.281924190987063
-1.7972321505546431
-4.673265717859355
-2.5163910231987505
-5.239244736866799
-1.04990912232574
2.5409543915734147
-2.158253707704703
7.295086284582465
0.7775582264835783
0.160088080280257
0.46411252637884626
0.2740735215526161
0.8128359142347032
0.21219935036878335
0.8975469231029869
0.008866809039718739
-0.04301403328748225
0.12253784713669659
-0.04023052926229445
0.35325490271512994
0.4655432265683091
0.042563098976581296
0.5048296506009188
0.3382470948456752
0.7441806000814668
0.3122169152763912
0.6160090082264673
1.0058904322244204
-0.06654533275656398
0.747260984380444
0.4886589636030351
0.06915819146208098
0.3730192597131117
0.778087977591003
1.2453772156166778
0.46471080437248663
0.4359325724382768
0.6139924514603382
0.9315961070005988
0.5009426791168056
0.12530559982623254
-0.03417275366436387
0.5672411761054911
0.07786220549476337
0.24962889407064787
1.129399706108327
0.2942488364373122
0.1661037039074598
0.6248862833092345
0.34994155501390267
0.46265241426037595
0.23304828589722107
1.239716691809395
0.6829786094620552
0.7129993751750587
0.2022774303534282
1.3502292882118079
1.0812052249259472
5.418972303854709
3.4685673386586977
-0.36177155734958943
-3.413233468125756
3.559348521882911
1.544530879094277
1.7856183716903529
4.697274433869126
-1.654578934060326
0.30885093448760104
0.6893479782470631
3.426464766116251
3.107869258552103
0.04529065380257674
3.3984722932818325
-2.2852642071517453
5.314170622011852
5.232326607240761
-5.7299349357736915
2.2705980277651485
-5.686486501305932
3.695406499777761
0.5501488236516936
1.708953079506049
-5.663835256787057
-7.709907443351452
2.150719505439299
1.6978996176544487
2.7353179248217527
-0.45145595586003395
3.0910502712436267
1.1270433624141436
2.0026435458200442
2.122660005988465
-1.2628024087574299
4.268512439935929
-1.0722720746609549
4.700439945597275
1.6356280653989008
2.7599564030835086
3.4522382203114717
1.853234222912497
-4.31162882094583
-6.7744392339295185
-4.495341976125965
5.384701004106135
-0.7464030209608808
3.2118208499704974
0.8266700129734008
0.0034443984257391536
0.4926005681483546
0.6330706682231841
0.15512042589963213
0.9086167512860985
0.3097929199562849
0.629622153829057
0.4701944320201684
0.234833098988691
0.26804705110582344
0.8777918135368192
0.2728348053939771
0.6376334699321411
0.2142891142869572
0.3167338692120601
0.5000223475383314
0.32039328009098184
0.37558573317376276
0.6980471907452654
0.1942000109134896
0.05446080377665208
0.8984137533741523
0.15264685981887902
0.7790226082202983
0.36983415959191857
0.4970027088898873
0.5230992115948546
0.6650525455497125
0.5901300923542349
0.37173702937448805
0.6911533785223901
0.5097010746084482
0.15682177886118623
0.5597632582060694
0.24595531751278954
0.2679420842556026
0.23252823309310522
0.19449080773708138
0.126866182889473
0.8387197102990029
0.40300665826617454
1.3352585943304403
0.8397904925112765
-0.050940034143505564
0.32365441311881243
0.1722626783266473
0.8304833612869732
-0.2023835779080917
0.1920078102335535
-0.32136495013039734
-0.08741047597957843
0.38546689747158586
0.30956922945729215
0.40608663191593075
0.6533959670030087
-0.026281736562168534
-0.011039449371634147
0.2664961709363529
0.6035766847332649
0.08045191934340264
0.10891837225092349
0.07803428761342318
0.19617003530626512
-0.21939435750040678
1.1662883978016216
0.10040369581972752
-0.18818689415508952
1.998267028566379
-0.19494174668288583
2.709198592198414
0.029988133654431898
0.36903532162527314
0.2717346838448036
2.9682993758015734
3.1004659375769075
0.32438526490442143
0.11329003400235521
-0.06498665624514577
0.47586980030119214
0.2927500708532683
0.6088755682779375
0.05580973711313181
-0.1477770096622427
0.21994358103465617
-0.21670444619661017
1.0592213055738982
0.16692868182492065
0.14417509939545275
0.45625310785876383
0.2920833861608401
0.11328220589193283
0.8540134398229059
2.507079709929032
1.760807902720703
0.011073365399365043
0.6311507929327735
2.638456309508036
0.28051550304772166
-0.4863003073518041
-0.10784790607452427
0.6567853956095125
0.8652007124190058
0.017059873541623916
0.23189390094074555
-0.35429083658761307
-0.3530225328515917
0.44678898177258725
0.35103862141402875
0.06072339360513407
-0.17446300122447844
-0.29776367597428455
0.26211045167635194
-0.359550347414792
1.3283368081827784
-0.28641367809090834
-0.4594804340567068
1.832397710344699
-0.1090690186823603
4.869134203941068
-0.024650744902276756
0.039052041607439816
-0.012625246996019267
2.1322844359713224
3.8189058995469916
0.16231041626620601
-0.38005462617088903
-0.37681047252379624
0.11268400856852409
0.10007831417439128
0.05222173204437154
-0.3196075194378262
-0.27367783663859147
0.6009287290491606
-0.34097645250568076
1.1119417017443811
-0.3205467249723303
-0.23447360615828108
0.266797116762463
-0.03578925459021032
0.48379658657980884
2.6680723394932793
1.8851767269792745
2.894502825197186
-0.5039148916579637
0.4574143960624941
1.645117850561964
0.3933879469060146
-0.0009109827789625102
0.06327194117306356
0.10451609312879677
0.3557692538762299
0.5603202485602754
1.1307938550740142
0.9664531365183779
0.5203910636074194
0.838501073639163
0.5426408620705534
1.0079003855086563
0.78193949481454
0.39422511126937815
0.6687132567046983
0.16891763421588044
0.535955330551548
0.6752604209588756
0.19172718810670364
0.5387185889083497
0.003963486529547124
0.6201491701037664
0.08176028705055795
0.8447646688650572
1.2885495009187609
0.7495085713918538
0.5031729132057821
0.2638735016679369
0.6572390695440462
0.39398054903810625
0.15035845504823217
1.0119101070164418
0.735642590014346
0.25450086502505187
0.07670609644719197
0.7824609185320544
0.4815033800851205
0.9945106349739542
0.8345295468005645
0.2668921769004105
0.2755058710391376
0.3505092013367926
1.394249471883693
0.27029364368543873
0.34196884657741244
0.4789185105531942
0.7361233910573198
0.17420132294999163
-0.1495477093156331
0.35508065918642484
0.3855638470656688
0.2921767473732104
0.11098969639665146
0.977126125508231
0.8995767016854608
0.664955373805749
0.5578584527465484
0.046552812147373564
0.03038868197665066
0.15636165424885431
0.6033538186914655
0.3101609680748807
0.19246189974578945
0.3530414741595186
0.1784892710539058
1.2755739778100341
0.6676993738919351
0.503496572469664
0.44172962087717926
0.5151053526403728
0.527601510239258
0.19528530477126624
0.6058064740371056
0.36023005089512405
0.3403276889965545
1.537142812344616
0.1291032634271902
0.5823100447955273
0.22733704180815317
0.719774375503038
0.28933026413904545
0.2867173052503918
0.18847163681554654
0.7386180543798084
0.32496930080578545
0.7021618657755581
1.2937538451299577
0.5418180411010817
0.20943841312304098
0.06145087586826515
0.8880703727754825
1.2838231977363788
1.1345875418336973
1.0767548006938596
1.0252150581046888
-0.0007672760755714353
0.780340203049027
0.35523166828995
0.9341169809953884
0.5805438679235384
1.5443991949132487
0.426154026399044
-0.368298455291043
1.673030096432933
1.0693368430682257
1.0267923641134684
0.3552109962380498
-0.08439617990077239
0.5021641072113724
0.4312917583598278
0.7943440848508238
1.743374472051212
0.37675566595986554
1.7285465792712462
-0.02015299660866654
1.4968766108389893
1.5263287510620378
-1.5086954913323705
0.7658618177593142
-1.6606401799202526
1.5796600467991069
0.9712102258003145
1.7516502974794212
-2.524745385223428
-2.737498011539801
0.9989395988239644
0.4814146942182601
0.6111700017608847
0.5320270855597972
0.7012637700103862
0.37560176790545585
0.34867864915467794
1.8275362644495503
0.0811631977874577
1.1708572466981944
0.3972792547376437
1.879994237569743
0.5038296027144182
0.9761446635855746
0.4070714671777609
1.3424172329323398
-0.5772453619800864
-2.2365863903458996
-0.8929201925192971
0.3948832741525236
0.16651152763721438
3.094340431137054
1.3486048413056246
1.1523734694547116
0.4579062963459676
0.5756625142193965
0.042262396291605886
0.45372029259088176
1.3614737728343775
0.24960560114848898
0.9504331187810969
0.3519285882773558
0.7162487121248745
0.8115184836083571
1.383047676781318
0.8387580766716484
0.9147824508929202
1.2686032406654841
0.05226575543266848
1.4597849340891806
1.4267489199841632
-0.7626170936564224
0.5043585394045982
-0.9557644443647932
1.4136530228487592
0.8675505729284588
1.1962021109383225
-1.2443507939414353
-1.9611525543920882
0.533754974360381
1.439489389569731
0.941029235282852
0.3432537768710915
0.9412682925287044
0.971801483221988
0.5823474261670941
0.8279408989644319
0.26150835612390333
1.412698758453716
0.3146652524382635
1.0030487220427062
0.9804048181585733
1.2388489218970131
0.4497058880391912
0.6370296203141254
-0.0910785405399217
-1.2107782024047555
-0.42615883207419925
1.2622318287318375
0.3115913530776566
0.1665863321463057
0.31648610852549486
-0.28820430062644115
-0.14456632281472342
0.4992727010083484
1.8799717556617597
0.22152586507250407
0.3323326543748517
0.08198081250804906
-0.3566830565320756
1.0606396541230834
0.6320456685215896
0.07807589276479951
0.03085323868019274
-0.04863752501333907
0.19067308218716061
-0.22006011628008632
1.3855379742315632
-0.23750018888539945
-0.16609923795542136
2.799223765315751
-0.15752535543143456
4.084538863671737
-0.16108223167532887
0.43745585743972043
0.36435827931273107
3.0208957918038815
2.1395351887785665
-0.24768232443747265
0.15147760906179336
-0.28136540270374055
0.5158241331135397
0.2860537142280497
0.0862365019809702
-0.015006678723518518
-0.10153838376722746
1.109331322125599
0.05635335446802758
0.6319176927526396
-0.11605227238264582
0.05172080416315411
0.276240680504797
0.09474212178022967
0.6153523765877562
2.329917690931412
2.379522651762583
0.9885394569997885
-0.13823999183796565
1.0106143336819744
2.3767542902839502
-0.05666253967173423
-0.2842047907391436
0.5892996737605216
0.5032372007166536
0.7219570715412744
0.6520595819559964
-0.05825803699955027
0.3295200043657893
-0.25280237354071
0.9597788004684381
0.15225553940315054
0.41973913566559906
0.01385962477243119
-0.17240567592797684
0.0768934429415242
0.18167383983944613
1.3080436844528176
-0.015283000784863554
0.1116987910738344
1.4845913028908597
0.19365213308694645
1.427607035123852
0.3170053908286596
0.8437826140560056
0.2227849265704943
0.9677913918959284
1.8331314097449543
0.18174256149555112
0.34690295808200966
0.0015621474993491313
0.827806226351024
-0.022757496249324695
0.5986424139829921
0.2971444451654156
-0.10915233064304367
0.4476173254636979
-0.1961856936437265
1.29531596605884
-0.04757682905105107
0.4740541586841551
0.4412911280351489
0.45035560463692026
0.02113909611451053
1.7260090439674571
1.7779017997814748
1.0326477832697867
-0.09067821379872273
0.7598785939198854
1.028042103028869
0.015346569366411813
-0.16116200089549448
0.6198937536439529
0.31294253134376504
0.831281737403937
0.8273973616567987
0.3594919611075454
0.229832646931369
0.24149521406670088
0.7157171506768485
0.19828406589387834
0.23546158984554813
0.4542549695054654
0.43986041291960626
0.22003385599484757
-0.17623404683771243
0.5344560173326847
0.5542190144451341
0.33381616095813005
0.6275172424642479
0.14714838213253661
1.2457248208705685
-0.09387812514605826
0.8588484237983351
0.16377047792927502
2.535938489348547
3.04655133286958
0.4182759983887997
0.4711030263952645
0.3447914768010413
0.15588397146141936
0.6095405942294599
0.524625873106228
0.04287441386736199
0.5382658279532113
0.10649634086254811
0.6334820041809093
1.4701409027552623
0.6066271474618439
-0.012436012406921396
0.7266184061143911
0.32569250508107334
0.7074767237171378
0.27768932960299453
0.9763640019709154
1.5457459022828979
0.4556873331652037
0.5005825152566266
-0.3834122908715114
0.7147861486511967
0.6301503685754483
0.8430973829473805
0.2328433201198647
-0.147954247608911
0.6920636712207654
1.043497679716236
0.8914586906729304
0.21935276738061293
0.06372929632800542
0.44113578286915556
0.8546297814799703
0.5223987194339803
0.9772627977102256
0.8309124199239498
1.0717415011950715
-0.007708953983576017
0.3272617968790402
1.197255480939111
-0.3622224914987362
0.2737072051685959
-0.3997613873235646
0.7897427296144107
0.748146737311528
0.7547602788387107
-0.2447242826790636
-0.8526199237968999
0.1963404271893663
0.8223278760929547
0.5580859913072951
0.16817387462064598
1.1350804472926086
0.4916732252749788
0.6260396730359712
0.5953643398379667
0.26016988884731646
0.7468670396983895
0.3995524313958639
0.9121082130952054
0.7833760474719424
0.22081014004561397
1.0518162223813328
1.2907114228140424
0.012938397176228994
-0.6351752460909784
0.06664391603900144
0.994036584998959
0.515266507672774
2.6004654745639333
0.6084426107906259
0.2416481580521826
0.33277224469695654
0.6491067034172502
1.2056292986871948
0.23769174696299386
0.9262676768300561
0.06482143732253112
0.1250640211793984
0.15887460037856654
0.4023308243383536
0.2034943951907422
-0.03066291968907109
0.46260073154674536
0.7510819352762549
0.36728974823473726
0.4203950059819404
0.5854560656991455
0.43291146362281296
1.802487080668627
-0.17016434510277811
0.9936660217931903
0.14418215237929055
0.5010217864474666
0.8203608906891876
1.8391812018987015
1.6166918349120385
0.02434680884382566
0.19633746983838757
0.42536712988792963
0.9428232448529708
-0.07324424809702554
0.6031400036670583
0.018308033860847603
0.07493418682043713
0.1491011118271299
0.44625066573618777
1.1060875925547906
0.49783497675278077
-0.014536730617129567
0.43680449602685717
-0.003794143262051651
0.21648725258368665
1.0053905921022395
1.20060345603771
0.5856360613035536
0.20352347354723485
1.0077184841107587
1.0079668192974254
0.3219239493473094
-0.3899166984328084
-0.19107523974722984
0.6125182523776789
1.1432175923859338
0.3653533623941453
0.5681881250699313
0.06947308921111256
-0.202782055823167
0.2915408734834243
0.3355019636946653
0.716030532672609
-0.27480097789612273
-0.09620734798714331
0.5595754378020806
-0.24710467995755814
1.744334334321798
0.0045682877515172415
-0.39072521431253143
1.5584367314501018
-0.15248435546591987
2.292059084646443
0.07178866966058656
0.2753258616785703
0.06755231058517114
2.244623693663325
5.925063502448216
-0.07356808077155856
0.14939311841713804
-0.19614553421391295
0.23698043584168713
0.22119983828801093
-0.009818307439386898
-0.011321228384665483
-0.20386181174293683
1.3386534092398987
-0.1586436379616232
0.7537567203743833
-0.07809838390373941
0.07542542217329229
0.28932389380875717
0.04314914687109622
0.614680530040956
1.656451421262563
2.399814951951659
1.238603243044387
-0.12487348303196366
0.8198515304027292
1.3147807150658375
0.2256105923120333
0.6138979554580626
0.15379022091382238
0.12990476760136357
0.20100734753486338
1.107496841885172
0.20455467059389087
0.40632757327380603
0.1508275161273843
0.39694872925365593
0.0731012803455173
0.9566630427873246
-0.039066054262180516
0.09084105238825979
0.5744649936223579
0.0251834816533364
1.1516028844857864
0.06505450625351972
0.2598851859613818
0.7686040834369521
0.7726389929894699
0.5757297727629399
0.7349889563291782
0.05054418741799197
1.0817195095705485
0.5268897103183448
0.3800073184932637
0.831867278347415
0.743423063496743
0.12100154370889703
0.046221703291887066
0.040359278890297424
0.8520668826919513
0.7525632750766478
0.19186831537592822
0.1810801717732787
0.6353400528836864
0.4815004878923642
0.43533740570488416
0.8497764631123969
0.8807206502835542
0.2578831988439856
0.8041083903327655
0.4496782070212372
0.0701435200384526
0.09119488248362925
0.775059921992743
0.30061240379716825
-0.06090973169917663
-0.3867619393595527
-0.8201398197910379
-0.34430519017187633
0.12145593562470368
0.9094748658930377
-0.1887953846183861
0.16729975365511013
-0.39314136544493156
-0.6331361167080444
0.972413717098696
0.3133309357403886
0.03519578080396185
-0.4426353710486288
-0.6137869822164144
0.14089783265922012
-0.6718173689140802
1.154460168785905
-0.4882607411073361
-0.7077170067001294
2.391293813912583
-0.47390168308732855
5.438388515069832
-0.5128429874537447
0.41256694903275865
0.2227671546147107
3.4283105009991184
5.72339346286582
-0.40534694477256394
-0.3397726873932621
-0.6058705675244686
0.4478948237622111
-0.43182877455738583
0.28425806196636005
-0.4777261638973536
-0.6257731716977437
1.2785580869697235
-0.4472419169622391
0.7336457472962751
-0.45399075809626477
-0.49148527696257804
-0.359875741642022
-0.4295287994267404
-0.05093058686961574
2.058425456960891
3.16278554940082
3.1253216193447653
-0.6089495102700667
0.3041805774084807
1.4048393050688484
0.6927630777848381
2.270378293814982
0.9811074699140578
0.19378791052185657
-1.0407108191907952
1.0077953950392906
1.7958366971300883
1.7702124638931616
1.6027266207508384
-0.15266618808178853
1.054200823795543
0.3397507084552155
0.6208846191475188
0.8277575906977472
0.5428825809190753
2.898959734686417
-0.7301151117048346
1.2235949600533642
1.984648651042005
-2.762545672443237
1.982529258393612
-4.378375673639279
1.6982945179978994
0.5427701300643311
1.946820595705038
-2.9031336096964617
-5.168897466212894
1.8312491060305351
0.8919112299787595
1.153666464970181
0.3667096666103064
0.9369670677250435
1.4234366276912271
1.0942556429340138
1.2841838944156712
-0.19273779451977063
2.602383369636248
-0.17918202718999238
1.0539469041692469
1.1214304030622664
2.4472711249520405
2.907500303816315
0.6465895803188253
-1.106206311841413
-4.691687794762495
-1.66014238597608
1.5941761787557454
0.5422281958039731
2.34325459089263
1.1423468679375026
2.3777281348113846
1.2130047466466607
0.2841088720047447
-1.3424395391678459
3.2815959937044865
2.1144491130867933
2.717049509398522
3.730569771653542
-0.3968963467624933
0.08425457082086543
1.3392264051762608
0.9894705070194247
2.549339862686242
0.5357016640845524
3.01335056095285
-1.6658638831725727
1.4635473199973066
4.028198819317466
-5.189632800954502
1.2894918283032748
-4.763180011869104
0.8886332733968076
1.1122754179440932
3.1434340165975674
-5.140719333753577
-5.829649722915737
1.4421023693688486
3.252896684201107
3.3701148116488184
0.45029641837853046
2.883321133432109
0.29920047677841044
3.0659494570220485
1.36577854777695
-0.45039353241770935
1.7172007462398096
-0.1234108473252434
1.3001972075668575
2.9620530255391646
1.1056379430398113
1.2824737467045288
2.174851816333653
-2.523039847899838
-4.758428564403722
-4.076258527302728
3.958050618227118
0.03502266526927916
1.0820195346116852
-0.15823177619213336
-0.5751773106041944
0.03728558866993187
0.19204367371980668
2.2691315605972058
0.3558479339099681
0.33988270000730403
-0.09760248408404648
-0.3478637437774448
0.9988671003134029
0.6130773510640387
0.5138073400622148
-0.19385900764432912
-0.22343912406846855
0.16577558380934349
-0.3461432536160717
2.0427293893635405
-0.17115624374029023
-0.528187123564054
1.810382333693214
-0.10590262640185877
4.452801858101095
-0.059043103163915145
0.41118709388627733
0.23216499108584182
2.0750590226017662
3.691515860413275
0.07555868539929994
-0.26700939081284064
-0.24719499714890977
0.461049944247888
0.11377441157383411
0.22281054006890347
-0.3130923535962783
-0.4524439396960936
0.9536980731310309
-0.27549222899173986
1.792901519036298
-0.15502068902056904
-0.1152943917628414
-0.09959487471309947
-0.06457527794960238
0.6050550268598271
1.2817856057842087
4.142877735817745
2.3579156712888674
-0.2802536132086271
1.5669819477534421
-0.4543439985292186
1.710892246748011
1.1383406083878227
0.7158120713141234
0.5063296928857864
-0.49727455339021487
1.1509231046190345
0.27904655086507046
1.0878751392050485
2.049022045762539
-0.2908043947996317
0.6564275605229116
0.4666004927770204
1.1611527428631925
1.171748248474284
0.04792204469625225
0.8047035563424019
-0.3555344007350237
0.8356976746484639
1.9612503416473759
-2.2623519673634607
1.1891943944656815
-2.6678439245659167
0.5754797584567322
1.2630391943820949
0.8686668875712633
-2.852922578873048
-2.873258021604646
0.4445041638008114
0.5100597947919319
0.9180303460571568
0.5277905366982809
1.0263373467980605
0.9673420308347191
0.825996289516808
1.5830854274473154
0.1326658560381424
2.053225900818448
-0.11615510175260034
1.9179136399694419
1.5839856438672741
1.559387356360745
1.6704236422421435
0.36018733514935725
-0.7791195536977461
-2.337803274503722
-1.1461527950671395
0.4584952235845984
0.24532103724366058
4.234665536147075
-0.043527144807540274
-0.6101102935220869
-0.1555877236203635
0.46253451060068707
1.2806336052364813
-0.2057493428709418
0.23164359495170694
-0.35164921249832803
-0.6179678586775792
0.8237557557722868
-0.14614173055634133
-0.1949307677512381
-0.530124784074018
-0.44001706484782194
0.35140569701109636
-0.5918982942328105
2.342693961593101
-0.37160075417656624
-0.5530991609526128
2.563616750993842
-0.3336301770500091
5.046225318776436
-0.22885077410885568
0.218487484099177
0.24222604510939655
2.2173465609823753
6.140886896017035
-0.359295674938518
-0.2521578233502451
-0.5020082134308946
0.5075971877078352
-0.17290813085788914
0.5450387024689537
-0.3756779618983906
-0.4660302998799842
0.32469983840810834
-0.4062223409860624
1.0407690790663513
-0.3819135495539913
-0.2625559307651717
-0.24576443879915635
-0.4245220992356641
0.16110912193174703
1.3040491594870423
4.816005765486911
0.9551297032765423
-0.5414325824759696
0.8951763701901794
4.344062165120428
1.0977976078705813
0.7430367886979521
0.7800656545006793
0.6828297901564176
0.11843055019773882
0.5893298909412311
0.8358934429304455
1.0062987899157532
0.8262174010418192
0.5666377144949922
0.0081922544318903
1.0012842719684798
0.3624596397858288
0.09732548583193641
0.6818917175878155
0.7338942459225778
0.7842264024778641
0.891890059104047
0.6482829713609465
0.13698449699778042
0.5191631299243479
0.09021528023715375
0.2130325361237178
0.5070956843973099
0.7897239571211992
0.1622450946181605
-0.22736698335970368
0.20914858112300494
1.2834693675448625
0.37705930057881004
0.9629376375677424
1.0995995869443824
0.8004924134846236
1.042683544052957
1.0405754334152433
0.3441105708476634
0.4362145874971648
0.6394627480727256
0.5651117674314164
0.5333242394552591
1.2125380735087377
0.6096954461264696
0.451879348724115
0.08681052810502682
-0.4427900789610889
0.3410790174735089
0.7486568870769148
0.3806216436966765
1.2577750665542429
-0.10439112649840482
-0.5825454403106148
-0.21114365903875526
0.7058563020718047
0.6343691308003623
0.18141280201162033
0.10945147423312412
-0.07500364223620593
-0.4301084293534104
0.12670689392279466
-0.0014061556048465401
0.1458450810928286
-0.36454980967750594
-0.47428271533601707
0.5949750796472764
-0.4462670612523537
1.2814553424146322
-0.18236835963733017
-0.4241145166162112
3.717829293841776
-0.15445475439245138
1.6799990553236495
-0.14448422673210362
0.11047097100386624
0.1660597500357248
4.008184921909168
3.8942731175918954
0.052601718950667786
-0.0747527277481872
-0.24296342124269565
0.07564258881887798
0.012996534242269264
0.3766978431442723
-0.14627002940239653
-0.4351144433817943
0.34614498834691254
-0.11134698819333899
0.4110346751278161
-0.15265285744177204
-0.004600349714252716
0.05193255337492514
-0.3581909707911598
0.1978774993987589
1.7336459579282013
3.1943343006513434
2.248486054332351
-0.4758812025379192
1.1333810121026155
2.2898769060147433
0.16645851270402937
-0.20180114582594122
0.14107752862341
0.437261253886986
1.0838685866282836
0.13377376800870017
0.2991345715368611
-0.2566069227633917
-0.07137065772973611
0.9868524662461726
0.1678566899927671
0.1452288134300448
-0.2656270422204861
0.0491669314980655
0.6090659558214427
-0.16594036293872855
2.0509790230036744
-0.22040655122540384
-0.3641314324003987
2.274113716642845
-0.06598352064448207
1.9562823071607387
0.10133063363315992
0.1519235540451648
0.14509609077999572
3.420437046322848
4.788583397142994
-0.041950152484787895
-0.06639177544300488
-0.027452425055575103
0.5739156154815224
-0.1528816105198716
0.3121512903850412
0.11379377699672949
-0.006980612273299935
0.1950820871163241
-0.27232565066748415
0.32175829557720986
-0.3232555881736954
-0.24959462975698876
-0.12501811351276865
0.2433150323853996
0.1132387776988482
1.8750880770267617
3.5159495074297245
1.2835378348615292
0.007327719956852052
0.2527609110896486
-0.38895114528459507
-0.24428445572207308
-0.6132257605892864
-0.07155419707964383
0.4607074259998447
0.749850973901979
-0.09738759977669126
-0.14762935235073782
-0.4155578044700543
-0.4889103133495951
0.7237603258284266
0.5795157637823651
0.060688375799569386
-0.24781861168671926
-0.47968535069805296
0.48530346105925065
-0.5059235161827584
1.9617179871212764
-0.3376679861793953
-0.5575854237814475
4.285428664806065
-0.31393508350700317
3.3254008217153253
-0.26104531637560224
0.28152193196767783
0.018633495754822982
2.556051372743929
4.9044206214289545
-0.2273014579122787
-0.16255042733022224
-0.4363335861650357
0.16218832605792727
-0.05599820502188968
-0.013760506344751424
-0.4360868132845087
-0.4424471574543538
0.5325591366221596
-0.3035438411729805
0.7169450562200521
-0.38443481798587925
-0.21155686232332446
0.05944585542132996
-0.23794143367407808
0.48359663392266805
1.5688819881471887
5.516964366728969
3.9042976734675285
-0.5795585039873652
0.931306223520149
-2.002933667759536
-0.21263370635767803
-0.6396017367440667
-0.16445892676976206
0.3618600938329829
0.7147351944571068
-0.04799878564065829
0.07089447902208412
-0.45143082417998204
-0.5586533234351231
0.7398594779725276
0.30867994606939453
0.09310083888062579
-0.5322812511645995
-0.47348749715284577
0.25957491583517833
-0.5541228486494227
1.0630893220771531
-0.5000518240372589
-0.5535421727859438
3.009944679262729
-0.3580616526166155
4.479078880139188
-0.3551990525839037
-0.1315570058451857
0.13782209337094248
5.238936630998909
6.116662855573873
-0.17833505383398612
-0.3048401773607149
-0.5185269177859023
0.16308964865770798
-0.3130528526414364
-0.14414305667176364
-0.4268544195841388
-0.5151693355974465
0.9187231487902087
-0.5455149215229698
0.4198011260879807
-0.43582426007348285
-0.40662154049586063
-0.3622639542302439
-0.3799253214188768
-0.13655404143273675
0.9894255036219632
4.409496147618916
1.960520118058093
-0.5561835304288572
0.6594277256244176
3.2791466406931313
0.5211087328499652
0.025173151539608585
0.024257351616849714
0.0781352157939155
0.9763868710768175
0.30616516617130823
0.35990955594612856
0.13526200148692852
0.28977625358527315
0.8027286447070789
0.07590003306924514
0.8651617239766759
0.45455987117095614
0.1851191445502923
0.43812971111051807
-0.23854492183351902
0.6505595019850334
0.21620491670392616
-0.0018514457034807807
0.891648970097649
0.2249481501309252
1.5705010229835565
0.2732144012332246
0.16704723886648035
0.5912058650731133
1.5749858033411028
2.069390573349151
0.2624684735919224
0.19478775451358066
-0.03726374857328224
0.8982334271499454
0.40367190614674425
0.696800171187412
0.1354124076203736
0.4698160030193694
0.9069945272426918
0.47138288046304333
0.879645769096963
0.4264073359539195
0.08903992224582309
0.3049344046078588
-0.06269950983706599
0.3797920691743432
0.9180187158296542
2.1153070015469426
0.5987242931461547
-0.13398069052475495
0.6516116205020985
0.5508145396502356
1.3362586796456069
0.47896321144931786
0.2967041081777492
0.08803168852179569
-0.14970454284152673
1.2777710838613927
0.5182634208399045
0.221852863573615
0.6288234228874774
0.5102278625766042
0.5394158303947831
0.7947089566202759
1.1082626520514742
1.2687092116162493
0.8639334038393675
1.2346548097298111
0.8141143284276107
1.2195708236613125
0.33040572662227985
-0.386454207685615
1.2456344997500008
-0.42578508205492205
0.3444822670687554
0.9376909044249545
0.8316727952334035
-0.43887292427310964
-1.4432239425196822
0.23349991095677874
0.5302846353824913
0.6935716279445059
1.0402247512442764
0.7780428616830909
0.7401587883652844
0.25513722957500123
0.959555419348638
0.10313005697701799
0.7953746578259437
0.7805276287132915
0.6426497412884387
0.5941380411629685
0.6735624298510707
0.5486929984755852
0.948873463268063
0.3181793462209028
-0.8630326589526984
-0.012131202905830862
0.5316451940786052
0.1658936247632027
0.3317990470461163
2.642829098951422
1.5117034584358846
1.6422798993600047
-0.13564070202042122
-1.9051602135782892
2.816492625215269
2.097854835720781
2.2477204355598808
2.625107657022264
-0.44223520007868583
0.13693411009625678
0.8185535101370158
2.6607179016027835
1.077136552136258
0.7020643923456065
3.085505992572492
-1.2061289444610015
1.9968808084889225
3.4063470900397834
-4.805949118404053
1.7537922721299215
-4.7844676032593085
2.029770783492415
0.5768441086123544
1.913880772831706
-4.912884730499799
-5.9759489848556635
2.636919028140654
3.150148444982152
1.032165013266403
0.02241519285228155
1.1047507252681648
0.8962677511863383
2.7619205187091227
3.1736577536911494
-0.5705219153447154
1.403990571508218
-0.2702835861969266
3.545963362189339
1.122751897230152
2.9144537659614143
1.2250900021042173
2.2511455079513123
-2.4888553562139375
-4.62335001833182
-3.3055145309586336
1.5045791639717194
-0.06154646433506472
4.446206296941973
0.30485300139293037
-0.3608909727019786
0.19290499161814265
0.5046277400978323
1.6538273762902305
0.5672465121020775
0.4115496105553209
-0.1837624819499088
-0.3623522445659735
0.5764337633900171
0.45049526954937064
0.5925803739675735
0.06408095775064171
0.02577829197915399
0.27029488912270055
-0.10658661857957974
2.147225200734827
0.046539207039479225
-0.1875252165017895
2.7209558774862215
-0.13412638319219752
1.9047756769830153
0.0033265105719836596
0.023099137458654398
0.11108032141276011
1.7830538089028165
2.54940492811186
0.41875234050704685
0.0865122132118683
-0.019415854171112634
1.0754264166691176
0.11870486645173967
0.8691286740916848
-0.040616757389006664
0.0895756581049984
1.3060897466118135
0.11311065925773356
0.5479094317837047
0.07659151838877049
0.17029431867052996
0.4377602494335145
0.03458807526513405
0.16886103181956025
1.6549681021952058
3.5737002328420306
2.0935788320937228
-0.06694047991699381
1.0859621496569933
0.6086947116188681
-0.014038992739721277
-0.023439376277308355
0.25561073276530805
0.2401049733038761
0.8959880904533951
0.20307840154162105
0.4731331245309594
0.39461071425509747
0.11382638655117339
0.932289748383181
0.5818026229941083
0.46674747192363
0.20234339301426602
0.1697876981152785
0.6530642495518906
-0.06710272160181871
0.6916256415875911
0.37574712819264017
0.19228287848410547
0.8028881186401997
0.2193574607268436
0.8583106480734775
0.380050447322022
0.8400476456737642
0.9576987116367784
2.717403018948054
3.661541867259456
-0.018080194743949743
0.48640024391048237
0.18513074526101386
1.0657822219576343
0.04755494958027193
0.35418007743030905
0.21426477710657885
0.18801072411350145
0.5465806067493754
-0.1905894192182539
1.3122578325501635
0.3648069827160404
-0.10775124927574309
-0.07672313031228958
-0.001833701232916568
0.25492081398829547
1.621429995555576
2.794133488569819
1.710127218699267
-0.23188393609855085
0.7588189380673847
0.7665567623237832
0.11063424406212284
0.31266758627596997
-0.01341519005966306
0.829280145394814
1.0235808857975395
0.046819141254781205
0.5533720037782294
0.5559868114558816
0.2790943373043351
0.3289005043228108
-0.0465409119096334
0.34180972365326406
0.18224931588162438
0.5021714746533916
0.9799404097904643
-0.1073628356611761
1.2713559510822416
0.552194598807991
0.027224924482920576
1.7884740784653643
0.15197608663646245
1.271578325923859
0.5328194932508361
0.8823674611266059
0.7966706734423028
0.7738408778561701
3.0075307334690082
0.07942858308279696
0.48030521094310186
0.45891678712504547
0.3698460977126393
0.28966309213097224
0.7246452199568435
0.26493067041163865
0.1512861417627478
1.1832136873108654
0.6119983404181584
1.0274921807314947
0.16412660669606327
0.14228475082686753
0.24985832332424848
0.39359116171209996
0.8456565840651997
0.8687163750556367
1.8956300202776803
0.8338074011426013
0.07847223914518009
1.1309141377262728
-1.8538020851572785
1.0460633412101594
0.47532378431474087
1.0999801112020124
0.204125847161646
0.04965334259746257
0.7627010633554666
0.6808797369514998
0.35628476645448864
0.8691795099017215
0.4196855145025302
0.4764197932373788
0.8925424551459744
0.7361863700791601
1.4802258712562562
0.7971305103501832
0.5230295124282976
-0.09834514699794661
1.2144829094900975
0.23298338011984585
-0.7980322480800506
0.3161324046399906
-0.8986700889453181
0.40323577495057783
1.1365396266749457
1.6920486084511417
-1.0051508008290924
-1.4062115145776297
1.4943121203004108
1.703971573493299
0.26804843214457663
0.41618441977914644
0.6561092936459771
0.7725764361135803
1.411977758385643
0.9931570880815459
0.20336488476988296
0.26520513714541594
0.13756071670429076
1.1110902778947156
1.577129544673481
1.0493958974288096
1.0680273574700947
1.0317102365253148
-0.10629966329665669
-2.0884413405242856
-0.4329057757502325
0.22115944147830238
0.18289859510698717
1.9301745858042048
1.1140893985639917
0.9904106433903226
0.2517238919816251
0.501021955282019
-0.13553892803259374
0.6276276151208362
0.32855787318949287
1.0465916209350408
0.56820521218102
0.18105985243621775
0.6635499599744837
0.09189548135314121
0.6396518628993457
0.45950559563063975
0.19224322484675568
0.8734419351625367
0.7410067758046817
0.4518256841071129
0.1815974359934301
-0.39866868004451206
0.9033599826496108
-0.4264144671180462
0.9509846602495191
0.12998809542074108
0.6995176422366182
-0.28277573466068195
-0.8324918696955816
1.1120025255990944
1.201198661662796
0.7916763085832799
0.5188447570471826
0.5756479751995451
0.09179981340041642
1.1674318795888667
0.32904510756144467
0.3378786367192557
0.47507753697331845
0.8206439285479832
0.305819804211387
0.32781116770080687
0.566193570826602
0.7199795698518058
1.53999199970231
-0.15051635557899462
-0.8444593900226673
-0.11799606782293556
0.3112585286313042
0.7684153276836869
0.5740495579357231
0.29506911220476173
-0.26510794310262975
-0.04985435279718091
0.4704340012608836
1.3141997633226452
-0.09327338432041984
0.5596515416113573
0.10828560670194493
-0.3773440909533934
0.9926665594398265
-0.0023559957650364574
0.0929514596430073
0.003640332357864706
-0.2634295144101859
0.7627128211653003
-0.13549672258032697
0.7020310874036391
-0.013537366759726555
-0.23515821540203813
2.800988710872518
-0.3192969014754353
3.4438467397858927
-0.13837194944596437
0.6158504907665804
0.2572037761477835
2.6873577669425766
2.607831607936723
0.0022727164877718586
0.1116743411241265
-0.3692691414252931
0.8581920215620044
0.007584487870791662
0.22557276620169486
-0.003050324139637739
-0.021011160504406323
0.5292162490639448
-0.31345198828242976
1.549810238650625
-0.33675505000194733
0.002143118399969113
-0.0015068815976638228
0.09323969257658937
0.22403203320738452
0.8084998248185715
1.661711218521533
2.8233002587960208
-0.08556828304014158
1.2518865528388412
-0.03843987453671183
1.2154161469447575
2.084888119932531
1.70084068976539
0.4057226265296895
-0.7329158956169166
2.3500357788918587
0.9650192322837965
2.3756999553593072
1.3675549036327888
0.05458238773880264
0.7646746321498218
0.6735917150362157
1.9876810897852586
1.0673342436220765
0.6927291502436601
0.7394005161112006
-0.5912010521577972
0.7162324209218404
2.662499866846831
-3.113730535987523
0.7074952808557171
-4.133506613517876
2.081192814491686
0.46508201425166273
1.460250777865947
-4.370932405963617
-4.701148469171477
1.150258102720114
2.703201427567372
1.009001242882733
0.7176251670132243
1.734670537013554
0.4652317500905893
2.657325962612099
2.620956774483586
-0.14059038135122556
1.9000370175389332
-0.0013226589656591403
1.1072043074476436
2.260450249506631
1.0647066688695848
0.8705696878498206
1.8181929615276453
-1.458556090298976
-3.663694039028667
-2.2979276034031986
0.916339745081096
0.6067049747496334
2.3803820191622345
-0.21175789976509343
-0.8413179912793233
-0.1590041017192298
0.5345362506002864
1.1862438143581286
-0.0927087493527447
0.09676487913463006
-0.3835730530554097
-0.5919208785307746
0.888059286651203
0.28118205542138996
-0.22344782227631654
-0.4655533566412326
-0.4923343093104179
-0.19393476884860208
-0.6555038870210161
1.3834622728615837
-0.5356338290144711
-0.5843989102862063
4.103657067365012
-0.4202521393525256
4.158354445902567
-0.3976924362816766
0.011557970884327251
-0.22186408634453916
2.5440999929159958
6.198067521218022
-0.423855331123989
-0.391348038430592
-0.5553829385777063
0.0622242128414707
-0.2051003490629185
0.4711711011778289
-0.4227667297464974
-0.6180458348815937
0.7865626896342922
-0.403391930661832
0.9742247795446941
-0.411684236403919
-0.3160894375969534
-0.04153897459805711
-0.4820615169524032
0.043360608334415324
0.8583294189284291
5.578224719918882
1.3073367235577127
-0.5268658000874007
0.6618690217706586
4.891957269558524
0.5019701637496605
0.5725502136976025
0.560572929831405
0.043085217207617856
0.3660265113097604
1.1979874124710144
0.7399968024830544
0.36071174424737956
0.3546553219239565
0.24396820008437092
0.4308539095931542
0.7719041835783689
0.5906730511063925
0.08441347259758158
0.584687538139838
0.20824753228016407
0.9874766521086087
0.7147276143457953
0.6197531860565088
0.7829905086231144
-0.08291279814171171
0.9252436140715721
0.5193226519685967
0.3157348996868237
1.2481635548673298
1.020799994731971
0.43806887460984234
0.4109702600716786
0.3688865768363804
0.4582862396394391
0.42472100347614355
0.32346280085096174
0.3861289077816023
0.7160836020182599
0.7168787600983916
0.8262645296448043
0.27110079412756266
0.9769926868630303
0.8271302888536951
0.8474447613526764
0.8973604249915275
0.9077743759339177
1.2788072972369324
0.9530011209910721
0.47617977869815403
1.0934310743622484
0.16536906593213355
0.1289578436329108
-0.12842105050718983
0.7600666269699861
0.449361332976319
0.9615768629339985
0.549334409611588
-0.35551597070561325
1.991208286265162
1.3966194110596661
1.0559696623926955
0.915660142123133
0.042516669343284436
0.9878145306335121
1.056419520225862
0.48493972446394407
0.7790848966145618
0.6651026454743095
1.0191727601676825
-0.3054689524935859
0.5723590720119457
2.074190900604668
-2.3695134946832797
0.6485611289177218
-2.6511650115140473
1.2341025920099058
1.1334084561105982
0.7713432806724283
-1.738851655161754
-4.458627068585642
0.5221355224019579
0.5691724331066043
1.3305863870204973
0.8322783910307481
0.44950553552357836
0.7411686737039034
2.02355790545849
1.332587404306149
0.060452477502682234
1.3701673092099742
0.33911527049858514
2.050052261791117
1.9621331778327529
1.3928305775328378
2.1366336625621747
1.1722403551375744
-0.7017848874050021
-3.2862137339375117
-1.4061736500581001
2.0203714434406033
0.5883905057552725
2.2924259617896343
0.4356921919566824
1.3074844913881531
0.9785142775196995
0.3444283128848801
-0.19426641538953188
1.262346353637784
1.2471755392509205
0.2643349575777115
1.0905880489460595
0.19603895087967002
0.6622985213902887
0.09114400130916982
1.2335203186144132
1.4696412947989774
0.38321558487274265
0.8845377945122981
0.4697671586413533
1.3784108996872746
0.7019655677248706
-0.8348500222259815
0.3587365532105895
-1.0002167693303075
1.1271993918823175
0.40984410811730676
0.40865878738222106
-1.349925180359163
-1.9038560483954325
0.46885014932795366
1.8454309708218406
0.48260345707755803
0.11534134701888404
1.2850695431061765
0.9093056279141689
0.9698489693486099
0.3507026454959732
0.6359093316317228
0.4519474514200853
0.6242145666367421
0.8734424770530527
0.4160706328883367
1.497879575645297
1.179066393267585
0.6101716725643247
-0.15714161863841264
-1.728981331656004
-0.4222994277645881
0.4497905294913896
0.7193754496595318
1.088701476346114
0.16033661109289776
0.14250474701745136
0.6218433771907612
0.032851170443921364
1.1873939156499786
0.48869313246009427
0.4403199262834798
0.28369208147288305
0.014025161059714825
0.6618913236059012
0.2328759588308612
0.5951893855210405
0.3087540117034228
-0.019592888851590523
0.6996959145513791
-0.17712996763350353
0.561437515517865
0.40501481360223135
0.44603862705540287
2.015332805244495
0.1008784531828866
1.9070813235198065
-0.10039847901650858
0.6480738860313506
1.0099445219926295
2.4713203068429594
0.7479713803044352
0.5676136326782595
0.07452306393634081
0.26233310437123686
0.4340680704140078
0.37288116492865747
0.43197101785089476
0.4686514867494348
-0.10813697576348083
0.6425683210056011
0.5269109684182874
0.9451675705705869
-0.07203898738319879
0.18241927313704837
0.6342223147430349
0.0599865424986515
1.0356831366844235
1.5929129242714433
0.6228713431375605
0.834639989633947
-0.12777020317124768
1.1031627466738063
0.3912248214623767
-0.15965189736726526
-0.40809936169803784
-0.25188285548853034
0.7337935016564151
0.30559703902128255
-0.12581075915463008
-0.055063624036776164
-0.020397026947877872
-0.41083804247148886
0.7356101872114877
-0.08182694466024802
0.14292003112269308
-0.09801677950697207
-0.3233750409335819
0.5259739426950106
-0.37731922865289685
1.9338517060353246
-0.07017559137817081
-0.3453246992821082
3.465189688569235
-0.12628074202359973
3.0570642996888813
-0.14257088631803694
0.43520639186964394
0.10137690791084994
3.7831625548040826
5.629778060187752
0.1541263187182504
-0.1165864986169399
-0.17733864861979776
1.0081866146144656
-0.01248032122743209
0.22513043932837037
-0.08113479124228146
-0.13780462955738654
0.16640961076166494
-0.29842123525212016
1.2437468841636792
-0.2096950541236932
0.039406896173178385
0.015166046883271445
-0.19387296007466015
0.036712935302314814
1.0412093584069615
1.3121732395536005
2.857713638665454
-0.4318600994446342
1.2114700606301148
0.4000474468174189
-0.10163273077433903
-0.5347570955522292
-0.1783651551870359
0.6119269035014047
1.4802769346411362
0.30283682946483975
-0.12374859674503583
-0.17821009802834298
-0.47939193304323113
0.8611298096290632
0.2981032004848032
0.6238150419832322
-0.2603684959977008
-0.31011127986627096
0.6838534145495303
-0.48981988311033686
1.1364882942876804
-0.22658504104803112
-0.43456350445177805
3.6241785379147786
-0.21933127717745926
2.71961385582472
-0.11048988730999987
0.20317445531513817
0.4152121398050632
2.1185081734950466
5.670387197930896
-0.18118328681665583
-0.24885235527754415
-0.4707566806922263
0.8300554798785569
0.07948797271934577
0.17681117139449448
-0.38879413179004313
-0.35650814929716473
1.3654413998029542
-0.21472733922927245
0.654113347294588
-0.35925164673953486
-0.3690672066202923
0.19833224611835848
-0.20594786652430158
0.49774642506554123
0.890614381904425
3.625228245412873
1.4839714444171093
-0.48210832404364967
0.846320561834701
-0.00231146991844855
-0.05238869490511322
-0.597353207416119
-0.12066096807792179
0.5020871104778687
1.1918687734490394
0.011436920182505306
0.18085887678943785
-0.2236355463048431
-0.6169614102301694
0.8258652600313895
0.20555372572155073
0.20605649308190876
-0.26454387743005175
-0.39888605508530584
0.26608151615954384
-0.4755799484010752
1.8854535565517905
-0.30031981528687013
-0.47074696967042146
2.0464892005527044
-0.3638678083329547
2.2880212833317786
-0.2634633148898332
-0.05314134442422787
-0.12122926518270491
4.5909762144293875
2.5951091915794042
-0.3473545952087967
-0.16936428590590652
-0.37982129492204864
0.41594418272852973
-0.08384539716109973
0.10159673001477659
-0.3004501271040531
-0.38390209808033965
0.1688046363752081
-0.28949435550431213
0.7825381417195932
-0.35475773434626895
-0.3018547483982642
-0.35219528536651035
-0.3764474401290315
0.3456644436295188
2.022840795454206
2.824916353608992
1.3622153784302617
-0.47167030275116534
1.155820063674642
7.978293538031194
-0.14555813388899846
-0.551121756607673
-0.02032307640563094
0.6290746149138937
1.045965915331581
0.031096486857154076
0.41198849444860186
-0.17696005589194624
-0.47557540001032034
1.0947291347836
0.504743038225216
0.48791367800313656
-0.1724980673694257
-0.27158197065453704
-0.057145478828163065
-0.41011818504480213
0.5931768088655391
-0.407713612782572
-0.5046212611190652
2.813308607921966
-0.16825965904987772
3.604969167467951
-0.15926584127086618
0.04364634539915303
0.37140251395087664
3.5911112257755637
5.576035445736181
-0.3386993218804543
-0.14301032903554475
-0.3607726389413936
0.8181409028078264
0.06041501168519059
0.11751454422827816
-0.19725602093755046
-0.2863693074339649
0.512515451044433
-0.20714915295502723
0.9721046677948024
-0.26042492864757494
-0.21077221320516193
-0.08108117349199356
-0.10621860220500384
0.18924599371497797
1.144619671255497
5.529338498464222
1.529914669746372
-0.3704668460370457
0.2972482523292645
1.8561962854842535
0.342228159059777
0.8433916056236199
0.7010598855806665
0.44945328437060106
-0.19626404117173563
1.1587205282354542
0.39393140425322326
1.437407128690308
1.094340861041872
0.005580797688265332
0.9384282989034115
1.019936694290845
1.031048367462466
0.48075022185033933
0.5425745112474586
1.761538201854124
-0.31759486865729547
1.1051342411531935
2.0096230750984363
-1.6441463719417895
0.641374113403529
-1.8688539631673893
1.4416312872224903
1.040279138183156
1.7006915537638179
-1.381695274921943
-2.743094481433335
1.7234043835213644
1.8245347024938994
1.0512149460159632
0.47386577771922916
1.4189891685343095
0.1252078043907031
1.1453299654109665
1.3357521457448396
0.36749206060129286
1.2436501646664424
-0.06483444815399106
1.729109269264422
1.6349638188488953
1.6261660262662887
0.5818970941417627
1.0311960513146763
-0.4668731686340003
-2.586426008132509
-1.1836318823047114
0.752978625468703
0.592492913237407
1.1454666039617463
0.014030120216513259
-0.3744111793872738
-0.11379073933188776
0.5856978834409735
1.5698408989324137
0.3668993762873456
0.3227830681661571
-0.0028788786549951983
-0.42025166223308197
0.30117159573634067
0.5992097621821204
-0.052285104023428466
-0.06238365138866048
-0.20853973587049074
0.5542493571865226
-0.43827196041437066
1.080657287721726
-0.3711947733081946
-0.37469804117040295
2.43824487272336
-0.25940786869467425
3.308053538910235
0.07359046576884348
0.28957475989777826
0.17831032738427788
3.0941418915411556
3.9390055736084246
0.16673126786919618
-0.10024337538989125
-0.24564157552059163
0.9620685275950207
-0.022792809837371586
0.316773956777727
-0.2577994771353315
-0.24253527694447077
1.0290161257198314
-0.11019640473998299
0.6193603677291376
-0.19761551928840362
-0.1077724548646043
0.0955454653629256
-0.12480965156963031
0.49618125555046827
1.3000614850885608
4.581751817695556
1.1327921613454608
-0.16719347519560002
1.192030697638558
2.172825279325013
