Architecture: k-jumps
Number of States: 40
Parameters:
0.4899839156927467
0.21810091115360963
0.4945222916004741
0.16201690476773545
0.3104838502373789
0.41238337527251734
0.6513629307596408
0.07448828231540183
0.9984737725380264
0.6256600586087105
0.5564888489627907
0.7525738959445623
0.8725201316132101
0.2077234822559615
0.2878210168924943
0.5489005084875237
0.40483545732883497
0.2692463954400478
0.3047087084665423
0.7502844745778066
0.20108792609406534
0.9651937285661567
0.01109534550461777
0.09768935928991551
0.917275601314043
0.3764815190051908
0.15649762201221784
0.5619797817955328
0.7605036470848342
0.2714713403433002
0.6958270837012726
0.6548381059540879
0.6616147192989036
0.7012934183821803
0.08896405444288702
0.4097572498867237
0.8394441507790247
0.017803040575327778
0.7137576178253251
0.292589543187769
0.37369272101324125
0.5404149249250639
0.677574879102122
0.08604862728965545
0.4808347488647766
0.5917713842236652
0.6816793370834907
0.26399076535017785
0.9210220110536378
0.7358669832926568
0.12479128842027687
0.18704906264535737
0.49267598103556376
0.14640852399423265
0.22474777006123703
0.513211134943532
0.01858540850105017
0.46333772344894497
0.10223601750521671
0.42507111217633997
0.8217179962841089
0.018506742887101302
0.5792863784419066
0.09933224194342383
0.04764511326222487
0.6909284572027063
0.06731104971057866
0.36262248893279336
0.00524391885267439
0.355884405016476
0.9724353567126112
0.46515955124237063
0.3362001751239587
0.7021802821612628
0.1957590824851443
0.35083500602860984
0.329317204359173
0.8141214813218077
0.31701335381559004
0.6899762879458827
0.3077419895245197
0.3776469790718291
0.48318809510365024
0.5350041434963714
0.42331619938969933
0.7753620854524175
0.5533916982994233
0.5379277994078796
0.45364859246587785
0.4174795016129931
0.9226308431146324
0.5841980836573042
0.1379546087916077
0.5661756999235892
0.32213539492013
0.7678084320010593
0.003850347471468174
0.9598134478888143
0.19452610450302166
0.641353442806462
0.4344587733144052
0.619537583245566
0.18578005600524683
0.23257579701876763
0.23068816462560138
0.8500940220095491
0.4363610786177443
0.8977757276582518
0.41387604677615397
0.6505213857852619
0.7219292229903868
0.04852421916906602
