Architecture: k-jumps
Number of States: 26
Parameters:
9.972965772437739
-15.0
7.527349174498386
-8.523603819947555
6.382585947259125
-7.461572669504924
5.670764441976721
-8.790374380536012
2.841402614543978
7.599496729829604
-6.518897846426982
-3.0598243926996753
7.012706566549979
-5.437092987786536
-4.54207618691841
4.294648724787582
-1.149939972138199
-3.721528646124346
3.44118932638362
-2.6194347073977244
0.613648569499767
0.4268914898397788
-4.022327926254561
-7.33940468143914
0.6247892919863175
-3.98501001146298
-10.07115713033997
2.7059946356643874
-0.6131291566156012
-10.255463932554829
2.2743702735086657
-5.90058389301433
-8.947086470855137
2.638855489559196
-0.41491627514368334
-3.610609987315192
1.5499290401864592
-0.39385960163644246
-9.88408675025327
6.658530398757948
-4.462096521698383
-5.161128540769644
0.637156062541258
-0.317129843917885
-7.365411185229916
4.628540977765076
-7.896370122858186
-6.73821029943094
11.213005719173811
-9.267246687827093
-2.6504666549101144
3.39394888682446
3.3156043123051036
-4.542711333645758
0.3758397841679158
-4.535429517821351
-4.9671469271121875
0.5061078392650828
-4.070847100776845
-4.540178955642095
-3.213153647431506
4.087184094791542
-2.3010155530904526
-0.12780819585471473
1.6596224360376457
0.9354188458001573
-0.17183420136267527
1.336072000259314
0.6256100860979016
0.924767833066436
-0.7803283034639571
1.3109794946704445
