Architecture: combined
Number of States: 14
Parameters:
14.936949066663786
-15.0
14.934199824822514
-15.0
14.92826182841779
-15.0
8.00036503851499
-11.254008599365788
5.126452997006904
-7.933861368171522
-2.480586817917839
-5.519413009643634
1.4084637502681687
-7.656236107237555
4.884716364634092
-10.426350774006199
7.614075821825946
-10.649780745508593
0.49473181855310305
-1.0390163343896233
0.35110032828123183
0.4002722760413908
4.1844224959410585
-12.04937586343573
-2.41940240367944
-13.421238277382269
