Architecture: full
Number of States: 8
Parameters:
-6.23281695864828
-1.7725568741458402
2.5173295720615165
-1.8828296954945944
15.0
4.652020616858353
-15.0
6.070660260584395
2.405517002623664
-1.2778052074505435
-6.464341319529554
-7.149363990678156
13.360170612650215
5.011813459220194
13.145802483595736
14.185011315235071
-0.48718474249298516
-8.235713970242958
-12.551175958987704
3.1776570508808564
3.6981762130152194
1.4676585133708213
13.961551689186706
15.0
-3.0299174411026732
-3.244943831246304
-0.18170857210321684
-13.525378156197494
-4.312682463967311
-2.477972935394556
13.829351015131044
14.867796251641824
3.2174990430593464
-3.7916940471629754
-4.138232283792305
-8.730641183543186
-4.737307319322505
4.717194058435138
13.493749920530531
14.534451395012145
-15.0
-15.0
14.706064833503035
3.3209305116010257
-1.6968083774720804
-6.5162988015591905
-8.49808805555001
3.6256065242439695
14.549092686147363
