Architecture: combined
Number of States: 32
Parameters:
5.818931985686128
-7.769203622077868
6.8721269290415785
-6.834488211572114
7.240838900816931
-6.505432555811763
7.310868995473931
-6.437010908842006
6.290629888265547
-7.398621389342516
4.858010525961952
-8.407819736513657
1.229245135946763
-4.021617566223706
2.0097754172259283
-4.567650770854672
1.6116504963446872
-3.0144104471206123
1.5093473377346336
-3.513281963140109
2.932103812577449
-0.6913797893674504
2.19545330926889
-6.03857879978036
2.0550420068803796
-0.933539923050174
2.573168359693232
-0.08423183066816733
1.4537546814066178
-5.019179287614228
0.6633110466002871
-0.5910698856844991
0.7185489510126559
-3.3148957379672255
-0.21410515722645
-0.03617042478760811
0.6736478486372737
-3.2195477351179704
0.6942709114899781
-3.693239715416854
2.7274621058491553
-2.3974733742478067
-2.389773239112879
3.696104027788195
-0.16014512583995624
1.853059963216209
-0.2379563990713656
2.1667095042193525
0.251115173487413
0.8796331593039584
0.2491184399636309
1.3663889602243429
0.6218908721009915
0.7817603632940536
0.7171001696719187
0.23066069929745797
0.2772496688540911
0.9939975276855889
0.04891547809574673
0.9743809939342679
0.19964056384274378
0.9596343088156805
