Architecture: combined
Number of States: 30
Parameters:
1.872293139216151
-10.394519765241983
0.8998788115388625
-13.183820509658547
0.9059524968242924
-12.781105964310008
0.7369153062844004
-11.356534689905585
5.405115820896624
-7.209430037173256
0.8741009419624378
-9.955802242712604
1.1326867532909228
-3.412004407269157
0.8009406803347829
-9.164808836945749
0.8473613871954209
-1.8115593301307158
0.6999065651613379
-5.866565785480678
0.4120009789347465
-1.7486297243894193
0.08486794119927644
-0.32955154923402746
0.23343418697827648
-7.0591814629969365
1.690973403541661
-5.477386243027855
0.344731965853687
-11.156597781742652
0.18796209685592882
-8.881115254950352
0.21414312729681953
-10.241168834657728
3.1540707919401823
-6.889521808174816
2.3471501225400337
-7.211231165112058
1.5730316821169879
-7.321286544934482
3.9078024680463894
-6.003294550056986
0.3573701884035751
-9.780249356470627
0.32954846899630913
-8.134904393885803
0.3910100317576493
-4.025170420447533
0.1525251679513715
-1.7979117912842386
0.7646955774683978
-4.743167963616822
0.6431571394541
-4.927141979983887
0.822006061192444
-0.8655237239981747
6.064854040719301
-4.872653196748017
