Architecture: cyclic
Number of States: 50
Parameters:
-0.003246668735075754
-3.8205838245708037
-3.516335397933683
-4.03839087697692
-4.087492908043391
-4.005344732393843
-3.706615312796033
-3.9417068580032617
-4.079199104007932
-3.71947171012648
-4.061008915217812
-3.687217505393875
-3.5922504562482893
-4.005663055931064
-3.697719932621632
-4.028410923536687
-3.6390923640494406
-3.8266842271114925
-4.039429685785783
-3.571293832304646
-3.5494552665149226
-3.6978925095662167
-3.600750181720983
-3.6211972226748466
-3.971323783488672
-3.722450266295906
-3.8650439199845756
-3.5748684957658057
-3.6534888451927987
-4.024673676681674
-3.704710414129382
-3.5567364128940624
-3.9592088892022628
-4.022583214832007
-4.038487713408012
-3.8263662806128353
-3.571254860383773
-3.6279205733326543
-3.8844256014052583
-3.754154404431243
-3.605868260613806
-3.9705677001028232
-3.9097158077383174
-3.8032012823671546
-3.8144368388224925
-3.628723281893256
-4.014399606084079
-3.7615798712982564
-3.970618024740126
