Architecture: k-jumps
Number of States: 18
Parameters:
0.5214186713181457
0.5995899043262068
0.8006258904128307
0.9137323723224381
0.17243556669468785
0.3773458719387317
0.005132994318262529
0.08136262668504912
0.37910179041490544
0.20432351901087564
0.08012403894906861
0.7976528801764261
0.6170308574441078
0.11615695868850129
0.6592154391953505
0.22789369840196805
0.3439235218633241
0.0884861808604378
0.8858922706463386
0.20108639066526068
0.22592506781568544
0.08374644328221814
0.04711420882958217
0.9340421541875625
0.8128945415318388
0.49510790897801615
0.5328546189625855
0.26539156762630733
0.7797161489158403
0.8160365583078898
0.17994567189226496
0.24042044234305682
0.4461046824909337
0.20575730082436394
0.7767529467500045
0.7707864340541727
0.2266096855548385
0.9144123671804865
0.7413956687399745
0.30381423607958835
0.7419729275398038
0.06249282134294898
0.8645359463487787
0.6577946520526979
0.4314706694719147
0.0462101442249605
