Architecture: k-jumps
Number of States: 18
Parameters:
0.5605353681818473
-1.9339407491639955
0.556752522801964
-1.84525018767405
0.5379444619985987
-1.7896836457701435
0.5509168644619055
-1.6684809358710773
-15.0
0.49745480948443116
-1.3513087693352184
-11.603299687918506
0.628547280995243
-4.632946990629298
-9.78481276242413
0.18568890310097938
-0.4363464773603723
-8.978313478500024
6.7895013289196875
-3.9862052534250036
-5.994534335332562
11.438875157093236
-8.178296545376497
-5.157954096278232
0.4065034402287122
-0.5141225366204667
-9.637449594263392
11.503870500310683
-8.22524708309759
-6.8623646937409015
7.466833858464248
-2.2813683820636266
-7.228939725090174
-1.8701532160631502
7.832318068186485
-4.330225897402708
-1.2181396686508497
4.105599867087576
-0.6132049970734965
-0.3725215282554684
1.575049723256381
0.035537445630447424
0.3193545960577042
0.45338201746623924
0.062130461790699594
1.123232900792941
0.824008250775098
0.8207525735978128
