Architecture: combined
Number of States: 22
Parameters:
5.6409059997473685
-9.061836931475987
5.948040994883385
-8.750000229250794
6.511628384187195
-8.262165820673578
6.6838292619211535
-8.265093417659886
5.389325977848215
-9.383276714142646
0.9118745868295337
-12.194728927291827
1.5418255108015322
-3.4211611748390354
3.6463738512833936
-4.98145370680325
1.711399652950245
-2.811927102482681
1.549816662384379
-3.539000782269853
3.188160374319141
-0.28325307008009337
1.8831406298651943
-6.55590479494963
2.2401192663963463
-0.8435484121504028
1.8196529701556112
-0.30725747145806553
2.6118183114267937
-5.605452511534039
1.8004502136196212
0.4034518405666742
0.22388880670725939
-4.136128608850965
-0.5526717112229894
-0.4317849177540437
0.23449325934135642
-3.677120557767365
0.24733265191011855
-4.696215953869611
6.198046085626141
-5.408346252589032
