Architecture: combined
Number of States: 28
Parameters:
14.999913777998614
-15.0
-4.039732353467839
-9.062034695274033
14.752086327267314
-12.819081095822701
15.0
-15.0
-4.0722550450772355
-10.410375264343806
14.222583522191314
-13.418697110897444
-4.8884790189720215
-4.715470227624544
10.956594708487211
-11.566502060198276
15.0
-15.0
15.0
-15.0
-1.483040710960583
-10.917943210127902
6.262973810031389
-14.596055005896533
15.0
-15.0
6.493151693890768
-12.102221251862877
8.417389504836313
-14.410653877491194
15.0
-15.0
15.0
-15.0
-14.591905060402889
-6.442605268245355
11.964597622407975
-15.0
15.0
-15.0
-9.101891629597253
-13.7410708465374
8.986947663184525
-15.0
-5.118037384694288
-14.630334412054527
-4.058916535058011
-15.0
1.0718426511902859
-15.0
-6.528849586240282
-14.706228978802915
4.961286718160386
-15.0
