Architecture: k-jumps
Number of States: 12
Parameters:
0.11583779960319474
0.887860477111727
0.07549332971869827
0.9861159558881328
0.3954214320168269
0.2417310472500035
0.26821802451893695
0.07341404294809595
0.13644122012488313
0.7601074306373377
0.21904362357463902
0.36195569105288494
0.6329289805922024
0.4141482464871109
0.4483690609479829
0.3425411222572786
0.6868958429763643
0.4812035942499917
0.08819400952405332
0.10503451843601574
0.2561076928402586
0.4211474187556228
0.7360769248091982
0.772454588975458
0.23414169841098875
0.5947678060963931
0.5249379630402382
0.47014668183214137
0.09359586302516476
0.9095189786207586
