Architecture: combined
Number of States: 50
Parameters:
14.96462006737328
-14.912273676619323
14.938851884638861
-14.958739172234166
14.999829088749031
-15.0
9.043216575548906
-15.0
-0.1529499716664511
-15.0
-0.15909283654230202
-10.113617236134361
-0.22206677131451433
-3.28481808671477
8.464578502368704
-13.46506655468781
10.288330983224645
-14.916705546609332
8.835731484607448
-14.969357659686615
0.11926219608320754
-1.4487697892300335
-0.09080207813012774
-0.6225912796441004
6.928897227017616
-7.726778865106247
6.29932490653956
-8.968714857046137
4.104261478149001
-5.79803971589914
5.4573427002602175
-6.426738389066263
6.022942261707168
-4.871258863175286
4.359260796321664
-6.215180365556845
4.521176803508954
-5.8015297891645465
4.45813076613912
-7.619756933421527
5.762536782700482
-5.356998342418748
5.027008385167189
-6.232141573009343
5.068718295062964
-5.640818641234308
4.682060149145301
-5.02852763472431
4.023235170511714
-4.75939122033575
3.141525239697453
-3.9209392587495384
1.859473059114695
-2.1540053619890838
2.6624601682577484
-2.3616475844148233
4.49717445626946
-4.523191281355216
4.225112509092153
-4.931571288429678
5.809633104599316
-1.6998539598553373
2.818287236782977
2.49023411722535
0.42421149420971205
-3.931350809538597
1.1569239009524013
-2.082321134701962
0.11472701273939623
-2.0536944014789302
-0.31218828070776633
0.8978252623650201
-0.3728848516644738
1.2902552317289722
-1.3381625162196682
2.292097412442436
0.5648680044252662
0.7695966946364534
-0.24851735793853857
1.6421965607940088
-0.15866944295064067
1.6240190173795415
0.7448313623484857
0.7089239559182104
0.5740944037067109
0.26045719868170636
0.19801314565398445
1.0007262536182215
0.2688145791676301
0.41125715756156483
0.2557758360005674
0.5543449009197813
0.5218091360760359
0.988023707136799
-0.003920121961841593
0.51415034093645
0.5287456881125837
1.0967846746188974
