Architecture: combined
Number of States: 16
Parameters:
14.951535171983524
-15.0
14.947089985843643
-15.0
14.928353963371793
-15.0
8.696150412540103
-9.895436981568205
0.32263502685882844
-12.703112956066084
0.29584250119176125
-11.123060781409373
0.2416663454674442
-4.0652676418760185
4.946313730054827
-12.537999790224706
0.16738542764738054
-3.122851605683326
0.14606072800498815
-7.546230026703715
0.12437430919669686
-2.9192307910424695
-0.028114296572354737
-1.0084386314960188
0.04444449596631342
-2.29993150194392
0.127276789537421
-14.52164366827193
0.12978838195423995
-11.832727441959559
