Architecture: escape_chain
Number of States: 26
Parameters:
-13.518736829963371
-13.590699289827173
-13.544680361022928
-13.506409353778109
-13.578861333562124
-13.573979814146524
-5.535011092454848
-5.516428693974222
-4.009365425010205
-3.687870820296823
-3.3545648743487333
-2.593431242458957
-2.1652235148108363
-1.590642766136687
-1.3254054720241506
-1.0166341113021
-0.8351604751801379
-0.4902859669848248
-0.5642351433092349
-0.03631923639629201
-0.6346062837219978
0.1383256944286425
-0.017293735087451204
5.90482119677055
0.636607954395381
