Architecture: k-jumps
Number of States: 28
Parameters:
8.011997674750589
-8.176965471467641
0.24539245578514768
-11.874410532928366
5.4562553001800635
-7.910531707710615
2.511515658582265
-9.027236112115132
0.5141025746616203
-13.078277048347182
0.4539543498365486
-8.399179550131842
0.3057185791679482
-3.477003330761251
4.2023922718094475
-4.0428168901136345
-10.550312305015725
2.968239279059878
-4.391973105163285
-8.880786863835995
0.12306181310523642
-2.6761190985833028
-11.383889377710512
2.1179502844145053
-1.7162524316566465
-10.165626455905521
1.3830054439566208
-3.4647854456747997
-9.915155609716455
-0.06260365012026593
-0.9147347568410137
-10.653597698223246
5.652932289842186
-4.831481787401417
-7.124582773672767
-0.4437861103684336
-0.6893130965408233
-10.962455829157422
4.004861144515608
-2.8343241489687347
-8.515393581277413
9.89050510002932
-6.876028902281161
-11.197356084464152
8.824762171826757
-4.271373903258454
-8.918307407410428
1.6315354406106481
3.2017611529573315
-8.820979445255363
-2.069726198534638
7.598728538378232
-5.973976310969016
-0.0037898820778978267
3.6037781332989955
-1.878173643366173
0.27220697289278895
1.1245252893791877
-0.15506283520251984
0.21152341253342608
0.7897135668064521
0.034954155086617936
-0.009870458833256207
0.43157720154772405
0.2765577808941919
0.7247450595457918
0.9135833084066464
0.0911594155736293
0.17167823285305964
0.0324518913051266
0.5128068896981194
0.6614083753160734
0.3697773256156794
0.05323139785872269
