Architecture: combined
Number of States: 46
Parameters:
14.970294426064914
-15.0
14.971012343221767
-15.0
14.89427666290173
-15.0
14.883560872593995
-15.0
5.715057090452985
-10.087963518704624
-2.195198243665863
-15.0
-2.1951090317522968
-15.0
-2.195987525108052
-15.0
11.259889848664677
-15.0
5.151168916179018
-13.072286424078532
3.9808022784143895
-8.886807406895947
-2.195112275366329
-15.0
6.328872989826731
-9.020220684595156
6.3545081267295025
-10.095546501120776
-2.1951574931570583
-15.0
-2.1951208016800012
-15.0
-2.194024855819428
-15.0
-2.1951541743705043
-15.0
-2.1949771066521615
-15.0
-2.1950696963508753
-14.624464703289476
-2.1951280447353705
-15.0
-2.195123824664227
-14.307382764349097
-2.195755710578416
-15.0
-2.1951366816430458
-15.0
-2.195111174741355
-15.0
-2.1950145556374157
-15.0
-2.1951145495689652
-14.64828691371526
-2.195144741435014
-15.0
-2.194291183421806
-15.0
-2.1948606375195445
-15.0
-2.1932361999211016
-13.02275673867173
-2.1953866880540995
-15.0
-2.195161907566866
-15.0
-2.1945474200072623
-15.0
-2.1948373311616383
-14.011421382078133
-2.193473697864956
-15.0
-2.1953883685210744
-15.0
-2.195198761351974
-15.0
-2.1946093885207674
-15.0
-2.1954862568328517
-15.0
-2.195108965804746
-15.0
-2.195197648993052
-14.53954702324264
-2.1953393009245645
-14.999964313491692
-2.1947953428133746
-14.898620754705977
8.97163530621661
-8.52522936819716
