Architecture: escape_chain
Number of States: 30
Parameters:
-3.4086941312279544
-3.2535818233352685
-2.9580755360463526
-3.0004892213145484
-2.605959894955889
-2.925859219882066
-2.3678980202286923
-2.62640219694762
-2.26112618242591
-2.7689046373251336
-2.1603995866477987
-2.721170931269474
-1.7754498933478053
-1.665331060105033
-1.0659046038388202
-1.4597833176117354
-1.0853267250811112
-0.925852546885357
-0.5007602535778878
9.744914756088372
0.37718005352528206
0.770543282955248
0.11786812703733751
0.22657013006025695
0.625283573574032
0.4642751552744341
0.7242460779526383
0.25146755641405705
0.2433298081162646
