Architecture: k-jumps
Number of States: 16
Parameters:
0.6178709559683255
-14.874727589825872
3.3503819323815143
-8.533536469331567
0.7130111101987441
-9.394833050158335
4.605442430819026
-7.947890663112354
0.6769344890214656
-12.671020653403517
0.6569846870029228
-14.999998622939398
0.614448631291966
-3.3378708104576744
0.3161348175927774
-11.240759150440546
-15.0
0.45917084052170765
-2.9919400422648113
-13.485561277522326
0.21018610167404417
-2.7328029699146876
-8.598801625827914
0.271530250033898
-6.043184374987518
-12.142231291444777
-0.08122644714564134
-0.6330028660786263
-15.0
-0.03843597577133483
-10.603248709770098
-15.0
-0.07759434772041755
-6.522924693319035
-11.853804966851756
9.580298455801406
-6.329305283240267
-3.5249111628408345
