Architecture: chain
Number of States: 36
Parameters:
0.7154452004466224
0.6218721992197057
0.9037293287089765
0.04426216496004787
0.737044495773008
0.5865352545926774
0.2757565046420103
0.48180844388564315
0.3422673671341204
0.22575885644372296
0.8414176451687427
0.7165266257756542
0.2771759828068585
0.7504565442914298
0.6230690582561014
0.7170694973024684
0.9256631239910693
0.008383456592025995
0.4444636419342589
0.754466873504256
0.49068666751424694
0.7801493269162837
0.7062280675345246
0.01148638704983973
0.2518208956629341
0.06696823677526509
0.45595838841259595
0.9423066557730609
0.708768593147426
0.14219264960408196
0.5970000769892484
0.9226628443683557
0.18311046170675027
0.14873639948160478
0.7447989135860389
