Architecture: combined
Number of States: 46
Parameters:
1.7175524845175476
-1.0605111095047481
1.7340948266928873
-0.9845400257985223
1.6957197715326338
-0.9508127934951511
1.7036000728010414
-0.8707370753997263
1.6909315225017776
-0.8017249300613594
1.699121079338445
-0.7006712352061711
1.6851167390853943
-0.6670967792186594
1.6279351844726375
-0.46390336198231946
1.7581948863068446
-0.7028995210860758
1.5048955372679866
0.10730523914853012
1.6545179070060412
-2.094425657585629
1.7605935330812237
0.4055499473691986
1.551430427468867
0.8232186392291596
2.2642486097717995
-3.146102775108091
3.5049098756051302
0.46833145643211804
-2.101178013047232
4.184838849707704
-0.37720049448161674
2.2242339070831147
0.6864177057678834
1.373612752108705
-0.02760458565037245
0.7835231644396435
0.8747288027129845
0.9208855452858555
0.11617257157901695
0.6089770597176359
0.13925236367860905
0.6648955870043706
0.6816630146344443
0.334217555743201
0.21055326425949206
0.2712250602007612
0.51449568457637
0.7520996900718553
0.7540105913179951
0.7180753903274859
0.4515008476398019
0.9320237769528644
0.9493512020909
0.19078434938093136
0.7810509522552327
0.7897994490678539
0.2641093174673923
0.018181196271827793
0.34222738797101326
0.16631152001079608
0.24003917768827077
0.2526977186141295
0.532717480597328
0.10431657657234417
0.3730638730811644
0.4310955400985751
0.933357281421675
0.9663238721325448
0.9960488662813006
0.8458429404042328
0.6174644496618124
0.8066015946507533
0.12186827868999572
0.5158057895287104
0.39486252337169414
0.7611171528830861
0.9949430791213968
0.23431568488651566
0.4252215162904198
0.18128020822407875
0.5270111122030192
0.06576874839903235
0.8452184153223244
0.11146734940251357
0.25192039269383293
0.4835816813132493
0.14132375992392288
0.08179597657722826
