Architecture: combined
Number of States: 16
Parameters:
0.48937127171132555
-15.0
5.934223737508524
-10.213772539642543
5.589437972707823
-10.723261380404079
0.5777244482927084
-12.445837480745459
6.779235960465378
-8.093759637976149
4.617537555099555
-6.922648483128963
0.5776480274395889
-3.8401085091413436
0.2146988358766146
-9.75912769505072
0.1498578840240023
-3.226931103355303
0.1885281188832709
-6.9813651757980235
0.09699627843416674
-2.8083680650734797
-0.22835773220230599
-0.9213017049877928
-0.06302838871398397
-7.03633974206189
-0.05889091333033078
-7.616749470875527
6.106915808870543
-7.421889458536162
