Architecture: combined
Number of States: 24
Parameters:
15.0
-15.0
15.0
-15.0
-9.317243908157968
-12.046383844315578
-14.018993906964397
-13.565285012397124
-15.0
-15.0
14.447321550599478
-14.080736241091484
14.145140996483052
-13.997618255479948
14.449943287182956
-14.250982733233085
15.0
-15.0
14.248314881635766
-14.786142255393992
-15.0
-15.0
14.428218576006033
-14.796706341516517
-15.0
-15.0
-15.0
-15.0
14.013477973733728
-14.804735936902198
14.087501568951625
-14.886790418339894
13.505697602247368
-14.766277632727004
14.348627338423027
-14.61081247538082
14.372022024447856
-14.66946624551818
14.218750951413393
-14.279458229542184
14.259743163382664
-14.185693490424985
13.683949594564627
-13.950531503040636
-9.881791049841217
-15.0
