Architecture: escape_chain
Number of States: 50
Parameters:
-15.0
-15.0
-15.0
-15.0
-15.0
-15.0
-5.508149762563135
-6.222442062707992
-5.107889926380883
-5.101720212465316
-4.230693912506973
-4.388630836857102
-3.953821841298332
-3.060455521679582
-3.063528929918538
-2.621498215977872
-2.308233657360054
-2.4819102545886547
-2.0866836713834123
-1.6345223640966369
-1.8118649937370908
-1.7754127873092982
-1.3734898337590893
-1.1541612938790615
-0.8151044837065559
-0.7922580472634336
-1.7239964309781644
-0.49900565817556647
-0.2860522700129155
-0.008126296595376512
-0.012532218869335948
0.0017863926415845881
-7.754886207006318
-7.735321319075265
6.598722994936251
0.9770634088963593
0.6920249735382283
0.7795378162227345
0.9153000440553678
0.4257730972850956
0.38909494134795364
0.7426852637235931
0.08750529354638725
0.34441586763497467
0.20223113088866085
0.9277292643310585
0.23440826300311535
0.6254728591440822
0.504489027166662
