Architecture: k-jumps
Number of States: 32
Parameters:
14.999932031640835
-15.0
14.228391868077077
-15.0
10.11765540996192
-12.320337591809194
7.068528315293568
-15.0
7.814005638821296
15.0
-12.062928088075958
-7.938383154423429
8.643603776426444
-10.361608764036403
-10.490853578793313
7.247003546931616
2.9697959403906093
-13.892494292001407
0.14833058599042617
-3.5151110916518356
-6.63346138327194
0.24553585876870743
-2.3085673505207627
-7.273520213117773
-0.23899450851641346
-1.4844864837894103
-1.9373741541019074
1.43538159979721
-6.115876138172542
2.0955683473850324
-3.9773820120445293
5.45255350067215
-0.8532350752878983
-4.870651145414692
9.510051820093246
-1.0683558886866913
-0.18879927068640417
0.8142165489939943
1.2417069615215046
1.013062439622447
0.4945695205236026
0.5592263154234923
0.9403017941631414
0.5156362452574226
0.5884455693363092
0.8323270533592413
-0.0075438819410795265
0.38386931860109497
0.8087973591766681
0.3698494173427233
1.0270867368628427
0.6249017899713633
0.7654295970994448
0.4677867374807169
0.6258830433221512
0.762977198314669
0.0713979816460732
0.2675897746255615
0.3611689792998634
0.7124825339390581
0.33440844379513723
0.00026941993394558105
0.6380135139310913
0.1222446428750364
0.12979714426868666
0.35707385833304656
0.7822269368344568
0.34958465926747323
0.8140089460329745
0.17672132296149962
0.8195525314685995
0.5103509369045275
0.23239451823773583
0.522810576994867
0.6190371020943395
0.053927510725470196
0.9956929635750655
0.7739756894244806
0.09612645112207974
0.18331411277414483
0.7740177531321173
0.3728154018597839
0.8811545140331489
0.00212972372442366
0.12900091041645823
0.3392851435942834
0.9686262501660882
0.1563817548582278
0.6641685748186958
0.9005836931633476
