Architecture: combined
Number of States: 30
Parameters:
14.957250758842894
-14.979382799052235
14.943373321197852
-14.975458513867936
13.271681722873018
-14.907915247003535
8.124759317862125
-9.859766509863254
10.006080909528134
-13.00253865970805
-5.052870588911416
-15.0
9.306526512339179
-13.01384032458191
12.551800887834686
-13.573875566268741
4.359796091814013
-8.79666146952753
4.306000482112131
-8.892486420117416
1.8814860517781862
-12.268082166008714
3.671819054000956
-10.835617838414748
7.822678632794658
-9.843623622197331
-1.000056771925344
-5.066455025848351
0.08522059906546588
-4.260642153954966
-2.5738617161638917
-5.450783261313725
-2.7805197486905766
-7.880893771900553
3.698668674242476
-5.09752156760625
-3.03464444893358
-5.394514872305167
-3.9371322438898444
-3.387715518409811
-6.7084647952313405
-12.761022093335612
4.74451083442854
-15.0
2.054053161521983
-5.589809143901055
-1.11159501970785
1.4410254018508641
-0.13006071013915763
0.8631632733999115
-0.656343661940503
1.9041153441509944
-1.1212994818657118
2.069380118908873
-0.4355511038477531
1.9173809776272739
2.967610873902543
-2.276526606763038
