Architecture: k-jumps
Number of States: 38
Parameters:
0.5091972972366882
0.7762097547023906
0.9767476173268744
0.5236241056577006
0.4296878547910554
0.12950255121090937
0.5204743819629817
0.24837170402607034
0.5682138795419288
0.5935258475074618
0.2720530502352456
0.37311054044981584
0.5045966329611692
0.6360296821554705
0.894203176168843
0.6911460212765321
0.26080114540949473
0.5792849827607228
0.09250874770421469
0.527930184013231
0.12332717863467746
0.3139906836582318
0.5465818770893951
0.5207277617593662
0.8132809869080202
0.2589529166537875
0.7985910908988786
0.20545229861584768
0.022180294270677914
0.7965210652328089
0.9631146744064338
0.6026240043542902
0.013578704997152857
0.5398915167609634
0.6404106095951564
0.7841313461387978
0.757151286791309
0.11587210817149607
0.1540399134024154
0.9321027319500391
0.16204635668641065
0.6134506593281595
0.6265454086879231
0.2293445740160016
0.6323761338137698
0.9137633162130671
0.8904932004601339
0.8242532508000368
0.12845125917619915
0.11633135816711437
0.22648323861539177
0.011250594529750635
0.45754440304755484
0.9181429949201031
0.6598713001345736
0.2515570535666575
0.3399852631507577
0.7890279025884493
0.4746575955883088
0.1217693736130061
0.763596580603636
0.15430575684548797
0.47723779500118346
0.3664533196552139
0.45428242433794686
0.2570936890456872
0.2814240119803141
0.022913934452228335
0.7591490369617778
0.03652116543620387
0.6404383443211991
0.874156641238726
0.5493154586857776
0.8944253957479102
0.2692912210761753
0.6937057120126195
0.38463277317275646
0.5173144284710758
0.583828177938252
0.24947786801968108
0.6853722728001067
0.7830504400667136
0.5341016972793752
0.6056006662854964
0.38596424343846614
0.7479262262499525
0.4578294623594248
0.6774451510233229
0.9965161353680053
0.7627399380089189
0.7714006261013725
0.2771443410497424
0.26971002603641026
0.8619408162169682
0.14829937340821397
0.9847706760296879
0.13537268469145436
0.9985045917011012
0.8572439739580962
0.9949462078685252
0.841956079308164
0.31025812415382026
0.864221684239218
0.5197078626684837
0.020901739160158583
0.08469611308068181
0.3024201629945623
0.837248194830807
