Architecture: escape_chain
Number of States: 30
Parameters:
-15.0
-15.0
-15.0
-15.0
-15.0
-15.0
-5.479936617981863
-6.1736608598631015
-5.091388811352186
-5.079354608768538
-4.205627874615193
-4.354056139204972
-3.9148398887567506
-3.023784159254294
-3.0261344013739997
-2.57740967164984
-2.264835239692527
-2.433439798304835
-2.0302468774112894
-1.5585206185171996
-1.733045826926039
-1.6816459967350592
-1.2571640901327945
-0.9966623273264881
-0.5833547303656141
-0.4325020623442458
-1.2869331740999264
0.3485352144075913
-5.424324264286429
