Architecture: k-jumps
Number of States: 40
Parameters:
0.3271476040712571
-2.070550169373307
0.2871184673235597
-2.03408230720802
0.2945596689199777
-1.789392214949979
0.3190789312989313
-2.158255284320354
0.16326214056844796
-1.1978670381374756
4.412448833636562
0.6678232001666164
-8.330464850333563
5.785969135537389
-0.9493287183271123
-6.314901408061137
-0.14202506552535035
-0.4772033415996296
-9.088848103739728
4.665578828497772
-0.0774541451084733
-6.379234238119299
7.5655264153015
-2.7436286252586863
-5.326148658799545
6.110579794556122
-3.1132485910803998
-7.385617807997249
10.126228548460098
-6.214974575823402
-8.865843831857257
0.6706402529482051
6.366832748127891
-5.828392781495269
-0.8148013507370765
5.830555017092257
-2.943824558065978
-0.5223826663605409
2.820390246430052
-0.8215965421005615
0.0422408740974575
1.1889998275970375
0.4554394144665467
0.6147314275647334
0.4841817563300609
0.6945356926657943
0.9711481358454896
0.8295680655836215
0.33523847714978866
0.671447507135554
0.7145262690336556
0.9207178635495341
0.5155342358721163
0.25016253255510923
0.14083359447690846
0.5388752134154938
0.3131893058842562
0.9386641231873543
0.6070516585383608
0.5320581004671374
0.6153313487564357
0.09357602330426373
0.7879814499879783
0.34997860557743965
0.8140377448449377
0.4330614844662414
0.40900242987377367
0.5749829311956624
0.8967512630151423
0.1918681247204952
0.11299951533609576
0.20777309180503623
0.35901572683623806
0.4354775419344378
0.37468463965179244
0.2469405562569933
0.0692182321961613
0.8226918498652042
0.8246382215240203
0.33539505260584135
0.11772041065349215
0.3928910299985615
0.022976066847656185
0.6145752608492988
0.5507143111502292
0.29816504981557934
0.206647692502421
0.34069268962371835
0.23473705186152805
0.24718181555624286
0.3845957731707713
0.4523905961556659
0.7930519153137515
0.7786279020904437
0.7948315911568716
0.16524820595155354
0.6022266999208498
0.20005579990022515
0.033456604590027195
0.8225650254605187
0.593471883246172
0.5287363403002976
0.42483603468458053
0.13774317225715293
0.13983232343214902
0.6877541318607423
0.33675968582884286
0.43832529821513466
0.8148387801316991
0.6671104268541131
0.5773181634351274
0.6076814043814196
