Architecture: escape_chain
Number of States: 64
Parameters:
-14.722893498841664
-14.761376103163144
-14.757422754767626
-14.717312999650304
-14.692780304608066
-14.762201089826016
-6.207149278155717
-6.196634160088029
-4.698250243324433
-4.396977517580802
-4.09365421310101
-3.3662219725579003
-2.9984212725750212
-2.5333129988859455
-2.416906753721956
-2.3234970326521367
-2.4170317091185285
-2.4696909296704748
-2.942624189585623
-3.0445206624010592
-4.0487741440127705
-4.031006837994849
-4.835754678640792
-4.825322960803832
-13.706435238390789
-6.255319137746994
-13.661493061070276
-6.212956579976882
-6.220363182225162
-4.812713818408628
-4.397442988124198
-5.093684091719818
-3.6698343114075396
-2.924507123644179
-3.1710517484285266
-2.661753129188178
-2.5516048858587803
-2.1735976921036455
-1.9666470370447342
-1.8737791996060622
-1.5087821000473622
-1.0481926180227976
-1.3382851786664327
-1.5140466284887206
-1.2655857125870231
-1.520213936593918
-1.0972561696980816
-0.6037532172596745
-0.8930755766186876
-0.18122921864431366
-0.33068384687852204
0.2986120884596035
0.6911394230853695
5.458239104885786
0.2230029934422283
0.9395267122956571
0.49093652282328504
0.7088411082214651
0.7288111873166943
0.7805775486649984
0.849493111151699
0.22930224581563485
0.29806904548573654
