Architecture: k-jumps
Number of States: 18
Parameters:
7.332160218903377
-7.671453662477659
6.2826429578248035
-7.028717709805791
5.453740032738587
-7.093457777473236
4.97807604854981
-6.931596917968168
3.7224618867181194
-7.914898961253917
7.355191703941222
-9.70595690306423
-8.83718623972722
6.930485444390879
-8.369485721287296
-2.3794927123148533
-0.3684144249828047
-4.9015332898904385
-13.672843351713988
-0.3830971863511848
-4.304488141060842
-13.326216316789347
-0.39299048019697813
-10.61251030120885
-10.906392548633642
-1.2408283945744445
-0.9565842858398641
-10.128555621267969
-13.48094950803049
-13.18531882592281
-1.4853737335848403
1.5793376838280266
-15.0
2.4677733991680664
-4.566790904749501
1.2973496518309333
1.0408266373579624
-5.5013789527598735
5.997601390718392
1.397696534463625
-4.554448717573665
3.442631422276995
3.0763907683543845
3.4861169515075803
-4.911534010643898
2.4035141123599724
