Architecture: combined
Number of States: 16
Parameters:
14.954515579888335
-15.0
15.0
-14.893894896528513
10.139034635847889
-14.98626452404608
4.171787885649244
-12.028512872949351
8.949331490172698
-14.296587568316825
-6.819701443336029
-15.0
10.940822912538495
-15.0
7.511548702723651
-11.235598097164882
0.8665623196352382
-9.50418688762899
-2.594884621078923
-14.855704309824295
-1.5720845548164908
-11.069728338098614
-6.204653924063727
-11.403927645908551
-7.703903689188131
-6.387529253846309
-15.0
-2.9132331731117507
-15.0
13.06718815108025
