Architecture: combined
Number of States: 28
Parameters:
15.0
-15.0
-4.00837075901667
-14.918862498440152
3.2952560622099965
-9.055915972482612
14.999996308461808
-15.0
13.648993098980258
-15.0
-4.009967592039366
-7.468093086765312
13.919431523893682
-15.0
14.999979622030356
-15.0
-4.641247319882059
-4.751714638316263
-0.4141888523700079
-12.55867888818726
-7.763595426273407
-6.204421498499704
13.088088698871559
-15.0
15.0
-15.0
15.0
-15.0
6.160011636039678
-15.0
12.61738341507502
-15.0
5.586123315122484
-15.0
-7.061246172224817
-12.15217715156437
-0.688121667493467
-14.905922104951323
15.0
-15.0
15.0
-15.0
15.0
-15.0
1.266079578296809
-15.0
15.0
-15.0
-12.847916241573182
1.1370124521240412
-13.911318069555142
-14.999602534801188
-2.2783445194851817
-15.0
