Architecture: k-jumps
Number of States: 32
Parameters:
0.9026971444086013
0.5750769912543493
0.666742230153836
0.598962845999088
0.9684472621043516
0.2756463792044813
0.6015580438554395
0.6383685839911258
0.8198245540640771
0.07990388735637621
0.5279755919077969
0.8268983800748758
0.09031702205916048
0.23214088665049015
0.04645902361337473
0.6628018290829392
0.7527044239873742
0.7646374908248227
0.9838780680112514
0.21025854568599023
0.10406786987209915
0.5545008854000014
0.5256766377057875
0.6285132384195365
0.16984584399924685
0.5409312033720197
0.2155627202695154
0.5094123516712804
0.9798231445549462
0.6936882311320207
0.8349616482611495
0.6063428279278664
0.025452595550113366
0.41436859354157307
0.8650235095984516
0.5034214574760929
0.6227463726500155
0.9953795281394935
0.41585065791181286
0.7732471698151884
0.39073626704998954
0.9235343039562742
0.0955814282331352
0.903520018666344
0.5615624738726076
0.8545919020238785
0.8693360586683825
0.40556868917185607
0.48088776753925955
0.5174952186742138
0.28600791913913126
0.8870042552681657
0.07907004499782944
0.39157135766391127
0.5183768433984234
0.0036460537982967445
0.6583008496601986
0.05350725596167494
0.6677590579970276
0.1795117654887609
0.5306904078333424
0.8210347243547628
0.44002484679343956
0.9266952177885465
0.6251772605718566
0.22214413867864147
0.4615333434954383
0.7552619441448735
0.7393664455190878
0.8808499394675989
0.15260444877398938
0.33653816698510197
0.5855280704558465
0.6563347991172758
0.13739320310293246
0.9542400779564901
0.535330623330989
0.5051947552962242
0.1972230957775316
0.2440053368157803
0.6492941483332054
0.7883047940971184
0.820123725757207
0.517100270138956
0.6554209523771418
0.6211597087824761
0.39485755930747857
0.9227160883305604
0.29163254069709077
0.4404189761516133
