Architecture: combined
Number of States: 50
Parameters:
2.25616790666965
-0.5885025715316861
2.2491850599504595
-0.5356237949265271
2.2409825872025846
-0.4803191461162845
2.236508148407795
-0.4144358569341288
2.234937965818483
-0.3444271987545519
2.2410803174595677
-0.2602502377739933
2.103458162763414
-0.29408239026552674
2.2247184995781417
-0.10485836966156686
1.9848173131159248
-0.19724321944274018
2.049181121811396
-0.05294887813282811
2.6405526978819633
0.6532018688614563
1.789692916686538
0.015468762985094519
2.136360242008578
0.45442856883528027
1.9322744236624114
0.5913164790308852
1.857923641108475
0.9056530205403692
2.1225824594400633
-0.6473111223063102
-2.441860413642574
5.375752589726817
-0.20607383020625722
1.656859838811882
0.783350285472664
0.5007835735833813
0.4289300656488635
0.5934012811320668
0.3276926315472445
0.9401262683530283
0.47433316234251244
0.6222481022744777
0.8164794192214911
0.14576965021892618
0.3205150676404712
0.6999099034614813
0.561990707890791
0.9197722470389148
0.5908928890759185
0.48184724122662426
0.9383994570952168
0.8810582265422137
0.18937393439646832
0.037398699916802336
0.054507560230723895
0.10783997339443652
0.20098465224071949
0.25406124718279155
0.7362045448110734
0.7303563390128982
0.20543767923164735
0.6813112145724315
0.920196616380596
0.2707608572172623
0.27926685622195413
0.10127183115193106
0.7359132550496817
0.6393178339548169
0.008159708715215985
0.26055093880742297
0.2109340925041977
0.6042904625587319
0.17636117674199325
0.15893245202582673
0.27242130859878133
0.9484006166031521
0.3170306085795318
0.10454076437585924
0.5431723380116011
0.48857317306063
0.7721783041573107
0.028708904188330275
0.7622968923160505
0.5208640251840367
0.6415590777921006
0.5722281525465317
0.8652299929822113
0.8678665495364432
0.6004396602028805
0.25950836529698784
0.7110985502141757
0.5365827738685949
0.770072590731545
0.23678482709889115
0.35460528738219477
0.7964074583321514
