Architecture: combined
Number of States: 32
Parameters:
0.5051927563944422
0.8134971217965683
0.684863502497886
0.7841940747722032
0.8721252681871267
0.2005269773494961
0.7461857028869022
0.7272950326658263
0.7950932690692893
0.04548886450777534
0.21023243007913295
0.5499199172594458
0.15894045657130107
0.5197127668844966
0.2539535018304502
0.5302444885652302
0.5985003709095759
0.9600357733753215
0.5891230134615292
0.4436187966406363
0.0846165085377778
0.7395631437805785
0.1763677733212411
0.856675765431773
0.5990632733421297
0.8910389615869566
0.4068268091779059
0.08619631995620991
0.9199349313691285
0.3163243572027642
0.37436926905545087
0.8958796239374035
0.8753941420670162
0.515073753067954
0.23981992151407838
0.709273862319125
0.0799206251316038
0.6276476841390901
0.6015129214048474
0.1600885240379596
0.9303986553332763
0.6934153449996039
0.5061654229006736
0.1250594903029909
0.6119961730641205
0.617296191001036
0.9708410185954317
0.33814965717587764
0.1684171639865507
0.9133221282837501
0.9344371418595954
0.8135268712749446
0.2654508403175133
0.7426270883450381
0.5619970692858257
0.7903320089187527
0.9699355492164007
0.7001013100439423
0.6745678986202247
0.5042123185302653
0.380234116150613
0.2535059676653384
