Architecture: combined
Number of States: 44
Parameters:
6.097764644569834
-6.5359409892708955
2.447171104558508
-8.91049166905921
1.7486075546120265
-10.407808132045094
5.6871372814867955
-6.8718987813458545
6.471557841148673
-6.152624490126188
6.5727860168497605
-5.9412112364449285
1.8789457096525868
-3.9577421333214073
1.604957715171301
-4.493014115257015
1.497705926557952
-2.972251877030985
1.7166625123783175
-2.1381479058327035
1.5993337873706026
-1.687022941999385
1.487279473046489
-1.1786657056313483
1.565972767965294
-0.7388602860171445
1.3488434540545202
0.16315233680904678
1.2164749633811947
-4.689156873583642
1.1682801861632108
-0.5082379520845076
1.5453134530172103
-3.940729927403081
1.9175848486489122
-5.7151564402804755
2.0432591805238607
-4.0263839197427425
1.3520229950261264
-2.0507646734882248
3.6106791987965545
-3.504353647993788
3.7143451590382965
-5.088867056438265
2.422826122857095
-6.65638323825696
4.07527288478764
-6.273953968131027
4.278397310715492
-6.294344417803148
3.662657856402372
-6.584414318333814
4.157403578598249
-5.920225785948734
4.2446837978403495
-4.8811490740654255
2.3469388137089617
-4.525550583948081
0.916040297043447
-1.258076621614078
0.9468162883845942
-4.480384728195509
0.7781580716234563
-0.4933580894559769
0.8023172530570961
-4.8482254398760425
0.7212463174803061
-5.267951981053059
-0.6635315503099044
0.2707991056965746
1.3638664973758463
-1.7555072984942885
1.569450127575535
-3.179186346556059
1.6270877798190464
-3.9287078057621754
1.460930077167684
-4.0632430189916064
3.1748024102531214
-0.9034698496775475
-2.2956469022121824
3.7298447758065314
-0.8925658824413445
2.0924449248147705
1.821139469480831
-0.31840315097068483
