Architecture: chain
Number of States: 28
Parameters:
-2.7816147356944265
-2.5762101116345457
-2.5450718675351083
-2.5075758072036622
-2.7860076134959977
-2.5045603103435434
-2.6618189668214605
-2.662308858998269
-2.638181499272517
-2.517388221029649
-2.7628145909653767
-2.5057454808998525
-2.512542645982149
-2.7929589653999027
-2.5069543564549317
-2.6778183425098026
-2.762773573735348
-2.5076625288181322
-2.5069690572700716
-2.5069167558630463
-2.769327011897886
-2.569444724928648
-2.521651897369096
-2.544386274740222
-2.5083791045834096
-2.5068273469801214
-2.5122289571337344
