Architecture: chain
Number of States: 38
Parameters:
-1.9270763571964427
-2.077408060513647
-1.911191046042558
-1.9294241862043886
-2.0979465935540844
-1.9962286748801596
-2.0311489186888525
-2.023007755185992
-1.9334410741256116
-2.059178964905451
-2.057805112529975
-1.9309306271826676
-1.9382940013017238
-1.9081352277225594
-1.9297391646722055
-1.9178226511739684
-1.9368994117517337
-2.0825249700319337
-2.0217492588898125
-2.090157588392806
-2.085924203809279
-1.926429430001034
-1.9323674221378453
-1.9218707467792748
-1.9084985493181919
-1.9093307599678717
-1.9449407107907528
-1.9376802406833087
-1.9240505792962341
-1.9091973333263959
-1.9157361445919574
-1.9190707245982528
-1.935562014713506
-1.924285302081104
-1.9229554270813143
-2.0393407321015
-1.9754091851470192
