Architecture: k-jumps
Number of States: 24
Parameters:
6.285975873301311
-8.333454393190056
5.979946361432756
-7.819229916950906
2.227391842219787
-10.369695055049535
0.7046655760836644
-13.38713457927945
3.9662611897078595
-9.769519460993507
3.332667812565753
-11.611160765494525
-7.647631809706439
2.5943743337616
-2.332977430027298
-8.139888473254592
2.0450117484662598
-8.756560712848366
-7.954158472200484
0.311282245145474
-3.567362179528689
-9.049596823322709
3.831746139420413
-5.2803807676749015
-6.9505490365509415
0.44142059078245943
-2.6347198454386502
-10.922970948386864
0.18681007335666455
-5.509806164539427
-8.950278121354033
-0.01839000162337663
-1.2789152186944377
-15.0
0.07450854683168315
-1.802656536845383
-14.687434294741264
3.8647436544388456
-4.555413711886203
-10.154988641726522
-0.615820904487185
-0.35314929630525504
-15.0
15.0
-12.24582039341064
-10.048352933894183
11.551134659565898
-6.457259390696025
-9.088606180121959
3.982029645313589
1.373998337521286
-8.833927440325624
-2.377996256628285
8.13177021141234
-4.4391119173166125
-1.8808045874575139
4.527818108425214
-1.2756118533824705
-0.4940766390737883
1.903186422036801
0.32116077159601863
1.9941846006414807
-0.2766155582274566
0.5917224121175886
