Architecture: combined
Number of States: 34
Parameters:
14.999996051636566
-15.0
14.999631848410178
-15.0
14.999689095310837
-15.0
11.188914162028235
-14.117171202548576
4.182440885786717
-8.348496328925055
0.5138818511015427
-15.0
1.2707130176836843
-3.57398155303073
6.672743979836379
-7.236628064131046
0.9098101554786869
-3.2148928795102996
4.088570748550684
-2.855454806663949
3.3172212406833625
-0.03392916713048831
7.833910715949675
-8.594238344498313
2.4053119869336856
-0.8224964281448649
2.6780371044143636
0.5760463405878354
6.080244961831446
-8.680569523354833
-0.12848183572496205
-1.0591333215814718
3.9864223856872765
-11.877580077941332
4.776933846990987
0.08472108928401034
4.6258328799060795
4.443696911587597
2.6177493840629253
-8.942097990757565
-0.36822664967937335
-5.677829302358075
-4.629922410941147
9.115396072915384
-3.0189255864911346
6.150583719382344
-1.1239669391175775
3.7735315882391633
-1.583091263740432
3.1810890128139517
0.578043936989694
0.759946426836639
0.2053377136711985
1.1805194221730282
0.62016195159252
0.9669625157448355
-0.04537918296625565
0.39147829771323783
0.49288012877378934
0.9429619627635988
0.10741081066615633
0.661293444507476
0.18614745931167664
0.4553386024489962
0.07912289669560049
0.768836067744538
