Architecture: chain
Number of States: 30
Parameters:
0.6029552822066555
0.9521520000529099
0.8913293252210778
0.6054818929225758
0.9403117823899314
0.10365214744279216
0.0137870732261689
0.6960792356666264
0.7615459791048468
0.3800250879917918
0.022457221327029875
0.18481811142246451
0.641879278635368
0.6802578932495987
0.6725699786335431
0.029892697776574773
0.5422937733162797
0.8754214032350964
0.8362124716206346
0.7085391927329763
0.8307025264010263
0.9696900740039414
0.06761501196962982
0.2842185516240324
0.6469167930933232
0.8699815753097971
0.8443843077981018
0.3120703907927217
0.1882639653101279
