Architecture: escape_chain
Number of States: 28
Parameters:
0.03569914360092108
0.6053569895353438
0.38110832609928114
0.9293858304934056
0.4371546381052658
0.21068491631903186
0.5446024961846566
0.04783147976587787
0.9672991748965927
0.7203405701635289
0.41965367325937486
0.13829637599175892
0.7097233984665383
0.9222703976671102
0.42652321022368755
0.13324597517585413
0.24923437873067233
0.7923856086470027
0.5358601239829858
0.36538718420387006
0.24380452578481604
0.45579055233482413
0.01642121360510862
0.3906404258185997
0.9709883055044364
0.7844755102578796
0.16938349495906202
