Architecture: combined
Number of States: 24
Parameters:
1.3826889627914798
-1.336409800901274
1.3625254505203972
-1.2862824107494757
1.4084385242171709
-1.1808759597750584
1.3415097440854475
-1.14814908471985
1.4505917427277575
-0.9676661730872356
1.270379623736719
-1.162224802488607
1.2972662999257305
-0.5140982788469879
1.4716186582089743
-9.6761469312255
1.2108871050431305
0.25302622614286124
2.2419691297064728
-3.576529100604511
6.23158412542116
-6.567200631997552
1.6558460081996582
1.391985739624744
4.820545955694577
-7.463531465776748
3.2047696189361825
-4.972983004097174
3.1574081911759437
2.3051053801056725
-1.0328393843627028
4.157336207297257
-0.5130211073164
2.8707955509426073
0.2796980825874115
1.2258488511084271
0.2505922069901539
0.8571186142806435
0.5243207259019658
0.5499201477065352
0.9033741809959543
0.6323857490627461
0.25183084968211805
0.6869975882944213
0.9853555808762007
0.3731796444098536
