Architecture: combined
Number of States: 18
Parameters:
-0.6318452332792275
-7.101736403883924
4.1217296872796965
-10.000577843724958
-3.2939398216962843
-14.781845681041684
1.4481110221050337
-8.659004103577946
-2.871407060962922
-14.890958445039217
-0.156042843293527
-7.709156576914047
-2.3461180712334664
-5.515216626619201
4.034992275026272
-14.126090619729835
3.738138941054456
-12.837009028529636
-3.0952921142391423
-7.726281678765243
3.6214236300331697
-8.1031084858491
-3.148832191420174
-8.761815819991119
-4.426737454262766
-4.716792602211435
-8.761937680581626
-6.190113115036417
-7.92121389118045
-8.716445124283315
-1.006407664725698
-6.51539768176897
5.311076427529496
-7.239959798593196
