Architecture: combined
Number of States: 26
Parameters:
7.882178664555728
-10.980180424324029
9.079398753112093
-9.721316297632177
8.899775937519733
-9.923516721207761
9.228340095868026
-9.617611254650344
9.170167573573885
-9.701589719599163
9.100025022368374
-9.265904725324871
0.0598702375037259
-4.7841813892761635
3.922982449651765
-5.200187833759963
1.0392423532043271
-3.083862988971617
3.7490552319723345
-4.01919373338737
1.284759179022518
-1.945304039990464
4.63638682252224
-5.9659431077277265
2.61659439076014
-0.5578056995409975
2.1325315705817833
0.11218582896945192
3.8542700815525723
-3.2099288410234075
0.4631967437730676
-0.5565419539561529
4.840301433965554
-5.732830068824569
4.6576574015670715
-0.19740562796333339
2.7324483347164845
2.5726194121146415
-0.3009854368346659
-5.259725364699715
1.588224448402379
-3.9840669877485784
-2.4555716312496294
4.002150063558821
-1.5226627031689233
1.9096077227180688
-1.5100402103592805
3.248857385031709
3.3101356026750635
-2.3901657211519196
