Architecture: k-jumps
Number of States: 48
Parameters:
0.24840564564183062
-9.24654549851849
3.5846970817205714
-8.052489381396333
5.600117130247371
-7.083103765937339
4.882921774707615
-7.190585591622434
2.7581261667717056
-8.185402186646112
3.3555160728691673
-9.001345636513872
0.22201641160813582
-4.272279117879511
7.208141403997657
-5.344611328383412
-4.684453446680782
0.09605877278965991
-3.510932620626774
-11.86555628125532
4.226842223880986
-4.462064202503979
-5.538355221280898
2.4557951398461113
-0.857093737145428
-7.027044604808717
0.008152313157745849
-2.3853458196979593
-9.767989445158294
0.20064698579680024
-6.676978672174027
-9.137359348502022
-0.22619460435256142
-0.2893998788208665
-12.632121027228116
0.4216419884235989
-5.60503999300286
-9.425097708842491
3.718680274400145
-8.129833069876755
-8.452615699638498
7.871606235302066
-8.06292460082454
-8.98307119576031
0.5395701072797562
1.046477550933984
-8.464685503189306
2.208976416783734
4.023752240090441
-4.329008917902584
-0.4071306821475169
4.475346432851584
-1.9980405871513398
0.6939754983436165
1.4784541347547124
0.2636199325719783
0.4338150220223828
0.39904910728838777
0.057159509761815226
0.3278594947386094
0.7205107688164939
0.14298080675172528
0.9485761380647841
0.2846397308800793
0.5283553676198871
0.6227009418993417
0.8288705009717559
0.4592742463633308
0.5292204873902379
0.094070648180634
0.8656874925176467
0.9357147334584611
0.07710461732166428
0.46107569670934906
0.32712119706291914
0.929505830351851
0.16243269635854699
0.6439817731788205
0.35006146954526346
0.5691047869362424
0.05226848671048915
0.5671039245446872
0.7987326991355109
0.649954429723156
0.210109488266506
0.005384238194888202
0.02960438053025838
0.2721806833521492
0.4179209395361959
0.3464967664834674
0.41749389211209054
0.9639475452821599
0.9945666177191442
0.6748270698948642
0.6330215626430664
0.09998127904404686
0.5932164537624262
0.11713885294697723
0.289382029942188
0.2709706949157774
0.37632012392869263
0.12973801122902906
0.08939697771321231
0.8870712616385471
0.16758196591705876
0.47466968048622415
0.8993589572348358
0.851379781495695
0.7857492095183398
0.5056061817568784
0.9556166542936793
0.6559716630195883
0.32899168510493804
0.8902912763276434
0.2391188056236373
0.5793634838845458
0.0863195890210462
0.4194963927585882
0.7067978126372573
0.5561497909044096
0.6470980190207402
0.5321321224648746
0.6409832818240231
0.0379394704448166
0.8499413847771907
0.44585557747812654
0.2364171298229626
0.445372285449793
0.560082864226465
0.29215561180427885
0.5363865575255372
0.9915244052120424
0.21443972320842297
0.21615956319166274
