Architecture: escape_chain
Number of States: 38
Parameters:
-15.0
-15.0
-15.0
-15.0
-15.0
-15.0
-5.520941481770135
-6.237253212776421
-5.101226117364819
-5.102598957780214
-4.236601681045997
-4.375174373398361
-3.9537803061082175
-3.0598640257451346
-3.0640570019502436
-2.6218635327000874
-2.31095438815979
-2.4819323232564545
-2.0871026392656264
-1.626316930880277
-1.810045213605587
-1.7754017132248703
-1.3730820713621985
-1.1541433309584546
-0.8180234587571938
-0.7928858137000906
-1.7236864234648874
-0.4995226619918633
-0.28526108865735883
0.004538147352359459
0.008522432590899905
-0.015977348390987963
-9.336518512604687
-9.381149391079393
9.349403891958465
0.20171296688517068
0.8307508670730007
