Architecture: combined
Number of States: 20
Parameters:
0.6417639746095445
0.43156296373078373
0.8921652202787378
0.1654129935505917
0.5569168540424753
0.0861445017249104
0.7025484345181565
0.2251538023642362
0.5258041142814437
0.39983388613085347
0.31882507714790065
0.2886329695085137
0.6396317707081903
0.8244362283453264
0.09429912096890047
0.4150109005351563
0.2433372139814478
0.015050127780485312
0.8505337477145056
0.22709488208985562
0.3560991490245137
0.4785118752784424
0.3717580072903066
0.47377699020216657
0.526790028651026
0.5123296357722086
0.4274022384095423
0.4732807982568318
0.6982849074670756
0.42023068915571293
0.051297048954194846
0.971875752483749
0.48931116005746855
0.8542034083641996
0.2539235310815021
0.45671852746085084
0.8801413898595213
0.5283563566553806
