Architecture: escape_chain
Number of States: 42
Parameters:
-15.0
-15.0
-15.0
-15.0
-15.0
-15.0
-5.506285954257782
-15.0
-5.101755040762152
-4.807619477499991
-4.398841785769549
-4.786938397069589
-4.2121831118821085
-3.1760519783991623
-3.3788326354828904
-2.5788599637809613
-2.250837937843683
-2.2002930925802353
-2.3857047809915417
-1.5368005656730606
-1.9202309979691001
-1.764479954475549
-1.2696217316370362
-1.3514861349531884
-0.6802290178452604
-0.5597948741434863
-1.3566578906749072
0.2577967084086479
0.6039834977923887
-0.7231166246644635
0.045090082006681347
-0.019758954823965398
-4.372630768500847
-4.7905409801757255
4.015312663732893
0.32976658192701047
0.8462386772353382
0.8314624517491952
0.1731476393781688
0.9678044516825984
0.30333068846179334
