Architecture: k-jumps
Number of States: 24
Parameters:
0.7906968006568492
-1.7781188661324197
0.7785971938222626
-1.708730645955665
0.7502650688637892
-1.6295264942501848
0.7598393869175153
-1.694718860500844
-13.79612506224366
0.677625720779864
-1.0689667110338104
-12.743831225535622
7.4960495732879835
-6.227674486075417
-5.919306716639703
0.7205161493601778
-0.7483738511805417
-14.367262540894915
0.8936489905932874
-3.6620037444480333
-6.906770221100556
0.44096691340397726
-0.16067780253196945
-13.220379710773676
0.8522820299788475
-2.275807522267157
-9.414057943284945
0.9336376335777068
-11.779639827443123
-15.0
6.662331409658586
-6.6848808269059585
-9.045128373085047
-4.019451653745432
12.85797272341023
-8.739752264198284
-0.5282102927253733
3.352578082126033
-0.930171966203524
-0.32258932736302465
1.4571587086784699
0.3873502416401402
0.41041136766555064
1.232334405718547
0.7189349245616157
0.25026122480727364
0.23090825125883255
0.425479182378043
0.1836341832923293
0.18178077212367952
0.7632417217971855
0.16056846663415342
0.9580469312794532
0.3555098948406982
0.5736835873901457
0.6797787296016469
0.9382117887413849
0.685890847354106
0.2973665902774384
0.34416553040910214
0.06910128435747254
0.8041002291116872
0.6357985678683495
0.8578667508803058
0.8829260182232489
0.7067488895842406
