Architecture: escape_chain
Number of States: 26
Parameters:
-14.039416927899067
-14.025992587972288
-13.966174401781403
-14.016414892271776
-14.003202559275838
-13.947782625408584
-5.397950405374868
-14.09874733609518
-4.272326096442626
-4.965723968772247
-4.0855790554466
-4.941700196582474
-4.2256809988996356
-2.9726630842487283
-3.293039780877027
-2.5229321346988947
-2.1014206077632718
-2.3941821798689213
-1.7831955419893732
-1.0342365173622972
-1.4951493978625918
-1.4032029636012482
-0.5938868785677897
0.21129476979464004
-11.513066168030607
