Architecture: combined
Number of States: 36
Parameters:
7.461687992668132
-8.169218844019774
7.10397289757177
-8.815584893613911
7.529319581971943
-7.9958192223634255
7.689866428643621
-7.750629382670611
7.9837746846847955
-7.194709093274014
7.401963379365689
-7.162959313953494
4.67982295811497
-0.4516438372188598
5.7658601715497095
-9.647662234653604
7.589648777091444
-7.101929360931505
1.9346527788822594
-4.125780077324877
1.8867760478543167
-1.7170196248636513
1.8657449530650345
-2.6700233744095687
1.7296217153078626
-2.1799457148325834
1.7063479255923373
-0.6848976931853781
4.367224877993555
-5.83957184412525
1.7884502508717337
-0.40100500630194336
1.6001760330667483
0.19879969499174974
1.3082636878127865
-4.017301828412422
0.6573352788101724
0.26755042539867896
1.5112295082769787
-2.631692903967456
1.3316641745143514
-2.7490115611780457
-0.4846283954122282
0.7613036819210247
1.3252117687846523
-2.604116293735733
1.7532509710481083
-3.445005584497962
1.602543441994822
-1.0046098999946507
-0.002362969840241616
2.6196439758570853
-1.1049015831990538
2.942310150260759
-0.15589389170728654
1.2009463519739878
0.03616108528269358
0.7488138564341521
0.14474741544596137
0.7631140165027207
0.5152094203075253
0.15788814806799467
0.3741713842905293
0.11417461874901534
0.9897075681026208
0.9869104590951521
0.08099290843100893
0.3003803700258299
0.1263491569094325
0.5149966825817036
