Architecture: cyclic
Number of States: 44
Parameters:
-0.00023111448466339767
-6.265612122466495
-4.602533531032523
-8.330046245448077
-4.454646040257238
-7.87228214467985
-8.136424461419132
-8.56586991400819
-3.512941685520148
-8.762442951122775
-8.514900236958422
-6.6754219743623775
-8.764168195339472
-5.780969889765333
-7.154881649406687
-8.373880561333063
-8.525156429729126
-8.53220891249435
-5.165286798839692
-7.068781165521419
-7.7744777126213505
-6.603955278347475
-8.511074005503035
-2.609941544901929
-8.143123041197235
-6.12919303677594
-5.339719960252634
-8.041304518494925
-7.88064761810804
-6.69696131607897
-8.429588415515125
-7.102336004828211
-3.1540665145290303
-7.775256471433652
-6.905295029436187
-7.239353955463561
-8.720794137903907
-8.037447557197673
-5.833042394082607
0.36011806491623183
0.368696518288186
-7.059620539898131
-8.122921323840883
