Architecture: escape_chain
Number of States: 36
Parameters:
-15.0
-15.0
-15.0
-15.0
-15.0
-15.0
-5.51817409653539
-6.211187562610847
-5.110848288245634
-5.095676196986301
-4.2385251402438175
-4.379158453325646
-3.951352509937752
-3.0597876590600834
-3.063442983820597
-2.62132154111936
-2.3101912560465756
-2.4818606731746384
-2.0864864793287623
-1.6254563329436817
-1.8106777869336002
-1.7759701937023893
-1.3723074261568
-1.154817736734266
-0.8176071014933131
-0.7919714854070948
-1.7264834569710332
-0.4994663630031575
-0.28737874537202523
-0.002254063528016011
0.013501188362951801
0.02084839420953145
-8.521854741216767
-8.558213876009688
-8.564032739926402
