Architecture: cyclic
Number of States: 24
Parameters:
0.0007933123174231433
-2.1392940934408333
-2.146352236705599
-2.381658593768203
-2.3778790678077435
-2.1559813970566766
-2.272456709318014
-2.1414158749354817
-2.150973902643863
-2.1876057355796683
-2.1418291249763763
-2.219127455758507
-2.396705758548317
-2.1424471855511404
-2.3373178444025995
-2.1883969862472696
-2.1481277170614823
-2.14191938992377
-2.159093721970776
-2.376497020936655
-2.1467947588802745
-2.3082291466611338
-2.3270303386395983
