Architecture: combined
Number of States: 44
Parameters:
1.7573210332712756
-1.0264007571811427
1.7939960590926247
-0.9325300630640952
1.7565700914060025
-0.8974709294077137
1.7785816343240246
-0.8048556964379783
1.7339987123800737
-0.7737879306991781
1.7493134059906503
-0.6520294907124833
1.7461864571169983
-0.5992921144739161
1.7480986442107473
-0.46346917842717583
1.686672696970364
-0.42926320742781926
1.761278894190536
-0.25224418684282485
1.6361475492148114
-0.016020654332870296
1.8366641784771958
-0.7059365440287643
1.3299334355323456
0.8191594635097998
1.816397014247357
-2.9892507544057896
3.02319812427129
-0.3076456112141871
-2.097260098966348
4.103661900720955
-0.45484655531879964
1.705087399748834
0.3899096783079289
1.3125030924926469
0.17747179919249906
0.6151637010254908
0.8723916320413964
0.8138336903530877
0.03947256911732833
0.7171659385276328
0.03353646280400513
0.04175954549922645
0.5697721738012053
0.6061895149361866
0.6837710889038691
0.46872256702172344
0.5583059385000555
0.505260988640241
0.34645020973366525
0.1955536373340111
0.6814875482239521
0.10991953337333382
0.9463456911711501
0.6991291923767575
0.8307538430043484
0.30589907813952466
0.4157262095336167
0.7820343496265194
0.4625374160147494
0.07770915055682781
0.6951949235531172
0.4045192086447015
0.47819025238236934
0.0828804758417272
0.9495931378836233
0.10460533567795938
0.4161903717413753
0.5610205323325379
0.06856439419460003
0.8184792940814197
0.7979141655238983
0.42006190494766005
0.08623303041070707
0.4229863361241222
0.5597407859492878
0.9033306272394781
0.10365544560090234
0.6811248637289211
0.5283917142953323
0.12460528126366244
0.05557732666486692
0.616476993618639
0.20493031817953056
0.6522941435959688
