Architecture: k-jumps
Number of States: 30
Parameters:
0.8462561208588848
0.6833547997240657
0.1780379862392053
0.11892084319729301
0.7394509090236087
0.663802020304659
0.9969906498682262
0.49208125567274286
0.8311828837845098
0.23987636340826424
0.49556812422105034
0.5583597825598705
0.5643913286618722
0.3458010096260836
0.04600608464581846
0.5552072572486983
0.6990918336694025
0.24357359289427905
0.8572461260772016
0.0777594160135534
0.9278932784503651
0.6344869176829191
0.34107690152253
0.3800292507748604
0.25784919531170647
0.951622288604045
0.020896549324095126
0.37911183386696257
0.45083009291444465
0.3809766611981591
0.9273535802926148
0.6253299096423706
0.8519400454311996
0.6474198028773855
0.7849509416530407
0.3970570601040304
0.5874113612808091
0.21854264407548052
0.58577838195224
0.4147637235896181
0.11918973639530483
0.4824523869886186
0.15391714848875826
0.959035021956656
0.8755311864817084
0.8971411241865938
0.8124344861833325
0.9887995991112908
0.6816392263174234
0.40810512546644917
0.8946388194011461
0.39029862981313124
0.7804120488762601
0.28684260605939826
0.11311380114659575
0.21612265835266486
0.18612004946378613
0.7110751566440379
0.44349910073777576
0.02569740168763679
0.7702483661849533
0.35503080510589125
0.03590853282097939
0.3049564228913725
0.39763702014415936
0.6627232989706028
0.11784029576638899
0.9952536486487814
0.4419614442833705
0.384959281894379
0.8812520871563039
0.02051152933594258
0.31928206391060576
0.22173259922391986
0.5724109208258458
0.41612169649808006
0.44717438745910953
0.0053130479838342515
0.4089315813162303
0.05156734404866803
