Architecture: chain
Number of States: 40
Parameters:
2.077228803253138
2.0776207705409444
2.0769866400646273
2.077572077716456
2.076616982044591
2.0772137491400042
2.0770080807638833
2.0776905248600928
2.077023690756897
2.07702435853855
2.077064972599244
2.077237133062625
2.0778247335187907
2.07779794017926
2.0777245386033014
2.0777482536776035
2.0772689023297284
2.0776627596886277
2.0772241043322834
2.0771643337415218
2.0774669355188484
2.077639606752207
2.077406931206546
2.0772274154559724
2.0770315316436836
2.0768534973315655
2.0772335045344494
2.0770753276684366
2.077585801055786
2.077821673259484
2.07722881562325
2.0772263938189663
2.07693908317705
2.077437832476521
2.077198017080596
2.07741871756801
2.077062681845915
2.0772905671495296
2.0777377698111184
