Architecture: combined
Number of States: 44
Parameters:
0.04041753743318299
0.971842989238754
0.7685002628307825
0.6043266773589601
0.3384930140983292
0.4863662884272911
0.3130000087429452
0.34923039374207177
0.3889141784922824
0.4587317432900555
0.6111894969209096
0.6859656754079333
0.26014675591319913
0.8374893856698119
0.18235682055132008
0.18450119662715192
0.7642736106075938
0.975347372755172
0.8341947999413961
0.6328919098798507
0.17119855734088374
0.8865786348508031
0.04611310222394893
0.7459275088398786
0.7054819179204666
0.7779996236955266
0.20345311477754824
0.8317830495162444
0.15690493640889336
0.26716477905823166
0.6995656191076385
0.6485560081596999
0.2297704799107596
0.006722941637091195
0.10594303438578401
0.837460669607682
0.3724392697040628
0.6625349050895797
0.9960233392746453
0.46211630072161336
0.7592527329846179
0.9041534244964139
0.3353283733049892
0.7130917776240346
0.976579512375066
0.6360386988516201
0.7821056061633053
0.1520026479765303
0.9791121283636058
0.6233394183802259
0.2956168604885041
0.614942170084068
0.9518769723614484
0.8583480773427146
0.44947747525547155
0.18083287231425205
0.546514110073844
0.040152265419981514
0.11894406756807585
0.6441936073179401
0.007310023602915661
0.6100802133118288
0.26217945552624
0.8374988251493278
0.575353219403698
0.238743897026374
0.2459489589214655
0.5257380385061984
0.07800656127844385
0.5611194814875035
0.22119727395594713
0.5483941287234461
0.8090544934309853
0.995705332785813
0.38372836741559035
0.05808887604177959
0.6767271508169084
0.999410594718461
0.47393123471875187
0.39396106230302175
0.8725328020005552
0.7305104559977258
0.07228961822389379
0.24563155005706527
0.901825171723494
0.6297789052968742
