Architecture: k-jumps
Number of States: 26
Parameters:
0.9620020214882617
-1.6616938179883811
0.9557070983611349
-1.586154164827326
0.9832101726740876
-1.498750608378892
0.9033952822896875
-1.4549359962243131
-9.631872872340475
1.01786665752399
-1.254462382100053
-12.93025075131133
0.9960887934137918
-1.3600210567190705
-9.847580886832038
0.9026242792195328
-0.7300009020104725
-11.32223255010201
1.0741533562769179
-8.138079402434146
-9.400088229066425
0.7716629738989254
-0.11321617882425909
-10.163557152968105
0.9195171236999201
-0.8222927644051865
-8.913161633495417
0.9842098159401597
-8.859852075266643
-10.322117098092372
0.9768288093002777
-10.20870600940748
-9.86615961736997
-2.0687797964846872
7.352773153586358
-3.7241718475760583
-0.4609726569453625
2.328596407899031
-0.4015379117328364
-0.0794322677350345
0.5729578198477986
0.9926736721798401
0.6295419181211005
0.9812504299265064
0.38626317631428725
0.9543495279009289
0.7595352811552527
0.6854892950382404
0.14880523859978964
0.07011809202504667
0.7297444690553715
0.5607506715896262
0.4749632046802364
0.1246846810159466
0.438463866192638
0.5098697306603093
0.5502768382880608
0.7593952427899844
0.31966182488693895
0.9512073615892191
0.3193159950454232
0.9455843281308833
0.6281087411598165
0.595216713670052
0.40760095390747453
0.17992335962569872
0.4029503175918553
0.027623386068260314
0.16433852855116826
0.46847879803079884
0.028191962857998187
0.06630523670459876
