Architecture: k-jumps
Number of States: 30
Parameters:
2.752611751063998
-10.038480706611033
4.097993136669121
-9.245820668963765
6.227857686712313
-8.136881854907129
4.934614073209979
-9.115180779685797
1.0115689459847228
-11.072424233723899
5.879782129170884
-8.659906512064484
1.9544018569003863
-3.011315794294964
8.705064918654536
-6.453686432592043
-7.541462123218377
0.6379168240398319
-3.624031087059911
-10.457304375235424
3.1246151029709766
-2.2441482205147545
-8.233039548319221
0.7886964626025541
-2.487983922259424
-11.71609299712253
0.43883481021385373
-8.398663889985626
-10.690252418024402
0.25419697317078205
-1.6732397792091502
-14.509417831363123
2.5121792897724013
0.7142484939125888
-10.69929879089578
4.285161105803115
-1.8769452944672607
-8.824590141228803
0.13179285053881512
-1.2165601735473355
-9.036799174347701
-0.27648859043188295
-0.49253055954698904
-10.560890458317445
0.47536569329108636
-4.777831590178569
-8.78659870678513
0.6256309621513655
-2.3197673597857156
-11.07647004937085
-2.61562650796983
6.855041326454714
-8.45494181834134
1.8360751777587945
3.1097551579074247
-2.8752619593989377
-0.2863929645236702
3.3592083907290626
-1.0726953487685793
0.5684702948553283
1.3307978960978852
-0.11995793703192728
0.6959638390474056
1.3390929498614303
0.47998946368408774
0.21006110604391817
0.9666141044976837
0.11007260577098654
0.27001624060429535
0.6397127279734918
0.7098739728993655
0.834485149539201
0.06729439289014989
0.5393905069775965
0.5255872727735648
0.9771447870880502
0.1512826509894161
0.5472098149425467
0.8540382237806962
0.7703065115988463
