Architecture: k-jumps
Number of States: 34
Parameters:
0.13744151721676284
-2.181207809910574
0.14791728885789912
-2.1473790167709006
0.07071253671761989
-1.6586189724601068
0.27976491076205723
-5.745520247190902
-0.05660463145886736
-0.9203341677018921
13.17948425985058
0.5691882431241272
-2.2019582699884324
8.072239232975626
-15.0
-4.002756970395135
6.860362344732117
5.785631862460958
-4.290085940378079
8.82223574996955
6.234828498034801
-15.0
15.0
8.44521469654809
-15.0
0.21459005329739833
-5.549026240708594
-8.995670354288794
4.603410967030909
15.0
4.532846880284148
2.032335912573491
-2.330021927889692
1.0257644187065655
0.6590326042342249
-1.0203665867485836
1.37540162334273
0.9800686843791421
0.0757365828014704
0.3766133115584863
0.728663633238966
-0.031125985398769623
0.7045778337732581
0.3137209783447177
0.06173687397855479
0.1360677028050774
0.8797781494623256
0.06689232262595746
0.9017303406732653
0.6564878351788712
0.972888614744207
0.6581605544765744
0.3189113663582262
0.23218743885198692
0.5839122921286881
0.8717608174448671
0.6341999905916744
0.5189149443609068
0.5214730211779014
0.20884981477294018
0.1470982793247677
0.3021648884536139
0.40516565150968087
0.3473373473371246
0.46698271059999663
0.3378702251892307
0.3726141305102869
0.39225407971218496
0.9259466025893445
0.016969424707259928
0.8901014881369468
0.03620491265218739
0.5605121418892348
0.6639501711931567
0.8329274830464706
0.24467127085130203
0.6033691687301932
0.6611370717297484
0.12398752005194635
0.5160753574175609
0.4395423171602313
0.32599286478522427
0.20439959843269961
0.24048135095497458
0.25862054197754847
0.1670463027978134
0.2130751778345047
0.1294256940695372
0.01749481811267717
0.4577075720895807
0.6214653153739981
0.9331738442977184
0.07828598524530095
0.8804644013424084
