Architecture: cyclic
Number of States: 28
Parameters:
-7.714779242323152
0.6496700299784045
0.24492645485975317
0.5124243771255174
0.2679495016842295
0.24693541644729333
0.13984877999331957
0.43718520796631666
0.28448583551823103
0.8513244283672315
0.2804184156883721
0.46515124024693366
0.9253974534798315
0.046223632900342815
0.9000029911765142
0.5033000288979409
0.12432486278219335
0.6878140618383581
0.7202058034454353
0.9846250222581393
0.5414055278671567
0.7601849988238519
0.13924553379155424
0.9429590911292002
0.05279720095458629
0.8832843317389457
0.2759670831657499
