Architecture: escape_chain
Number of States: 30
Parameters:
-2.941898574403226
-2.8906722383165517
-2.8317409521038566
-2.7735843917547656
-2.7074921827698377
-2.639815356071762
-2.565466340383155
-2.4846338727342343
-2.397390946816861
-2.301870920008823
-2.1974484793223046
-2.0795702141382644
-1.945795796691746
-1.7915248107234778
-1.6093289247770095
-1.3869620596253838
-1.099759252898662
-0.6915262059017201
-0.0006823066478201704
10.64994051141658
0.9800409019580822
0.8182042223196719
0.021847140006251764
0.021213933696643705
0.12324219807858039
0.5539801274517303
0.8066173193871328
0.620455014597062
0.4250285426293475
