Architecture: k-jumps
Number of States: 48
Parameters:
14.932994354838304
-15.0
14.663297807426172
-15.0
13.15665871344389
-15.0
-0.03347239824328797
-15.0
11.235322587074997
-15.0
7.291073261812573
-14.99999063093518
0.2550070199139563
-0.052716185856543175
-5.00001134715257
-8.515515474182813
-0.0740310927164218
-3.426935002608082
-15.0
5.9544656441249595
-1.9655262710180226
-15.0
3.960266492249446
0.744109119399571
-14.99998574810353
14.999986378283262
-15.0
-15.0
-0.5044304293605522
-0.9918927598840004
-14.094684362870765
-2.338959248872509
-8.556956843516526
-8.931451378789609
-11.850343087239429
-2.3375898233645946
-11.932371151037342
3.272593843837274
-10.661265020955513
7.177078839743778
-7.965286079692386
8.330686399511066
7.922802172601285
-1.9509572325229119
-2.360689482547069
6.84708536604483
0.5288287969682522
-1.8937935195964435
2.4224564835698508
1.3952331252520236
-1.2587624884107784
1.5830879489529854
1.2542835364083627
0.1318702457175742
1.2087308864838575
0.7005621851956045
0.47429153703368304
0.803099390918862
0.05063422653093926
0.22622266824512838
0.3507066101182076
0.8791937041348515
0.6198861208329725
0.22676222229442095
0.6953017532210752
0.7620121859972084
0.055390956482760816
0.3458177613641276
0.3510628443050861
0.7330762369190857
0.4729007553571603
0.5768427665256385
0.026237028541290303
0.4306132712295881
0.7411984535545505
0.16892178921363196
0.10548517839247558
0.200683167212402
0.8719340958338089
0.2656498177217014
0.7414288380766697
0.7926775790250127
0.3634883511865302
0.9441331232054077
0.3622847295780447
0.9987186986614177
0.045417325740032946
0.4962532375217733
0.339389893370036
0.8138410075117609
0.14960743961037148
0.2643914670834666
0.8409205727471356
0.5867216539628912
0.9395244264740963
0.5318331707769576
0.2765666752371869
0.17674470294273104
0.017888529389313068
0.8131508545782844
0.056857772335532575
0.3536835496276173
0.5566261046217351
0.13732639911807487
0.1892264156042568
0.24496366471692355
0.7826834900352536
0.5178553107471293
0.9331708372636066
0.10775696676991242
0.13007966461603115
0.38702064009924775
0.09797600886963787
0.3361012881132932
0.7144014370522814
0.07440316543206893
0.28521062429968236
0.8450044448928247
0.5484518703445758
0.25310737320920484
0.0931952028699089
0.8761764861738491
0.9419459383692924
0.13237913581691718
0.5617871571436889
0.9619660280548763
0.6677924490833202
0.4462519612192769
0.726635677502314
0.8831899180539599
0.7208480211302907
0.5845200773133914
0.5692946419079199
0.7103971004919672
0.5862893453007872
0.6532265560134807
