Architecture: combined
Number of States: 24
Parameters:
14.917454423282363
-15.0
14.362892177796544
-15.0
9.005014130488753
-13.627669469363344
0.10597393252178665
-9.40563960180165
0.10446165728426256
-5.91873584586604
5.887404616421329
-14.999962550736946
11.41155832828212
-15.0
0.1423669101011618
-2.9974034189419156
0.3837611340657634
-7.514488936518989
6.291308466510056
-8.808924712231981
0.21598677465262908
-1.5458799628654256
-0.06344110873077428
-0.5140402619952742
-0.16093128152295538
-7.700945516064956
-0.16498710197767402
-10.198460964108047
-0.1630443736699572
-10.42667282431309
-0.1661100251759694
-12.08203518529476
-0.16648997253421918
-11.226696394982541
-0.16542282582988008
-10.88039138288239
-0.1641821152826151
-9.795579255315094
-0.16573475014958025
-9.775138426293534
-0.16237024398691713
-9.807522794822358
-0.1643605519814383
-9.062658172126039
-0.1696429361138912
-9.271575685268436
