Architecture: cyclic
Number of States: 26
Parameters:
-0.0005236277787306245
-0.7040504407359831
-0.34214249709236927
-0.5262089341771109
-0.5206961366990202
-0.47027450834790957
-0.3416013270286176
-0.3972516457537401
-0.4613853988200334
-0.4587350800254557
-0.36258519611616
-0.43586448259724725
-0.35578657199616714
-0.6368612053850558
-0.47939808612473295
-0.6299903542141838
-0.4833756436266434
-0.584418921599232
-0.6619171693152057
-0.3615823347006276
-0.7187505589402601
-0.34481488671886573
-0.47427614436705556
-0.6341733567973125
-0.613705504524892
