Architecture: combined
Number of States: 22
Parameters:
14.999999999911964
-15.0
14.999999999911964
-15.0
14.28113320708626
-15.0
9.672082741445907
-13.001746481212114
-12.503312043168552
-11.063271126708829
-15.0
-13.333196069737637
-3.3441212548087638
-12.351014911062675
6.591973376253869
-13.697352567225018
10.560196416871316
-15.0
5.939433689679178
-11.536665940418686
0.2088704626207446
-12.505085037920406
14.834946403025384
-15.0
13.970008531474
-15.0
12.478707108672488
-15.0
7.9187872730620565
-14.339266529551109
10.057585383089634
-15.0
4.7764535662500185
-6.8789373703872405
2.6778943150684213
-4.100875324775196
1.6394634284650156
-3.2661342877699884
-0.12665307240809032
0.08310420447849973
5.609535330906712
-4.167217997017157
