Architecture: escape_chain
Number of States: 30
Parameters:
-13.58831833926286
-13.602615246683982
-13.641775861707098
-13.556806564825708
-13.64390292595443
-13.548827291831634
-5.0775181744225595
-6.2164335635701615
-6.2112074959466765
-5.474951652586117
-3.948385499956704
-4.76155550113417
-3.723028860921612
-3.3119047627100655
-3.0957982502796297
-2.759841174640574
-2.0497699568541776
-2.6086376878351274
-2.2898015758307193
-1.4122703130153385
-1.6297441503178705
-1.4756471218374363
-1.401985382197701
-0.4381017953999523
-0.3844973024167255
-0.042589753635301285
-1.3296069718331902
-0.31696346250855684
-9.690966080606701
