Architecture: combined
Number of States: 22
Parameters:
14.998576340552102
-15.0
14.999535863491277
-15.0
11.698419132644752
-15.0
9.856762650808458
-14.473228989495404
5.480936851288886
-6.853586842587409
0.11187322013948386
-10.805357375408695
0.23511583221704166
-3.8716412190299105
4.6126475047359055
-11.513279448085939
6.650782420551341
-11.780833838923629
2.558006553886214
-1.5505809830309156
2.572297066551811
-0.8043729998821632
3.4092800357799895
-3.98923593488147
2.0361223194248015
-0.9455640430707256
2.0195023666442378
0.11148319446475548
1.875243226646746
-5.263440584248874
3.180217098606307
1.9080899828019662
0.40867590258380154
-4.862329309571
-0.3537561762430447
-0.22485225973255032
0.357570026648245
-3.401872990433482
0.5255517874564749
-3.1904426770942202
5.596752923710179
-4.710455455020441
