Architecture: combined
Number of States: 46
Parameters:
14.806910184860177
-15.0
14.887423364541064
-14.882055342276322
14.959325507776532
-14.949488555883564
8.673919802008312
-14.934335310744014
3.6957232932230757
-7.37134513184758
0.18540390328601553
-15.0
-0.06530482842055385
-4.127043990978174
8.644636943616579
-13.60767817102531
7.306015805162906
-11.021808226249727
4.639094728149783
0.4916849306467067
1.9863231066322804
-1.2920135191511812
5.130509628462721
-4.384180705474713
2.4278856332718033
-0.5718264690482819
4.47821266649636
2.532502889135047
4.913541891993409
-4.45477478813271
0.7964319830368205
-0.21789861806636784
3.1879108952205533
-1.9495181654221663
7.189291169226767
-1.611358126575702
3.132630546686989
3.0539509397800724
4.098447976574113
-5.7627018605688445
-0.1532188156382157
-5.612946614872854
-2.020945478934335
1.7748390626499146
-1.0379867402813674
2.9728469541682268
-0.2675722341940295
2.4412649551576195
-0.3674703436819353
1.5682201001020921
0.7097272117965777
1.043723191447226
0.4885578513973919
0.4268871841702428
0.22335711157367316
1.0744117338334978
0.503576451660687
0.5997959513525196
0.17263143079609705
0.5689317411621883
0.6489943463410588
0.5722143596316693
0.020242719335362883
0.20151904665267975
1.0687623157534873
0.478415586119391
0.6409198433918255
0.3760603134491718
0.9999027524260907
0.9464430326093746
0.5654268878523683
0.696941963005801
0.2552572495839819
1.0828917346825095
0.8928392947438282
0.31614666495626303
0.6695548031346095
0.9634355055430963
0.05869804807179013
0.6399626187671222
0.4038405093973956
0.8733505425558383
0.43664684948710303
0.6872462141051496
0.45551150950636365
0.28467122833696085
0.3457973892961789
0.3691059239148064
0.4496389553212602
0.36980732128445426
