Architecture: full
Number of States: 40
Parameters:
-8.902587319890088
11.986924097558303
1.807676353701643
15.0
9.055360864949474
2.485168667620426
-15.0
-0.8489404078647486
-0.3375973533745765
-8.844187208425495
-8.867616395162555
-8.912223318923647
-0.6716185824439068
2.428481149357592
-8.876679312311602
-15.0
-8.968454969497907
-1.2914713951759715
4.735712341776334
8.82373576041516
1.6804909014109828
7.781436420157324
9.209489786958653
-15.0
0.25673747130204044
9.158226451806037
6.745082865838665
-7.313472448383161
-15.0
8.96972618926421
9.155108669909586
7.5301394130754735
8.841303541314211
-8.987685567108874
-15.0
-5.4190394526743
2.0489034277814433
-1.020869355573016
-15.0
0.8340999694501646
-0.9240072656800887
0.3779975893150682
-1.1152081490289931
-0.45632143513481394
-0.09271402508867743
1.9467731175122767
0.4582202497296372
0.004242441574371341
1.1836400074881483
2.387235081822459
1.0321070209991665
0.1578047182735698
-0.5143389106178965
1.436607352394728
3.7891532352138864
1.02017399819633
1.0612936650877534
-0.2998560893235891
-0.4291312404493095
-0.5007724424866666
-0.13627679416894917
-0.023874712429141447
4.614221874738791
0.08872202132959224
-0.43646123947621907
-0.07014881688357812
1.2196523884855075
2.2206896838304884
-0.14087924909025581
-0.03749030583216639
0.15511145338838278
-0.23413892054405042
2.300940416532652
3.3500500822165162
1.0075604628675259
-0.3858962663145606
0.5817699218988093
-3.8574796924861707
-1.6228926012493161
9.325599612419413
1.6863998126696924
6.479586964579477
3.573102715511547
2.444613553605971
-9.835675839858448
1.6333804602597035
-0.3353315526666143
-1.612474838710394
-3.103740096013005
-1.1032695327169721
0.28579360754851996
12.73643991095373
-0.7981954938215634
-7.2602239455075885
-1.8800178633172568
-0.5882349488535666
3.0677352394806845
2.8318683644193516
5.248243497646643
3.900692204758459
1.6542754186603128
-8.642908343839721
1.1160096800539927
3.305533164525917
3.114115840509235
-2.287696789335706
-7.544542691511412
6.270372665762135
4.9798710432647715
4.336447339228318
2.443663904898769
-3.4135986839187087
-7.39857703942411
-0.7253126810944368
11.445135583180098
0.4281688318801406
-15.0
1.7456872286048115
-0.14095959115199558
0.054183469671243184
-0.4193529630778481
-0.11149439063864328
0.45570075984192204
0.726017101283052
1.3684564431976998
0.6204330692053326
0.7397953249505949
2.195759654159158
1.1832486968224318
0.2505795673865361
-0.019136686005731422
1.9472604150339632
1.5641021791108705
0.66512835002516
0.9283409468876049
0.2486437758374112
-0.06130214471450408
0.09885572286107973
-0.006214307190295452
-0.0669248313555177
0.7731290955304891
0.3291830422700578
-0.047656024038979915
0.42629049221814314
0.3782624441447201
1.5573756040779325
0.7967461053387509
0.22557428331023816
0.567163098249866
0.07722123761598106
1.5427112614650427
1.4637666286145086
0.2939832959469642
0.1488345235963635
0.3343333810303707
-2.8383503803189862
-3.7366897808689847
14.311410578857032
2.47374843805381
14.993133012896866
5.60685952839214
3.018270850647319
-10.449582978547841
2.712747348481563
-0.9416049575107462
-5.55899578084285
-5.148763312824629
-3.8213778702353123
-0.18608254203616875
7.535272036183247
-2.5557133931882023
-9.603074754943604
-4.569014836396718
-1.5664666692854692
8.543644501076686
3.5049146052555105
5.635373516590725
5.647088822220336
5.046425202076108
-9.90607962991827
3.3319459646044427
5.719960705770942
4.286288482539973
-5.666708791473248
-9.811239632569889
4.822088515515927
7.154703766420364
6.5571011518761635
5.3759935934761085
-7.140758096596616
-10.089295969318883
-1.7102006041360873
8.49531799743275
-0.0753523908506804
-15.0
0.5507826475792699
1.4376369934598732
0.7527822097965696
0.4730334232390108
0.10416101973980527
0.5466871006642579
-1.9958586602348265
0.530074613771793
0.03631676354155612
0.7416680039803686
1.5304530772656082
1.4704857350983414
0.24154247764106762
0.472246168075535
1.0176340393981025
0.191684463078716
0.46010899855086235
0.8645076958697526
0.8587792832025417
0.6805413819150062
0.2499057401719116
0.323403313005764
0.8360265048914989
-0.05875366928650402
0.8749775453349702
1.3053141286075147
1.0983592411609278
0.6139685533038334
0.20343680332802605
1.197316482472058
2.0202328464384802
1.0467150687999938
0.37110958301814756
-0.22158349571359298
0.2845046906726172
0.8272618738739791
1.2966951503027508
1.0616125795682902
-6.159060711254758
2.2401330998275815
-0.2691170423549358
1.012724772130913
-0.32660156549902775
0.14945780117506222
0.8704204777933133
-0.753187352324447
0.782161155231605
0.38086493811501765
1.1945441030770456
0.6999108758210065
1.3440241281251988
1.0006214850276056
0.4302968892526878
0.5623587909984183
1.0576411545347684
0.4093062036010645
0.2228368204313537
0.2843284676890673
0.09598662085540333
0.18662371966891708
-0.08564301103826415
0.5943439248870673
1.1379609335680934
0.5160111977593911
0.2829034159454333
0.6322897667998074
1.4362217406260958
1.2040430157889046
1.0016347970995048
0.5363870820680926
0.3726112657184357
0.17186782857740412
0.2013476981429134
2.022985986099907
0.23811992996287445
-0.042361524837234286
0.29207994643751817
-3.0269476049332584
0.9972745685195546
-1.6002888424272588
-0.5914849381661351
-2.2282959627996726
-1.5147715859214852
-0.8631669681631947
8.159872866523994
-0.1430745686710171
-0.2985895175107389
0.9147858184129083
1.967523944553456
0.5302553949432589
-0.2314168645207832
-1.2249773724645927
0.8505212150235696
1.2030708435430977
1.101767888687489
0.23277511777207693
-1.6748178617553051
-1.221335353761301
-1.4328442340024268
-1.073647856013326
-0.981386811955977
6.972493842411718
-0.44871607172204175
-1.1423680068793283
-0.9677673535127327
0.5930505830943996
6.309543697850345
-0.918985112913004
-1.1002747506866557
-0.9367536069556432
-1.0407569295271453
4.178259099217016
7.082257710947896
-0.2072960826816308
-1.2534847585368953
-0.4412081838377497
6.967002499920986
0.5063791291487642
-0.4192553263311751
0.3260432948642107
-0.5975294548021518
0.10672064397785944
0.6462760261265792
1.0258142943396533
0.7295122085626479
0.22206120607182414
1.8760367649107135
1.3834622037395456
0.4996908976421675
0.8229540400909494
-0.014816186669559507
0.7625555335593459
2.3259038802706806
1.0155260658896121
0.125097434512449
0.26382539475717576
-0.27386323175214156
-0.0029615668308675853
-0.15206371306934377
0.2930132792958024
2.4807989747984793
0.4132499578168979
0.14636877315637167
0.13904554501168345
1.7270676354686696
1.6368007451121769
0.2809553996474063
0.6402160817376276
0.4591651393768285
0.21941599026363795
1.969495825284478
3.229771040527153
0.29857968991847084
-0.15320468263720446
0.1554577396727926
-2.6648180056286686
0.8477602383299493
-0.5199198611780236
0.33223816347006213
-0.8076000871600235
-0.29738028118867493
0.13833901960278785
2.7690244129393546
0.8146049262997017
0.2894390721454573
1.9101102600216522
0.5498898618857266
0.5128237490846532
0.41831268957968604
-0.2746133799795408
0.9560212152579219
2.6303425674533516
1.681649315803025
0.32775000710146285
-0.03256283130935214
-0.16461894240622602
-0.16038818499215407
0.04640775133603136
0.12511544289434293
2.578526404125508
0.9240396541930436
-0.13297159227614683
-0.1065621026600586
1.6770758150988225
2.357484419332931
0.4613585911865184
0.4628352304632838
-0.04087472868228839
0.20841709105476272
1.8012887871534324
1.543280387923532
0.9281774482109172
-0.30219897061245665
0.354952697627878
-2.8567542576593894
0.6163138602681943
-0.8188935702478541
0.0764924902921781
-1.0229406790986957
-0.33098386788466716
-0.11704870127415681
4.948380510659235
0.4156904320503617
-0.09174120555827815
0.6532351092742079
1.9054995623702893
1.7738904700171123
0.025664341443648986
-0.29995983242945495
1.8213154517452874
2.7784935820467767
1.8921772712584328
1.0113271924134384
-0.17673722413600326
-0.28403793225557455
-0.3802756390312672
-0.11055513205160941
0.12224556829519698
1.5911125037983198
0.03496964677636672
-0.3028764000611192
-0.019876945470693953
1.6311760464725291
2.9536570726992895
0.12750177161407508
0.29034303698900676
0.19253915596045362
0.01954916708333396
1.7958045154522861
4.3637782097787525
1.0442487785210715
-0.2983088399841937
0.22113095004252437
-5.102691114944441
1.6723177951133377
-1.0516472024635752
0.0251195270187795
-1.1791504519158584
-0.5703497970440391
-0.025568732565429738
5.232817793583145
1.016538719195803
0.31228189567249204
1.7905277883645738
1.2634625529246672
0.8739406486074129
0.14682157966244802
-0.6384303695357306
2.539897248965547
1.5092051192949385
1.8174033113053867
0.9678581060827025
-0.44723732196979427
-0.5149666769206951
-0.5755448710895836
-0.4412019518689411
-0.0478263902787639
1.6571363188498125
0.4792888942601925
-0.48588623214302706
-0.1932095107213439
1.9765392149416372
3.7243658987791863
-0.2976809234019383
-0.14471291691690974
-0.1484340113383721
-0.18454403188713892
3.5792621636892936
3.5519722100427993
1.0103769047282338
-0.6248853287570962
0.07791328672936704
-4.697366508901137
2.1410062518653468
-0.5202315585834318
0.6063439356148408
-0.7720042270694619
-0.224904423136395
0.5282693804439712
2.81231939923091
1.2831201910045884
0.23925629930864328
2.3816616867074307
2.3461819244257023
0.7712301579337273
0.7152001221776765
-0.22944048110478837
0.46158193167763645
2.278785700567965
0.7670073297770066
1.1567653601160812
-0.07899666404845022
-0.30835382217093815
-0.40349563864141974
-0.0022045722387459676
0.024712183874306126
1.0907254481888895
0.5095152921219658
-0.3330099642801662
0.2236472850500224
0.52477157728953
2.704653920634353
0.46644768573474454
0.1601497834720028
0.51870473951077
0.15179873816688783
1.9621020347217815
3.1151653138817994
1.0479833557981761
-0.10343895784324493
0.12116279006474398
-4.322065273972396
1.3470450065259574
-0.2666206683790119
0.0007134187670913587
-0.5734160755268486
-0.15836565390529198
0.27549473125392543
0.7062727546943774
0.6284742816789323
0.711154021773971
2.672593663635587
0.7577874091823005
1.667261033078521
0.9532765853939794
0.02526423542277034
1.360998531123758
2.8066773035355057
1.6465788290708312
0.4918807492879833
0.015117895357859505
-0.03510100310218654
-0.11872608229650775
0.18588463303533964
0.3664672608486207
2.737257917647001
0.8409249211182085
0.14992094761272515
0.08873788399740232
1.4902561805268004
0.9047783349347008
0.03360337751791335
0.4609093510015748
0.7473500781908843
0.11074217417296517
0.9733529043148463
1.9497605710034318
1.0915177049931348
0.08116636405301665
0.31521504279170864
-3.2732654275693505
0.03138015851016866
5.441183342339848
0.8474566534930652
4.700562751120454
2.6825300321909347
1.324488329629546
-7.025978875349536
0.6502473270507606
-0.39143580429212615
0.04920930442889976
-0.69476889316326
-0.3386357489491983
0.32266756534491914
7.018401782473296
-0.7907262649364412
-1.3731924466409946
-1.3784046794733098
-0.9915269942594788
1.7357584642592392
1.7009135118994223
1.7670421848653786
1.2853954246585506
2.8253266582697134
-2.4178909338674726
1.6930443983361114
1.4517445261746809
1.9939501079895208
-2.0267473057083714
-1.7801136109234603
3.425687342766114
4.5600848705354045
4.377924396539464
1.4684175880283725
-4.779361899174813
-3.389879959269535
-0.018675821444074002
2.3016808112118126
0.8209544457325971
-8.752936752240835
0.8476773922472945
-0.8659609025282928
0.5901463743984183
-1.0088456933409582
-0.28759950727292866
0.11517036372451539
4.417238359189416
1.1272725268563148
0.5338402179146902
1.5595858247975067
2.7764789900085813
0.8970311229662836
0.25493806756539356
-0.40925100634504996
0.5361761739472888
0.8647163360461405
1.933097176291919
0.12122418587124889
-0.2054585012076181
-0.37640129988065524
-0.3136335388314735
0.014844153841904698
-0.16268720509426865
1.3550215621685497
0.20964101378262878
-0.4462488733931312
-0.232061470636906
0.5545557734823134
1.2905176917841312
-0.19666093908021584
0.2666253603294634
-0.23458743730166398
-0.24835599243019665
1.2528810275495499
5.109277725911729
0.07028044009935772
-0.2837383013225261
0.056685729100845184
-3.6609489294732533
1.315274582384625
-1.2209028388680803
-0.09078426575044396
-1.3084569663083352
-0.623200293252795
-0.10860613644028855
9.1554346317815
0.03729629633421335
0.30753640559156803
2.8198588475235704
0.6301336924609825
1.705053480587247
0.5957032236556112
-0.6890288137979148
0.6100890563667325
4.158788122389567
0.803658322661729
0.6981408080816884
-0.6113345285215552
-0.6104552852806028
-0.6997058156125314
-0.5332952381022212
-0.22393730821653468
3.690364071081926
0.40259550039264896
-0.6117379353759376
-0.4081794525781552
1.8614859705428592
3.017233920479312
-0.2877970823320113
-0.43077839864284584
-0.26194085402614087
-0.3722848960644968
2.6086086387400402
3.069055657673198
0.10925807281510905
-0.6918678292470062
-0.10853221861582499
-4.67851531792896
1.5723222375897574
-0.7327100596683509
0.3913798401509794
-0.9263540139981975
-0.3743497094531991
0.011209335928657433
7.240324493321865
0.4059865380043658
0.0837585576841988
1.1861296562325998
2.3056989741323406
1.8329250867097184
0.4091323137663073
-0.3724918750614324
1.1754683565123185
1.36182555131315
0.8230195894350909
0.5935774924275322
-0.3270606751544284
-0.4897278693388841
-0.4179502030057966
-0.41503175238490214
-0.07353568922981979
3.649279018488452
0.3568219788953608
-0.3096415118083493
-0.2608128330315832
0.3791087825397189
1.1958588704845245
0.010988745066469973
-0.05269270688334332
0.03615002319964188
-0.05892507253279154
0.7109699582957302
4.667248481563287
0.8700329728923155
-0.40677048891995043
0.18706032329339617
-3.4642527611688254
0.9677920892415905
-0.6634599042157507
0.45694867037115333
-0.830534695881398
-0.41735873291427045
0.15588848708451777
3.9013149678374464
0.5126543554130782
0.28265121462201437
1.8906242855359725
1.0631685193802076
0.661875396861684
0.3800792121411132
-0.42031960599223955
1.5489855752456774
2.9614794918441856
1.034511136644576
0.2735317726371233
-0.18457716355960196
-0.3411897592382659
-0.31500111859446717
-0.038222608833017035
-0.17751847674285182
2.331053146716052
0.5417351536567179
-0.26355897670584677
0.06779218647762313
1.1496739783729464
2.167396329998226
0.3006746148488113
-0.1164805466585433
0.017630860795072287
0.07940828068762276
1.1432693693923386
4.937432575180019
0.46844564341463046
-0.3181471428054542
0.43995975260669684
-2.8139253626474443
0.8510194697839731
1.929350997442286
1.1573508996134807
1.5310909108793518
0.3870985525943003
2.1428099204613797
-3.200968336177667
1.4753813075581887
0.1762977028592099
0.7910488413141615
0.5974885640493192
0.8674280682377995
0.5530004306362503
1.0923061629118551
0.11881969980443335
-0.2587812834044527
-0.1904012861362326
0.2407410368103107
1.347058268873689
1.4733734152683802
1.4082685649784152
2.1624061935083283
0.6997690681714254
-0.9094780120133837
1.9062515810516836
2.0177644991224954
1.6450568405410304
-0.11179385092461017
-0.23242634016178151
2.2059192452312755
2.707416979219099
1.7911578473474823
1.0552646079501589
-0.9474966403836683
-0.5604864969801395
0.07110878996904217
0.7349545342429119
0.7159330976502972
-8.770427117446719
1.563707230343244
0.23265894474131363
0.49095660129265023
0.10560375883907222
0.30664840070863764
0.8899585256074508
-0.8876957223295037
1.061982598061085
0.13276442855837745
0.9128770627077352
1.4885979820459212
1.4860507384444217
0.5071447817627004
0.697791252787354
0.49979831256235585
0.6438033202700563
0.8595688275735176
0.6086549985632062
0.5526621617839735
0.40817389215317956
0.22180282548240912
0.19063753217012075
0.4704787017119922
0.5990703897541649
0.4904542230920556
0.3982111563574053
0.887519141516617
1.2692428275642704
0.6462692859257125
0.15688892651709352
0.3245443902676521
1.2671893072724008
0.7976747154977133
0.4626204155129915
1.5081339438843573
1.0066220872226086
0.3748275463339079
0.37084796035217904
-3.641498154952153
1.3808654728796756
2.197278487170106
0.680457709025467
2.163292838963927
0.8700587979893409
0.8011311624211387
-3.6063125090157175
1.5745710950595362
0.7790327152847978
0.6912339235887978
0.7746658237404567
0.5533422398860965
1.086817103611806
1.5366344842074187
0.2347259032740774
-0.13715989511395452
0.35690505478101026
0.4619460901059697
2.0940248167697635
0.2823487294646497
2.092737875983248
1.089611964445733
1.4943307112903508
-0.6392128240867758
1.8059253019796602
1.572326543362877
1.287287574236978
-0.06331580912993832
-0.21140062189283154
0.926195696476385
1.1904960651910919
0.9016330977281292
0.978978375680496
-0.7430324258990355
-0.2652257135410414
0.5679742799224846
1.6232721663204748
0.794997175215951
-8.75450284341048
1.1112226142943211
0.7126761052904286
1.305664259571805
0.4708152978987501
0.7555940670628605
0.6707680049059159
-1.9761326239011183
2.1334806204580925
0.035619531936140085
0.9029694232212716
1.2179666014630366
0.8968600562117772
0.17024603222076767
0.8291629530962371
1.7663936360911592
0.3909864063534546
0.35269683741431357
0.01603259933893587
0.5197504108672768
0.7006921830595312
0.7969391071379365
0.6976477044899082
0.6575043275474955
-0.16286574504608395
0.48294880503320925
0.22798545715532173
0.36127750195903147
0.49084604899299256
0.4342428300905433
2.187624776843277
1.12766253007557
0.9897744148215607
1.1847026226187474
-0.16364288817895023
0.4275149491451106
0.6460555658161798
1.355110625417039
0.9848001639534533
-6.544937489760586
1.5014295270152256
0.33300556213097826
0.35357201247388004
0.22550722782445917
0.28008473215771884
0.3806906030104039
-0.91108382195537
0.43218134358828025
0.46993038144039706
2.315950494625876
0.9454267872845673
1.297485324911823
0.8432952708426826
0.7619937009840485
1.2294376944980439
1.1503741778253447
0.3650285060591675
0.591013638906554
0.05971517571372163
0.15160365847712634
0.4956078609661746
0.4205933258569103
0.46084757737539406
0.6392182597088305
0.4942468452923218
0.2239123793210654
0.4010672301898945
1.3564662628664088
0.4458126870013484
1.493626532047242
1.6016561194983276
0.28941523111285666
1.0315916310376254
-0.02371426034503618
1.489704170941147
0.9794213236163356
0.22762927308245884
0.5627184283817973
-5.349457899430937
1.0841232330908492
-1.638821449536139
-0.34161730505461263
-1.8455050647479845
-0.9366939920784625
-0.5250068399703427
13.24372423297447
-0.0003159992682915426
-0.05785783315763525
1.7049154449171156
2.19068823682037
0.8814751861330148
0.009341186103555173
-1.1842308239326156
0.5054938013093457
1.0194792501018624
1.3768172855779974
0.4389730688775315
-0.9247824069602076
-0.919592958459427
-1.0799947323900387
-0.7914011559164696
-0.6714992692281053
7.335609190036159
-0.3669356022558992
-0.9486107688523047
-0.7504901504038173
0.6975610001530952
2.459008062433002
-0.7057413621249098
-0.6513592960123207
-0.6760510459930112
-0.7159764346228227
2.9508288475607776
6.764859317735211
0.20148038359314532
-1.1404727598479036
-0.16940547748210144
-2.306319664246704
0.5412911213823244
-0.0907938815592004
0.6215438444275158
-0.48554169047004403
-0.06756615536807076
0.4834679338023926
0.46455300271791755
1.0676132789300354
0.4613443913800458
1.9069360448624728
1.2476516984736792
1.9968191399046642
0.6510083514346501
0.28167255570406713
1.7551832854263811
1.594710266656337
0.4179886985783543
0.6343459487139457
0.3826370234479479
-0.06645115292399356
0.16239998388781612
0.5584458221578579
0.5249641491230378
1.8101782050361963
0.5565975367628225
-0.08851562266752623
0.09257197193959357
0.35219040175474486
1.0726438234876297
0.4244401444966068
0.937863697008305
0.19196094707051348
0.17004516794056548
1.5895747421780184
1.004841323354779
0.7685835009951096
0.4832023659595375
0.068114227402906
-3.860687954461531
0.6842842147432181
1.6715448969983606
0.5807861070722302
2.776889718830435
1.194182201121801
0.9548862160654825
-3.9947462782205254
0.5060582608917785
-0.0072506688945464005
1.2513264626670917
0.6813335610858888
0.8035630379471661
0.41215764099332725
1.0511231815139024
0.5758740491924749
-0.31087474601559645
-0.23279777838183535
-0.26587957713098853
2.371852986243192
0.8905759814573426
0.6396933961940816
1.0362492053538255
1.6893548351271384
-1.1977661330059333
1.6643019830592993
2.128536006206907
0.580803437730284
-0.3744867248917418
-0.47165668607343403
2.9716445669921288
1.0012932349035302
2.147892608090885
0.48072430431061386
-1.695064830663167
-1.040793281413299
0.37076584655514233
2.025566466159354
1.2895586773001029
-6.428571234979568
1.302216651475197
0.35034852963760504
1.192974112371796
0.15405213817177274
0.723639058258258
0.9796238427377995
-0.5672409873400881
1.7428246708102257
0.10693806579562193
1.0295074366466022
0.7637436255753209
1.1565737430020773
1.183136156326749
0.6193986564205496
1.609776511063976
0.3025148515726125
0.8858117211414513
0.7525790003380083
0.40476212424594715
0.20821544145865323
0.968959912387037
0.6593240720546198
1.0563726889140537
0.05944523534431076
1.3787928646630672
0.5811004877188299
1.0623514383200832
1.2398365695851588
0.897666679343178
0.8738214634977411
0.44909234237462053
0.7543584182619442
0.23717440481794214
0.4696974542320059
1.2102516233959415
0.2511250056095408
1.2992602814995433
0.49896258710601205
-8.84171620583425
0.9590657297145458
-0.781529585720508
0.16715086122054734
-0.9596552713394799
-0.5703613357426678
-0.06936947317057418
5.421318729304881
0.8453002088584266
0.42500853119559395
1.9826315142225364
0.6051302008444591
2.0933250252920668
0.39570498230619316
-0.5332217201437579
0.6327884885067598
2.1457179099324746
2.204363727788418
0.18473556996553173
-0.4043368360328291
-0.6082920504277798
-0.563279566389394
-0.2285642046956806
-0.2392457714149305
3.9368230024756765
0.6440219091806275
-0.4354488679956731
-0.19771349803039145
0.9275883129031376
3.6364120143867447
-0.3222713604205379
-0.24745645245235315
0.08822158466949631
-0.22376960420640152
2.1600449000317377
3.5120789880724153
0.19037483508205955
-0.4695931524389331
-0.10359189423203807
-4.227950517323082
1.1085146760195261
-1.4807039069231303
-0.4090285314564195
-2.2888762662854387
-0.8376383593095593
-0.3399979794016177
9.798069311529423
0.19239474524379574
0.206025704156659
2.344991064332891
1.7756673914276064
0.6023726750485201
0.17930138703796233
-1.001148222486058
2.0416402643981146
1.5889834989100315
2.196076189721721
1.1317113312967173
-0.8947454336675309
-0.9239878944757639
-1.074796244132773
-0.8095545844314097
-0.47398272810456565
3.470780571402057
-0.10129825561496628
-0.8783294494038719
-0.6090120998686132
2.285324286672793
4.531393065756221
-0.6345424193567251
-0.5850307359628145
-0.6468734666632024
-0.5860207199438633
3.1179453366874266
4.2735337667165805
0.31098065731252733
-0.9418073443018308
-0.21914393583375064
-1.7819283610305383
0.676904279359653
1.5386499131090179
0.4664520468625349
0.30260215855705463
1.5130343093615748
1.6144997332441868
-1.9576016030981334
1.3657818756398037
0.3747173760630244
1.6346944467889732
0.9785933547636544
0.542410883092053
1.1184230698802566
1.112471180409916
0.722467407654531
0.842181846257567
0.25651396022659484
0.8739921434017075
1.2849674919176444
0.6814927628066257
0.30914633763271576
1.114645356846051
1.365834304325185
0.22464798727832785
0.34770034586558396
1.3218053666753005
0.6124926301987056
0.5484150635503978
0.26190132191000626
0.8671184440751026
1.9413959654195896
1.087053649223419
0.9576727918930558
-0.2311100661688239
0.16630012058901994
0.6028470422313496
0.761285399195796
1.0522856377916345
-8.63044602452231
1.498638118468877
0.2361572197429842
0.6642517417083235
0.9035145424740034
0.557136942760677
1.6378345354235535
-1.7612715792241882
1.2553446142412734
0.3225491743850916
0.9282266712052236
0.6831057804884817
1.4628550406620207
0.3153000473745935
0.3201248290651002
1.0077045685167088
0.3223083115591002
0.7830475293590209
0.32759850342110874
0.8921784844598385
0.9499496453152726
0.7499273058894103
0.4883189889292107
1.2991394219297019
0.28200680606430606
1.6243623567882952
1.6750766757311284
0.742234616689489
0.3353557093784008
0.007679114977975738
0.8216929722755519
1.9180374537290446
1.1857959047486826
1.0528066051130023
-0.26611792835218806
0.2938408817578276
0.715935557067005
0.5339207669445757
1.25597124636453
-8.682548212874766
0.23138079203998807
0.48945846095523454
1.3971666534037597
0.47532565855352477
1.0409715475043653
1.2520251086866088
-3.473692037586535
2.129515210685744
-0.13719627657670605
1.0271544113781592
0.38640883595549896
0.2284534933077686
0.3918378435052539
1.2318940794733046
0.9475915199806333
-0.050550327935466044
-0.03333691418791106
0.3907509165720694
2.006363815619605
0.6836497440200994
1.7824733585688661
0.9979681867746562
1.514530861473072
-0.6685693234588986
0.6257540521097562
0.43594224721728936
0.9184025182317052
0.11702105567174814
-0.2599122481628633
2.3083236040150616
2.180850907193576
2.1967381646329445
1.0094557819185581
-0.9514573882318614
-0.384406790932444
0.6030634843273364
0.6391288357590609
0.4096653452150152
-6.438926844154122
0.7341328424912752
0.44272193294772066
0.25569701026003644
0.2839573114612588
0.4164561324877088
0.9740735129005432
-0.5721409868928425
1.0515417218855598
0.35680405872966386
0.8756374341539391
1.354508080958007
1.8126526231021074
0.4801417633375014
0.3727618580437476
1.5569597209501558
1.6881982091599539
1.4191110512023613
0.43139388475594515
0.8605806037851659
-0.07676957837818313
0.4071938067440159
0.43483929113178343
0.35312793850233215
0.2180836786903225
0.8312256487052508
0.11675381561251302
0.7085718710858406
1.3688236832036105
0.8109855191718865
0.8344250187959534
1.0807792100988478
1.014663516756588
0.2022840058363517
0.2145695632279525
1.310991977904267
0.975822681240649
0.34033171394817535
0.7957168095729472
-4.879489890876642
0.9349169149804781
-1.07682822323164
-0.23609141793828312
-1.0895512835901198
-0.6409344212459284
-0.21950425126735548
12.940771191167578
0.5479353758841605
-0.20908631410812684
1.1790546955139156
0.6106442809909596
1.330798683003006
0.32269234224594817
-0.8083911717376067
1.1690728579877012
2.7662717102328744
0.43144637413586656
0.54795796296204
-0.5362956263580121
-0.7301799032696791
-0.83539811519089
-0.5122043114323868
-0.2251049038087977
1.4178409182636575
0.25666328032618035
-0.5696353291506931
-0.46659095791141114
1.434393592366246
1.3219457812562936
-0.1778613028028687
-0.08470922399545092
-0.30147790977471267
-0.34079985843905397
2.2379653156604413
5.271727771622338
0.47650147732307596
-0.6049724101111333
0.35003512346279136
-3.68260074131169
0.08908503315866453
-2.25044055629008
-0.6798886071663254
-2.1716813037078357
-1.3365025092842058
-0.8916985503681263
14.502067546871407
-0.45479463204426007
-0.37415530245026535
1.400394573226405
1.6628552178483882
0.6224080427661226
-0.2756957280918873
-1.4329620759945048
1.3765322817040886
1.8699484352873514
1.7340014888419215
0.33191277742831693
-1.2402233088063372
-1.1478938272656343
-1.6944697411937535
-1.0439570463718704
-0.9027683467326088
2.701377276615613
-0.44610881172210703
-1.3008764177605843
-1.0031821633369087
0.457645212557142
3.747247180106923
-1.2956277949667068
-1.130724655557222
-1.0017242394687669
-1.1397357043072354
3.2850700142867284
12.207162515905877
-0.0325472879839013
-1.25829452898799
-0.5119516968666531
-1.8194143209975613
1.4887381978228662
-0.7076487980513464
0.056305447631169306
-1.0267113653818942
-0.29193683903929846
0.43964028961500756
1.76786878328843
0.2550441486753971
0.06041177952918623
2.686491965680047
0.638199294384873
1.5365580289234062
0.10856112768580557
-0.24816459707395694
1.5395353182304157
3.413133198649995
1.4287794107445206
0.311361410620251
-0.10578769311481703
-0.2929532295271005
-0.30625147898011973
-0.0535462934427258
0.18273392101598257
4.069820624975391
0.03792114037360315
-0.40439424512596467
-0.13827734536980565
1.9408931093970725
1.584773104666971
0.2114822736774764
0.2923262870063539
0.21123423217685494
0.020833055714409673
1.5033960048066481
3.069011531662075
0.17171363057951108
-0.22152254805293173
-0.06088143424411395
-3.3804321716400074
0.277228980592044
4.297615360753946
1.6009408588527887
3.6708482853972764
2.2018684154737342
1.853788648538056
-5.4526182774944605
0.656106928096339
-0.056433218099857074
0.32991246422525744
-0.4001034824714015
0.06890321999163421
0.5744810739125622
3.369313442963459
-0.26947329277851456
-1.2636708657473132
-0.9388002950294843
-0.4229950850474211
3.0124553350589998
0.917319438145541
3.922308158616002
3.3755868618982277
1.9328074754153435
-2.298370244937663
0.9846078580631762
4.540880692417587
2.1336933085829846
-1.1171133914351592
-1.7244835650254386
2.7505617951519072
1.4373497496592387
1.6736571013296535
1.3766896930908734
-4.06633320078271
-2.0796844833310417
0.4717451912359185
1.974688601203535
0.3910364946835772
-8.838703735912674
2.0241377938125753
-0.3365737917914838
0.3928016601307068
-0.48623061292485004
-0.2691650298232307
0.288656703346392
0.9187464815597883
0.9641415411364888
0.6076288532269952
1.1554908479267578
1.9826406653937423
1.5161378253946487
0.10519261109942285
0.14942221016643553
0.5827227299130747
0.7279685506817556
1.4180870878282166
0.46253796111553275
0.3428654077992546
-0.26025473310045083
-0.15891890967627909
0.11955465300880293
0.46960414567288244
2.658906640030723
0.18229266377882253
-0.09446370891911735
0.4213765609702053
0.5936291213878006
1.1946621143582496
0.44110128416525424
0.5992538954032279
0.8209129544871611
0.5349737904221207
0.5465978500610921
1.8268974920477978
0.8304487731931139
0.0032476973357871064
0.11156450205746915
-5.8908455139922635
