Architecture: k-jumps
Number of States: 36
Parameters:
4.844284932846082
-8.154612451118085
6.060039826471509
-8.907849573976646
6.942114556760066
-8.010959384507183
6.066139331659915
-9.47853853615048
-3.675339231989588
7.680145861053513
-8.79593527038531
-2.181745992013629
7.6538311972390645
-7.484130562881385
-2.427528152714827
0.5635226207232824
-4.432541606166812
-5.628769500657301
4.776943660977583
-2.760493475744429
-7.445257468707169
0.47553763129929133
-3.783512468259087
-14.74147399496781
0.5519868582860562
-4.249375525534981
-14.999977320968544
3.866999172493575
0.5512314674985137
-11.415140685384774
6.494071185203214
-6.85324203644332
-10.491033820648886
0.16638302827402168
-2.037665410843749
-12.897130880525445
0.07891253584791286
-1.5388334022532986
-14.999977220857943
14.999994481979007
-11.331706963129577
-13.844751844739369
-0.5553613072628422
-0.72984568241125
-14.999661683876504
2.674360910883912
-12.69228881748943
-13.259374401919759
9.19478798357207
-15.0
-4.024000204251958
-0.4820196563856098
-0.16628626284077672
-12.541176787664387
9.119113033113525
-9.740978078622234
-7.499082543514933
-0.7678862577235657
6.154084296895237
-3.1103518459320223
-1.2117834294638177
3.1897682930867695
0.07263316482870864
0.13255524192054288
0.8759382869165658
0.6532954506696742
-0.05465143278881556
1.017287135479027
0.45656862968449635
0.5319564539722716
1.0677298157824433
0.6064598388794318
0.4065126331290758
0.35820228345693217
0.2897642986677455
0.2667925200096315
0.6426795740493492
0.43446221695963777
0.5777851534459729
0.506876414648098
0.28224136609431777
0.8118626828364859
0.6578802293919259
0.5553087651307923
0.5303973504003598
0.34958776915009765
0.8238666113602545
0.7675627358680581
0.6001781069447081
0.18786920508573735
0.15187475083734714
0.605262301429938
0.8463448179424989
0.6613172883245336
0.9460058966683541
0.6798512991600356
0.008395102009303268
0.6667703411209307
0.90144654885837
0.49231949207464
0.2139414884290255
0.8959408266803117
