Architecture: chain
Number of States: 30
Parameters:
-2.9562297390340535
-2.830902492432517
-2.824555576443481
-2.8112770658436914
-2.8042283947196958
-2.8073372781381223
-2.831883915169785
-2.8126602854477927
-2.8858616711331524
-2.8104393611243537
-3.101471662029072
-3.019750413946332
-2.8078137907763567
-2.89762282698331
-2.818608334769326
-2.8388481470048865
-2.821071027557233
-2.812126966212006
-2.928339705193984
-2.873272489340708
-2.8116192657728702
-2.8392363819879267
-2.8054423535365656
-2.8423798952012542
-2.9000954380566895
-2.9049316780957364
-2.9703645296858787
-2.902405646332638
-2.808803645494727
