Architecture: escape_chain
Number of States: 34
Parameters:
-2.9406622287204645
-2.891888121871188
-2.834126485714458
-2.7713236146267968
-2.70648274837926
-2.63761350805296
-2.564094822598467
-2.484288684671246
-2.396914419990112
-2.302280756680959
-2.196681220529775
-2.0788806809672797
-1.9451134407173345
-1.7913269336575164
-1.6081670923740132
-1.386157729913472
-1.0999454380375742
-0.690997937013778
-0.00021353104929683255
10.63244490467692
0.03155238538125538
0.08037321069617365
0.3983926467682808
0.6304273912528886
0.22098081186187946
0.49837790089606115
0.5472477517696667
0.9578873431732713
0.5186449023360796
0.9572117081011378
0.03289662712676289
0.16232189238595107
0.7509310425109628
