Architecture: combined
Number of States: 26
Parameters:
0.9523561288042853
0.7336883429675364
0.11111445507815099
0.7522236894090724
0.957256526451208
0.2153307903317223
0.1858547856766004
0.6404094748277248
0.3092555176166354
0.28178633629181027
0.4835570951800958
0.5666504952565892
0.15121566353255644
0.3748735908995805
0.7741608545606034
0.38465194449968754
0.37788664936045924
0.3920619801348362
0.578228273553779
0.9794269722344406
0.024900678890615202
0.741529379862878
0.9431733734402026
0.2897690452833034
0.5116245739425797
0.5477940137856798
0.39509767625357595
0.2335278172540426
0.2340353576548938
0.4936700613336469
0.7516166523636061
0.14860734854142343
0.23384358316698728
0.328149547147215
0.39008764524356476
0.0931257879245716
0.21214732939837
0.002562413641631456
0.45854984394965126
0.9194519328560272
0.12825178817588123
0.5153854491775582
0.06881674163853468
0.818726639139656
0.602476317644091
0.3994879248407962
0.32828131555856144
0.3346501621976061
0.6207088710722177
0.11565131945942708
