Architecture: escape_chain
Number of States: 48
Parameters:
-15.0
-14.908477334288259
-14.908448704537635
-14.903822705486565
-15.0
-14.935799313778224
-6.226617552122703
-6.2201442300783
-4.587945190165118
-15.0
-4.577976346710623
-4.386513083914834
-3.8541107557851304
-3.3500024830599644
-3.0822252833324444
-2.605171001804908
-2.270691128385262
-2.5767330634333425
-2.4172399169153427
-1.3837325204212219
-1.6333027786022762
-1.5422816009813551
-1.267505794472539
-1.5315525498156783
-0.8174654804294518
-0.7923945369686732
-1.8824989708441933
-0.5340467832780544
0.06824127801388395
0.5928492800983961
0.4237997869117266
6.688756892051807
0.6813819850439857
0.11367476033357315
0.5328925361951852
0.5564719321364431
0.6864163733040852
0.8804104733225393
0.8957843394372673
0.2810208361510449
0.5797698229875037
0.1580575983214586
0.500576444248357
0.723468786708559
0.43755255743011134
0.7339385832903498
0.9009357974370178
