Architecture: combined
Number of States: 48
Parameters:
14.910482896194093
-15.0
14.745445679831473
-14.95155123887326
13.949903698632186
-15.0
7.280935470083823
-11.382313269854592
0.13125143849585347
-10.806433897475612
11.819624516410062
5.689405485776841
7.630219194729153
-12.093422838562843
8.207100711369822
-10.08111080007025
0.5323754007222604
-2.9422388949454588
0.5525199065156726
-4.366652751799586
0.5218106676538146
-2.0676481304108667
0.5294831752015184
-1.8223662875845343
-0.12107366528679371
-0.551399473841364
10.041345447906888
-3.401855418532534
14.150586368671018
-15.0
10.029800702746732
-15.0
9.785861368801163
-15.0
12.520127918305677
-15.0
9.413329235297011
-11.392319306047273
3.3733362909155797
-11.235716260737389
5.667417132783237
-9.634584298185121
2.146651583402692
-6.014114706030235
3.6154686016892676
-5.736479510680707
3.2791771777171577
-6.738269045167987
2.8947342176198365
-7.426495128068464
1.3414231370446938
-5.769149052354577
2.6675387423492465
-4.852742167339163
1.6686354241236139
-1.380838502494343
2.047522707597279
-3.808589361537298
2.578530702582449
-2.3304362843560247
1.6803439871673709
-1.9465947350787958
1.3372899243530019
0.46937318666925487
1.2204920901642853
-3.871227400713347
1.0415590240879984
-3.543259711473473
-0.2469542332766467
0.5390574245867086
1.5981436594179534
-2.25711816364825
1.1243750720876504
-2.4790106373088974
1.7236565132687314
-2.3718998237733198
2.5026048457039285
-3.6664310978285495
3.174106149689125
-1.7006457154171277
-1.3167278521265675
3.3049562775884005
0.25073940730295446
1.6704175268959167
-0.025455996970323733
1.9347945597080245
-0.027678838956488604
0.8884472469881015
0.4842281141453344
0.9362307084456069
0.5577435483292318
0.799824371953954
0.35697404644390174
0.866714461340681
