Architecture: escape_chain
Number of States: 26
Parameters:
-13.446383710170585
-13.44937280898423
-13.484475402416967
-13.4232217165597
-13.440364814551488
-13.463038472352737
-6.1000647456046035
-13.47439966848945
-4.4535494534558095
-6.069418425355642
-4.271132008931962
-4.086993772219867
-3.9313401813824154
-2.9709067881139886
-2.8170060517539035
-2.42156097309315
-1.800554527070959
-2.4999773352344445
-1.4714079713529078
-1.2916423023246
-1.861845845112717
-1.0983179005352266
-0.6117807816792039
-0.3928911094237166
-11.009808914665092
