Architecture: escape_chain
Number of States: 40
Parameters:
-2.942491566315778
-2.892820546844218
-2.8316739282549235
-2.771655382882178
-2.707201431707011
-2.638856909611249
-2.5652146236185955
-2.4854680438411423
-2.398322068451034
-2.3031687370586664
-2.19757902480585
-2.0794798031202575
-1.9457521390503472
-1.7911906988662136
-1.6087563661714737
-1.3862470760199987
-1.0987461545493409
-0.6915930068172189
-0.00015436319113567462
10.63231554370816
0.8105279465930098
0.36686380833364307
0.25752969363634115
0.504161713134868
0.9223836147151482
0.9167188599048715
0.6593248408502619
0.7801503590496862
0.8347883313064244
0.8279711426213555
0.21361770379097988
0.11474847451121728
0.20944649607226662
0.9463517535014293
0.7599056367622359
0.9513492309723403
0.4430798811454817
0.48103940490487385
0.02012131172854681
