Architecture: full
Number of States: 42
Parameters:
15.0
8.601175802174843
5.369640398094727
7.21532495294621
0.6109664230532029
-15.0
-15.0
3.4250634007628316
1.5195160374603414
14.688161737856078
-15.0
12.183965055824144
14.968781776118615
-15.0
6.807491343977187
15.0
-11.343195324971154
4.3007896218834425
9.183514682476007
9.972412946039046
-1.7359487016716248
6.635466788130714
-13.011721834387792
-2.2289986321443793
-9.322750146993922
0.8688891127989906
6.260787233270865
13.196324214987433
5.171737289123318
-15.0
-3.8819282427693778
-15.0
-15.0
-15.0
-2.5761396291890324
-0.7750288375034664
12.183189203911134
13.94707145359281
-15.0
-15.0
-15.0
3.214331529742735
2.0966445557222984
3.0443369701798098
2.0861327235510454
1.805815996888917
-2.7924408503667872
-1.5755847702080201
0.9600515438184902
4.03216890547813
4.948486829346674
-0.6569634085732026
4.599486431313339
10.977211836949696
-0.9594656545235978
0.870577838046955
7.659068070144366
-1.872757350923255
2.583952790589303
1.792680373576319
5.077706880141436
-0.7554717825802367
2.5339963093485034
-0.5545436610635439
-0.3460751271548104
0.8552266779816939
3.230999696823982
1.3248449725140157
4.076974885694322
1.9939168569533252
-0.1754261493901675
1.9060681327710558
-15.0
-3.3168858746485883
-3.9649661494979904
2.439909613862882
2.15957914877897
3.427981302008757
3.6526152401110847
-5.024361974604101
-10.010181725772144
-15.0
0.8725708238071891
0.7268846739690051
0.40333641139310017
1.3675314936468523
0.5179535407272262
0.9902051473318231
0.5770891532375364
0.42852598791198926
0.7179475360981076
0.18086533855223927
1.152673943461934
1.045554834707867
0.5770379179112892
0.6956789177363591
0.08452789704722188
0.9699218339220118
1.2392292973322543
0.46191393096633826
1.3225851516661136
0.9752834750942438
0.5714364520981519
0.559454103055228
1.2008577667786802
0.8533269555309
1.5594611705689043
1.2581632294860865
0.2579380547591671
0.34349336333194447
0.642665846766873
2.4304017487943272
0.46600665302643157
-2.488693154464486
0.6920183454478002
0.9056841739730054
0.7867701874312468
0.7191758456146844
0.6058823389251787
0.2503394606183332
1.061490114714464
0.22429639482758085
-9.086968838295968
0.3972925051450511
0.5325818819038213
0.9738533853899973
1.0605811473011502
0.3353162181747714
1.421453187741316
1.5497342756921777
0.9286338153222344
0.815344512231409
1.4319698804147
1.1355999687043639
1.2759495530157594
0.8039333956121049
1.0490163492419775
0.46617744387013443
0.6583744273302026
1.1521895832195523
1.3409416655450377
0.27941382599886716
1.3628970294256737
0.3242839009036448
0.5963040630287734
0.8268561085023417
0.39567432258342805
0.674426391831427
1.0251704598832787
1.399371317528558
1.1713040801199817
0.43930699892436625
1.8104947318711808
0.4979487383536514
-2.2263813317470906
1.1994907687040972
0.47553217921814106
1.3079537844839146
0.6697967249483212
2.0144683813448716
1.6078253110154417
0.5826998776840401
0.1471788574393817
-15.0
1.0095043199168914
0.5735908791760571
2.005896135017467
0.296381474729588
1.5566711880666952
0.5452949422286972
0.24120754957683363
0.30713671099101836
0.846606772625918
1.3127044348881074
1.2429941823108488
0.6848260386277129
1.172447608063413
0.512098918292429
0.3278355558206035
0.9982046885622172
0.8949642064989268
0.2893935824567592
0.871904508893019
1.7566727799931379
0.7389646692496569
0.5699931987419571
0.9524966664934242
0.4627885443613602
0.936740559413762
0.5303040625827894
0.3105593396200629
1.2415505236930524
0.5246673598889982
2.223135973989772
0.5433318096065003
-3.282791281464147
0.1393519212137489
0.6960368946956577
0.3930889968857021
1.5691445290011021
1.2722023414412844
0.2625771848993004
0.19158407394190813
-0.10524181447392485
-8.623814688342007
0.3531920354524144
0.5566658082285738
-0.0011877290177659174
0.5309648820239168
0.7105140000450765
1.879370748338947
1.6044284594629894
-0.05470715097301226
-0.14576562722063705
-0.11642487291952898
0.6753115216358713
0.049647143996672534
0.20164706818211134
0.8302805562009012
0.18863846225826594
0.005628089369780445
0.46022752852938004
-0.030866364939032324
0.408019202581611
0.0033383475676558244
0.8085345690077786
0.32745581771662396
1.5339847419566854
0.8290495956371544
0.3512163596543886
0.08893712195447767
0.6496107200371808
0.19269222673428216
0.39530339744032444
4.220626147419782
-0.1254086601830243
-2.113913933214421
0.838725459709603
2.4925562856107506
1.1147649532955985
0.13313984326158992
0.4688096402647169
-0.1724363528954397
2.7193517984230597
1.3292112018440543
-3.0766325599049313
-0.6175845568907162
-0.14075153319363132
-0.23363957123436283
-0.1970368825745639
0.4056224225409788
1.6021681062839617
5.709828876554524
-0.18124431587355763
-0.5383222007191336
-0.7512941481223069
1.975243245843123
-0.6004392175407481
-0.583892678905555
1.238681289210581
-0.22270157240146346
-0.4891033808058545
1.1964374495188324
-0.4957374588275733
-0.16699062426924938
-0.3918251814760543
0.19129099532844984
-0.20571787677964562
2.602188299423108
0.5478295839855993
0.7020005140684712
-0.2654033631650585
-0.028912280035716595
-0.4078570899475376
0.19305649027947616
1.5901491053489605
-0.5282844860614496
-7.042673989211672
3.0346149916064706
8.607042167509857
0.3928431255190638
-0.36063374859049613
-0.17671865861929453
-0.6851980172967231
6.0059195308345075
2.9074047169473873
-2.7105426767562615
-0.6961786362458803
-0.12495455660180962
-0.15385696793365636
-0.02069249640240907
0.3039052019505524
4.046029088628415
2.166054640733917
0.20000427984921873
-0.4246162438859313
-0.7209727582897187
2.11191482853311
-0.4007038748053203
-0.6737561562300917
0.8313140680513003
0.03920142482137812
-0.48704244760627546
0.910579896918146
-0.28065140355090473
-0.13680711268874368
-0.2332201793750738
0.8601085695206865
0.01367216729255298
0.47047302662525387
0.6086906660003892
1.1961531113100006
-0.3108341213131157
0.21963470556437442
-0.4685488465780333
0.27438827647970465
1.0864640832005814
-0.5059543763819481
-3.319186964450333
1.607174153701129
2.4196756687945404
0.6484034243951938
-0.2708296927516693
-0.42048600158293004
-0.6061072783268623
10.429603908818644
3.45426942332806
-0.7797529597271282
0.12839150342011155
0.42813800667120355
0.3369342369301186
0.013116331236764627
0.08863115438051815
1.900643755817186
1.4321800672044067
0.33600652227174843
0.06957838047340692
0.026653448316097124
2.5484302736594855
0.026351357716579486
0.08485034387334618
2.4616480335705377
0.047219545269077914
0.34483974580911103
1.7535022716607889
0.38312001563468534
0.5917904727518674
0.050376439909578394
0.8179926179158197
0.34122171375588284
0.7183781646826045
0.2324274049683669
1.0134155184721032
-0.08708595214518747
0.7546807055830164
0.5157104769593593
0.9061978155765975
1.4642147504479601
-0.20166633592792388
-2.5001202663121913
1.275559536428619
0.6755021104112223
0.1708654961878982
0.43939910594970855
0.5538528036322367
0.2123756886893053
1.7441084943007479
1.003918206633992
-2.757706050738532
1.648654446704425
0.48930259472727017
0.9922833265799984
1.0594010446401783
0.6114555859902272
-0.028841139370474587
0.542626631599429
0.5838599286461826
0.9047369675102321
0.5194309576708795
0.44392728514428786
0.38193099326917695
0.5487243086294272
1.042175226167449
0.06366194229120382
1.511959209580458
0.12893882209135404
1.1693583830173138
0.33498196892389054
1.0805376984033197
0.004096324864414129
0.4611564610882434
0.8495705874337471
-0.04401505019972156
1.1981099828694726
1.2217791714249653
0.29903421411609504
0.6358840202302081
0.9813593855352399
2.804210158989217
0.7038127202493341
-3.7091122572772095
-0.02964806710518375
0.1767387852445792
0.8526212603507889
1.3536412980299253
1.0811193689289338
1.237686651254258
-0.29154511689132906
-0.8227944731048682
-4.853390670331288
3.5053773304312497
1.4022371045754611
1.9284569312449333
1.2420953792708112
0.2596977241755359
-0.9100144113010771
-0.318679105489375
1.0882339707776303
2.508334048682302
3.4613830637203566
-0.2282266954054879
3.4282964437205625
4.954528181954193
-0.1206875966734057
0.6104612919864468
4.049260605791463
-0.5472431509731223
2.088943528326616
0.8118458176274931
3.292818623584276
-0.34821710292191416
2.9744136102342686
-0.046398344925127046
-0.2563451542809056
0.7039963696766671
2.082857044921984
1.0101303539645776
3.148107588876244
0.9025187452557347
0.1423732449832049
1.4393219450006307
-8.215938220411228
-0.9075116070306429
-1.0778214200208014
1.4485340594299327
0.7430651894826971
4.901015842297944
1.4950497915658592
-2.3268951176835166
-4.672547932753826
-13.976155475622383
-0.7916410205013432
-0.3343902372943902
-0.15520760290760455
-0.31660306628501333
0.3682098501560546
2.950757873570445
4.483437704354979
0.08938460730260167
-0.520962580490199
-0.9012506330687364
3.379262142776035
-0.5915561269693105
-0.6328977097508137
1.8246469514209798
-0.3719457221620041
-0.6313870598836927
0.7398874683520268
-0.449822781305407
-0.3182443249297636
-0.49208210496341465
0.31629730370686676
-0.28070884462351975
1.4564498996767452
0.8012327469930955
0.9745360064223652
-0.19499220583214177
0.17129259747150552
-0.49216298165709127
0.25452861722675757
1.3377829069343827
-0.4607715145706675
-3.0540407556786775
4.424337171914242
1.2866961035078697
0.5161058482820841
-0.26658282576705844
-0.22241710765255526
-0.684718079018643
4.603250569093813
3.1403471750266956
-0.5342640625395386
2.177717310125096
1.2164392432059583
0.7745904156735143
0.6997694580851873
0.5777159390827177
-0.43552418294192624
-0.15321327614137462
0.38897604521145657
0.5516627295606414
2.62476960233885
0.2682570328500438
2.730379146805693
1.5501461267555612
-0.15644551123319814
0.052774099017389144
1.4856861890281192
0.0042099462815131175
1.8459154468243577
0.5756744482477826
1.5509698720172653
-0.4206176873323873
1.6300214101155432
-0.09081339596678867
-0.19370220569659008
0.6079561399813127
1.6962378638643119
1.0395186187866274
3.5058829697145524
0.17445340379822735
0.5502504314988458
0.7815529457411878
-3.686728341315499
-0.55642989500242
-0.5424169648041994
0.6624103712049068
1.521918198007579
2.0800481474893933
2.620690358218281
-0.7368899748355087
-1.4961108497491284
-8.12776235612984
1.4955347594450692
1.8230854073406915
1.0958093159805924
2.4426431037557754
0.8003381798170619
-0.7253775454770561
-0.262269002919561
0.41707623805734517
0.7793534751426373
5.366452606551618
0.11345354206725453
1.220539335803026
2.0561904201794947
-0.15941505610967602
0.3231161746569826
3.5607724495235784
-0.3641134131808031
2.2918566002675917
1.713330876444818
4.188899399424628
-0.3056182820202218
2.323433621983302
-0.24879595492807416
-0.16522991295463801
0.5062977528289554
0.6925828944021236
0.4659077253401209
6.247543916879135
0.9904617107365882
0.3608117512281384
0.4661256740158159
-6.326026197942257
-0.6906686009837788
-0.8665000033871386
0.936076867825724
2.1430844780840803
3.470615131644133
2.6809705851263974
-2.375728317753148
-2.8259630563937033
-15.0
-0.27878404312322785
0.36670495411763393
0.3076285707421326
-0.2033880995558892
0.45089078624473794
2.211711601088579
1.5942770828944945
0.3490923908083453
-0.3169336764031873
-0.4962774549030098
0.8816977977240433
-0.20285757090654538
-0.22575224445414827
0.6823318116905989
-0.1769533356952439
-0.31239147917085985
1.9145480425562273
-0.06381011777354215
0.25539924887755544
-0.2628794640858055
0.17752629689584962
-0.0230494516444508
0.6782953551423895
0.6902513593685143
1.3318365443651803
-0.033372487775145246
0.10849945731014589
-0.3038351692466743
-0.07241167045759031
5.254793817424946
-0.1494190652134445
-2.5049617870093774
1.3316850888322456
2.022536702559699
0.44964739535328807
-0.00218234536016634
0.139977907441349
-0.46705286660583306
2.086839808149673
3.199929641458545
-2.305240892857473
0.494827927795148
0.7960243085200711
0.834499661263649
0.408575888755335
0.47317061875933714
1.4241543975293622
0.9065716659579075
0.5142037864977683
0.20112781798234305
0.0362116157901819
2.6688583584497447
0.2804971315500619
0.45389787592848535
1.4248358477484302
-0.15606148902342856
0.21823703206516662
1.3349816395266978
0.05459593235499517
0.04465048588917192
0.5402766268043593
0.756902300082295
0.7331777834649545
0.9717755407480627
0.4076474552930578
1.0050929911280595
0.6379047371365619
0.618703275845979
0.6100441676854094
0.8384941038330103
4.804034128452221
0.1725494159169122
-5.53893262096915
0.9504603494302412
1.078539832816207
0.3496672191806995
0.0864753951272241
0.28093824716057864
0.22365105039336447
1.9866605326825517
1.3734417092341589
-2.5165808717795763
6.493639708833106
1.0013240688189962
2.882472888863093
1.6720414421924485
0.18199232032621812
-0.6063593755511467
-0.27600379542409226
0.34796064292467965
0.7561157124387595
6.123623984579442
0.0666112267424397
1.3140268241080977
3.8683626817786987
0.039641836183790906
0.1746258643636004
1.7349937874386656
-0.36524628288054295
1.1847862165984222
1.8411366333589907
3.7563608036024334
-0.3569795759718972
2.2307451309188515
-0.10684204320087617
-0.3161599544302577
0.3407635056303783
0.7417207112293783
0.7294335077572693
1.5594993027864157
0.5772757081186629
0.15604529449738214
0.5002543014954303
-4.9567013095043135
-0.6518305592637429
-0.724612049232053
1.0607470812414619
1.4054775855429469
2.496426371864687
1.1989870851230222
-1.3963786847505788
-3.0609141147021806
-15.0
-0.029212355324874463
0.4903938925542987
0.28145982909797945
0.25348960165203877
0.1550667445374672
1.674741602461944
3.3468414228808925
-0.09528226033686174
0.10589747931780223
-0.2802087079711097
2.521870967778546
-0.3068465300415911
-0.13939228999404524
2.3210513181529873
0.2259557988861138
-0.3020761577931521
0.7345444534020604
-0.3089751487668447
0.40287262629234
0.023482538286733037
0.4654444673413234
-0.11701136768752728
1.0881496602378975
0.27774335443913356
1.09748904127846
-0.0855436350031594
0.4476603720693046
-0.2590506295436236
0.3631810729215318
4.028788488124666
-0.07224035748040299
-3.701547966611656
2.8000052852363635
2.282060568816394
0.6320473441043186
-0.0555089689153419
0.273851310855181
-0.1431327145773914
2.458266894133864
1.3745682086235818
-4.0901147039758605
2.1455491289074913
1.037049301794331
2.329013395168633
1.1355451995037043
0.5997068112378532
-0.03403800587836328
0.30673725320804995
0.6194609254562273
1.0565674400252802
1.3895373624769667
0.8194849502625114
1.3388609893906829
2.149526994902286
0.48181398162668443
0.39382668374254265
0.67617698484741
0.15480027711058705
1.5972569240968144
0.3377598236112306
1.8166179094056547
0.2665029057461392
1.8038372120527255
0.6014538011752786
0.2725904984164524
0.9808784247876495
0.4074860801112394
0.3471199392983111
2.2014282924190067
1.0056501821945105
1.045087761548764
0.5725999581159891
-3.4998253075634915
-0.24783521085028104
-0.07006196924481582
1.4681578753433588
0.2487275227598215
2.2339591479211647
1.568319775695505
-0.49656998049574747
-0.9475777121244396
-7.572032338451476
0.677303789701567
1.1848775892159749
0.9010474247842634
1.2702422810191283
0.7185913182466881
0.5796384523192853
1.2903707589241022
1.1772681743546467
0.738040329831069
0.36075220238010036
0.5659026376274255
0.664298820477589
0.40671175272736665
0.35931437196100124
0.783612330658699
0.6382853830539379
0.8478533042647822
0.5840879422184059
0.7517243232979158
0.2698042839638734
0.3572971472162927
0.17455860104680754
1.5458532948677974
1.0402682459951
0.4291906688569646
0.41593774792734095
1.1103074214463744
0.301880618223013
0.8477983525362118
2.45330708726904
0.13592167550892928
-1.566846970144984
0.7014797577621038
1.1186741659088726
1.1968972709295165
0.7059297250777519
1.4525533615339241
0.8602073940121618
1.1589759871464347
0.5435303794052211
-8.669162512502343
2.180693259397068
1.8612201738734022
2.0234139433364
0.6683758102196578
1.0138860336723736
-0.392743436016544
-0.40222167200197634
1.4319551330304867
0.5635173081119326
1.3434826107652205
0.06906881554624172
2.2739631796025113
0.9209431721957837
0.2145015707715691
0.3187515107981174
1.1365460414141677
0.025574401189140304
0.6191471186613915
0.9520917833678572
3.4230704785073014
-0.11132370366383448
0.6354289857464851
-0.1522128334160827
-0.14426276102195157
0.8825529643242704
0.5146635328347484
0.2771052597460748
2.4791893755044754
0.35906758280708884
0.8647695135024731
1.268707044726933
-3.5500335526684434
-0.4874738627260309
-0.4064037580154541
2.0355842163445237
1.9048922688294905
1.5941227674121656
1.0111803707791367
-0.6500949236436947
-1.413552957144838
-10.628453535856343
-0.007541156058149695
0.43904777229898095
0.10411926404113866
0.3009978637181797
0.7127158313059756
2.064306862579267
1.6879706844756455
0.23771887071003703
0.07406475409530511
-0.24097348462139126
1.8293598401075633
-0.24757269547323413
-0.12770099160736204
0.651847858209395
0.04322081536372681
0.08852334995540824
0.7584777868796586
0.06993140730373511
0.21443248701391127
0.24476849045400184
0.7538853871296838
0.1150671272529991
0.6330101383417658
0.904530020457121
0.5262178484173234
0.2604302261997724
0.49788095952042005
-0.007106663283095692
0.37109316903328926
3.660566355856736
-0.10055308444805004
-4.498006955848626
4.254504847248759
3.8127484589440592
1.0998674993981101
0.17710020306603505
0.2903883695520604
-0.09945908641688572
5.836031638635964
2.526240776245699
-3.4065144823504143
0.31267950461331584
1.4447657134355578
1.267154263256096
0.8882537071529316
0.4636716474474858
1.0599891449779084
0.7375232249487024
0.21529111235081969
0.7277556460593742
0.6951006251923862
0.8537654629071142
0.6979652535819846
0.2805384885694384
0.5547023251459308
0.26104855311793757
0.9775171567737538
1.340029274900231
0.48787691287045054
0.46298404011009975
1.8015426527508038
0.8034594372971058
0.41993858300406917
1.4661404587818798
0.6005851247529952
1.3825069812600375
0.4828870816420023
0.458472314207314
1.7913275504860005
0.7042149798195994
1.4799520073736174
0.3501323618977274
-2.543717769299704
0.3307759900497632
0.29777228062446304
0.89854885509419
1.1649298040912652
0.5886834255090351
0.5440784672596626
0.27650081686665573
-0.05734458079157882
-9.53814017552449
-0.32238980335099815
0.2753855133019189
0.3734691037799509
-0.21014362792201813
0.16157085621863776
2.074562428458014
1.6453536613393858
0.37628931303438523
-0.0449672446461568
-0.4686847658668854
2.5909509524353282
-0.4011067829692377
-0.30068519718464387
2.394511360870566
0.10553414697057092
-0.09541173421696814
1.5567965148657557
-0.1701507471342036
-0.2160183212011289
-0.2710457385250444
0.2342483943900731
-0.003668717434693789
2.0047414457443473
0.17186108110428186
0.5185469229885424
-0.14683592614566515
0.20851878185612485
-0.08285100903598124
0.26788195260205977
2.6805465359086327
-0.23994856690699515
-2.7530058683829415
2.6354727687938486
2.818661094323303
0.36251127573975206
0.17598457121586106
-0.17040776054290863
-0.4366992234561161
1.8249202896839805
3.1885051800564788
-3.066209548287972
0.04041189904619704
-0.08674631204212596
0.6480889287079383
0.3737607608961624
-0.012080488499623484
0.9412110661119584
2.99661807080555
-0.0636845773520311
0.025089668458449642
-0.4346553855623063
2.90312899249505
-0.08815928163318605
-0.08631417488033966
0.9110668865175966
0.17523890034698272
-0.14268408341829894
0.5745666723161877
0.04511090624994789
-0.19197129599627694
-0.0075722490051631786
0.6452233200301055
0.2672998861044596
0.9895925251724961
0.8917664797946316
0.5894415816269034
-0.03814886379625916
0.02306636475811645
0.001063461263492169
0.05616189284156414
1.3191208658612206
-0.1300105569633807
-3.6692766686745344
3.896232288767041
1.4676343582975373
0.2849604715880484
0.07713368079245318
0.2858641773223687
-0.24713990283207482
3.3097298870926255
3.7134258913450156
-2.3103140370575357
0.23894055478109213
0.22797667231670343
0.551147455326627
0.6322196739277134
0.5187736275310839
2.093054137894339
2.7169218658458054
0.7246106736649002
0.4755179558019532
0.18202454634613363
2.599892495235812
0.09918289686581712
0.27292696291464824
2.744434993209182
0.6608854864499262
0.6076615880744632
2.0932871982835657
0.4286676365079036
0.40437274522854216
0.1615288383199365
0.554168734702116
0.5093409319937106
0.9938253555344678
0.5879688447291785
0.7313437095615956
0.580853297947
0.11486426199569306
0.4276478720448126
0.47359684994513573
1.0890046507497873
-0.034508425794854844
-8.243276866620128
3.075736184778528
1.4222306605721193
1.317284787260611
0.09114430910667315
0.50882235659843
0.5268399891236162
2.5478599827992032
1.2191228292786118
-6.805604936149951
2.0245447624686954
1.4267160326430108
0.3980847760073511
0.9506720123080031
1.0169684700005266
0.36971342721188927
0.3107321594797835
0.15666553915044826
0.9055328255840213
0.3434473667078943
1.5403596339947059
1.3758442387893288
0.7489515823594327
0.61793955771869
0.8048918409465187
1.9684997145665395
0.8895989580592732
1.389558126550308
0.3958936282850492
1.7337806187627745
0.485169752110252
1.0227241211414457
0.874521605776326
0.5612652492423983
0.5275519023439829
1.3594539597696922
0.2124671006253382
0.6357719611820881
0.19652695815963486
2.6672436016090306
0.273386673035178
-4.0841526245411
0.1984111563893937
0.35495278032041894
1.1135615971173367
0.47134583944767794
1.0538843710875627
0.43753781542749864
0.19058456784443986
-0.6179592719978152
-6.10594380690726
0.5048393084748874
0.8799743377136885
0.2757880223581017
0.023979547550956742
0.5637174848421319
2.1358927588099546
1.6328246760957754
0.1991721861966388
0.4089500876264604
0.27537850647148865
1.5753498307460918
-0.03457651635735527
0.4865029515967901
1.0917983133779632
0.6346417963011625
0.02759747533155231
0.47261699024428966
0.13601206782365982
0.7890251351667243
0.20230791078898086
0.9272811812022279
0.21400353420529145
1.2925780001266491
0.3781036812188116
0.3653239675441198
0.2035067144303327
1.0689049894712535
0.07082586947124997
0.6332450692462253
2.711079261154918
0.16996591225242652
-3.578367543926716
1.4230558558625843
0.6988654461009123
0.9277733703269193
0.6096042558673461
1.0445953555949659
0.4188785637272383
2.412656393725316
0.9731258354951738
-4.904380440630397
2.669914973511437
1.7712553359262702
1.7774304601782054
0.8001737326523076
0.4482826351151927
-0.40586405107688206
-0.15517387361262075
0.7440560652767493
0.7566878510235123
3.899843012436964
0.16816578818451278
1.778738135769818
2.62462274916973
-0.09512994397955982
0.3081166731443176
2.0331495202027794
-0.10173963492313146
2.976612640905752
0.722619272430872
1.3913647606081818
-0.361545721359303
2.435722780394949
-0.15311528868043228
-0.31426843122936765
0.4439888959231819
0.9360800588130603
0.7854195771445351
1.920698809916467
0.49542531690328967
0.5105258836438882
0.6673215815676626
-3.2988169617480883
-0.6639264742390243
-0.49493095921073904
1.2500896605145417
1.5375759893534278
2.660673501656451
3.943143215094813
-0.8643206614438617
-1.4455169893888777
-15.0
0.2617098401645875
0.6095706838468888
0.9716693036691569
0.3207318134824738
0.4832466520034382
2.004785654232058
0.5900375146718363
0.42055870388358446
0.8712623525467205
0.08697293906275796
2.30724621547012
0.21754982251146
0.3649391517391164
0.7032463569101601
0.5775012765222525
0.4119837635917144
0.4835827770849567
0.047018946376220734
0.6135329414466815
0.758248557933578
0.8067844258429323
0.8427378052457178
1.2358025954202312
0.12468214783167345
1.4664627109507973
0.9641526713857879
0.6298820372536704
0.16546873557255473
0.9372248779865566
2.8026395551371284
0.2992749468355463
-3.947504936089933
0.515090504714537
0.9481754860719812
1.239806873120734
0.5512527782095341
0.20942971681647324
0.5807976087358863
1.242757608696833
0.795726109349861
-5.509980351971551
-0.8429642010763052
-0.010384144167297896
-0.1923616582984613
-0.1560636302928033
0.5723609330833548
5.292881198522909
2.1361688589460006
0.08807653195014513
-0.2623484502499662
-0.7582030327398959
1.2412080566945858
-0.44584299779533165
-0.6789373551221415
2.590764690999828
0.015514723680240294
-0.5202828659756498
0.7654859677953921
-0.3907064711516545
-0.11218209992123816
-0.23122531377971012
0.2711869453803856
-0.30234562004652993
2.103298737929399
0.8777678565770233
0.27969245087770506
-0.16053758657938144
0.11661320598601757
-0.43317518894295426
0.03402634149110699
5.01402781612699
-0.3966942465568998
-9.871042152357324
2.929025031463101
4.270645275437955
0.7450424906753915
-0.11660642808146975
-0.3340625201392134
-0.7033490592416747
4.385113050214239
1.7142446833063782
1.6983529019919956
1.42778660683845
1.3045849576995903
1.1150403013970827
1.249588108322575
1.2199600081156232
0.806422812748673
0.44712841269440595
0.9641500637942483
0.2874191282648511
0.6868995696469491
2.571767476991857
0.6621965700780049
0.40300587420733897
0.925391017778589
0.5657473216952716
0.3992577454720127
0.6886242456169369
0.7790108852419299
1.201786508732683
0.2653871026729586
0.5823766689436521
0.8557704998357024
1.1854213745906865
0.6491843856581193
0.646679038293531
0.3074389495728619
1.1202883791514535
1.283746634563823
0.796058655868077
3.488693788649732
-0.05978347815841077
-7.583293104868799
0.34922974963955433
0.35104601879173225
0.6664634546192335
1.050361370357376
0.5573952845430726
0.5665022910283359
0.7413521826887066
-0.280714550694001
-3.0257732866524276
-0.5418380434864388
-0.3395330847009394
-0.03984257905401651
-0.2850809216365585
0.06012951081802122
1.997329845769459
0.7263662599815315
-0.18051051745182745
-0.5010836253044111
-0.9147704561189408
0.5962912260606877
-0.655169689728132
-0.683674443447478
0.6718296814534904
-0.43228553019435967
-0.5371651042841394
0.22015673023057641
-0.5064648386788384
-0.4314646902416604
-0.42555198619515944
-0.02446323995870131
-0.37642499273414615
1.0012617674683186
0.02474986554689822
0.30757035186818843
-0.4033179844644922
-0.20600760906540666
-0.5016354058605283
-0.36552487778671805
2.2592659617432367
-0.6250954364599983
4.725657109908345
0.7087559776515819
0.8381158667554247
0.24401624579416523
-0.3992782881357846
-0.15701823810219043
-0.7011053578315436
2.565468755882086
3.3889933113326114
8.367562923934655
-1.3701183565802095
-0.48214256784123216
-0.5843518667964154
-0.606885873327915
-0.0038496964522244034
2.140110941534904
2.5199112483970145
-0.3434323453556332
-0.7293826138043674
-1.0754373806334885
0.9325249632248784
-0.8435959171997521
-1.0869766613710787
0.2701387583922591
-0.2058026645872589
-1.038301228652283
0.0622517735057493
-0.6711800916005777
-0.5359628596172713
-0.702301408597603
0.5359204316622769
-0.5800936184746501
1.3303856949015294
0.7031898339006867
0.17960849148518973
-0.565885934520457
-0.08734718647515496
-0.9080617897095263
-0.19075166228258578
0.5339604436988623
-0.5700774623207568
5.918184896266556
3.7600231738961383
1.7201000131829072
-0.011100406129194836
-0.6466691551447776
-0.8016644301268362
-0.9994615138264916
2.873316139976554
15.0
-1.371015522113848
-0.6454799378248091
-0.11723956369317581
-0.17658198316505982
-0.2728036419896623
0.4824607207506196
3.0193469197243696
3.5686615850691132
-0.17171045897392498
-0.23757244469123712
-0.6626535163413365
0.6693182024881549
-0.36220663373736317
-0.4677750140889579
0.9662572793472304
-0.06202505754711991
-0.36518458306827556
0.9229692928675243
-0.29541838786985547
-0.18095275382179668
-0.1812211977044889
0.5891585527890352
-0.03994671717123346
1.5623823618524644
0.6113625499745673
0.32260622425827523
-0.09622621258561981
0.04387358269792344
-0.36781640886779604
-0.23734233394962054
1.2000932844229042
-0.34776981788498296
-3.125553336558906
5.167637099235629
4.9518068786493865
-0.056784692495971616
-0.35387788553340976
-0.24999497526600567
-0.5659597306810717
9.900494480364697
2.103124074861353
-2.9271139208995502
0.5107329216743077
0.3414280438644802
0.6121044204445182
0.4513019614124962
0.551247386325402
0.9220396147023467
2.745093237657657
0.23859741423915287
0.05562128101435633
0.3188286112233609
2.5279115369005742
-0.012055837582045705
0.08511984550005458
1.2494105823829678
0.7392011585447338
0.7395573619241268
1.362409173547526
0.2642058225668526
0.5546166880010851
0.9193758933153259
0.4772593122210906
1.047008691840347
0.4116366149655035
0.30772782231331747
1.1619251205934653
0.7790269216524733
0.1733208615996415
0.21108301064407198
0.500385027958852
2.1567625478294303
0.6099014007949546
-3.6177950345511762
1.7972854513611003
1.7778695638872313
0.9324936032200304
0.9999597053795941
0.2988771491228873
0.6710729624607081
2.021944685488891
0.8328660000685962
-8.137724420744775
0.819444255535091
2.0431347675867872
0.6227056066802666
0.6031987470860606
0.3955024963570109
0.26960198089146326
0.7838931986807436
0.7481724100388814
1.1073366622010132
1.7020189216417383
1.395319237438649
1.3562099235430125
0.6178192162370636
0.3747809188911031
0.8593882962176479
0.7852616408095257
0.40522554171197417
1.6450133945341252
0.45201096075615405
0.7325590968106728
0.4293153170248844
1.4838162437653875
0.6258658077290452
0.08710264809956045
1.1178992302475226
0.38701194665213495
1.1289622195944402
2.2799033371040576
0.5864444304736505
1.2648945606036335
0.6456760953624447
-5.7472838942534485
-0.1863985659287145
0.30201441174828925
0.5884143089927178
0.5493400992286208
1.7483805748625065
0.5196191192966947
0.21406575060160868
-0.7107279322789839
-6.310688520965737
1.832840014915897
0.6325041159674132
0.7955679832646262
0.6848762498575506
0.31858004864336636
-0.1812957052441055
0.022852031012189584
0.63594211225404
1.1491222483811023
1.224338542729527
0.09818611136875793
1.631293016699576
1.853088483470296
-0.030237414192354053
0.626116412274971
3.4107696377788916
0.23900339099781337
2.1795149230479995
1.1993022253571004
3.2103360832299415
-0.13445697207784219
2.4006497319146325
0.22327683045216906
-0.008518454300960696
0.8177781885489396
2.047433385428468
1.3989673236678442
3.4479764263793675
1.4613082764345207
0.8114474082501353
1.7391586661995986
-2.7783122841187744
-0.34840975127305884
-0.2335639485619665
1.3791866866815843
0.7093304167392761
2.0181240457625944
3.54355018563164
-0.31334209911108013
-0.8810073163403938
-15.0
3.828556762477631
2.010519555716971
1.1421271827889707
0.8963137290365933
0.8598773760755031
-0.6172703743577479
-0.12879233307653076
1.0651364256755693
1.56317519120402
2.3691835002124066
0.18126237339069706
1.7359460553250532
1.7248604336967976
0.07727327294705116
0.55653578628642
3.713957119789632
-0.44944682752171056
0.8027905725291369
1.0192471943041366
2.305001150829105
-0.20159885965610655
1.7316953685059755
0.061515284925101554
-0.09331002671394623
0.27781103524127443
1.202193895517233
0.4176424868707315
5.626574730975174
0.8449208274730947
0.559571974228988
0.6258589181992676
-5.492446602324006
-0.6501051573656945
-0.7851502207335149
0.8723811772763646
0.9447103719265469
4.66958347573691
1.088630125544122
-1.4511244203472164
-2.803491750567506
-13.177986466944981
-2.020855362801296
-0.9062275032523442
-1.1580734338355023
-1.0405673871642014
-0.23189188371761282
1.9871996537175272
0.9865228035937793
-0.5649453643095524
-0.9631872337710264
-1.57417928482903
-0.6016025343753426
-1.328550516653605
-1.590763599476186
-0.013690534159384642
-0.5590712692877748
-1.6051669932328325
0.08355671162881617
-1.0988200393487921
-0.9833826996187166
-1.2305046795452435
0.07133100352168084
-1.0343570109310813
0.6959362802087363
0.7540428433755199
-0.0855977985412529
-0.9017106560883511
-0.6562454353815267
-1.4312124046155823
-0.7241123639098316
-1.2539898409865708
-0.9184422641751466
9.03971038817519
14.544796313313697
3.9417128703349613
-0.5321880524663143
-0.8179226965692998
-1.3937347555495017
-1.5065587945623555
3.9307179047567082
14.325103554338895
-3.6168164762184576
-1.033652766833628
-0.33725270605677704
-0.32806827794398474
-0.471416909773801
0.004556507330773009
4.063467864091943
3.400259295259638
-0.12917027415887036
-0.5459152791456933
-0.9319887559474423
0.7813342695783599
-0.6948016358347645
-0.8759455833765184
0.8765581700402414
-0.3658970078764015
-0.8537130225321851
0.19493620870210265
-0.5694387005409076
-0.4329547103760299
-0.7122022274220903
0.6759087997116026
-0.38183092497921095
1.0260604712818029
0.08465546989944453
0.6851462729429806
-0.406028996143773
-0.08532860560630705
-0.6402406480619564
-0.3064735040959061
0.049648718022817506
-0.6521847682874757
11.062335057393735
1.7139718223638936
4.160112199636186
-0.08421792794426988
-0.3691009681592344
-0.6192111603546274
-0.8724472321125577
11.533377135158966
2.52433887968402
-7.1381933333777825
