Architecture: combined
Number of States: 38
Parameters:
0.5929751956216335
0.9604975458197883
0.056103591555186294
0.7186480627184515
0.4928527088414575
0.7517911492342606
0.5630621088787382
0.05369871434996876
0.09119364556472531
0.4882421627801441
0.3521623346011874
0.6510459085645993
0.522042759577365
0.617806510340011
0.750042779222961
0.30575061363962563
0.3010951903358149
0.11442181897528503
0.3240670906880063
0.16938273943507764
0.7544999051545127
0.9415101971593541
0.3755065495333636
0.8419648416836638
0.12139981743585715
0.2105972846285059
0.5917007872248733
0.7179801640695102
0.8890101153284421
0.9425839726681923
0.35122445524798496
0.16131243479240764
0.9317420007354789
0.5186950465423187
0.6056547001271539
0.1065581422301266
0.049716874669239464
0.9214557083545636
0.7256815871466008
0.5559088277111772
0.5709156526556043
0.06967039113553675
0.7110176988503608
0.5560193495300199
0.02839325139911275
0.22433969123189978
0.6903925483227734
0.4994738824099152
0.5052125199822274
0.9237242614437501
0.5985384082181804
0.01637478218888211
0.38102983752776154
0.46936068539601516
0.9655896428346261
0.7397144472770922
0.1744334321317087
0.8234673733026098
0.9869270111660352
0.3984557181949322
0.07161143265644321
0.5293361443027583
0.15301717548181315
0.8170780902564588
0.23848952920984678
0.8779681745058187
0.2539954177611816
0.5396702398802391
0.32039541748417955
0.08670399580207111
0.46703597302636846
0.8475864812786322
0.41085941861593567
0.7052327272340655
