Architecture: escape_chain
Number of States: 36
Parameters:
-10.515223108944122
-10.769219783689461
-10.640895585617667
-10.685511251727632
-10.676862736420365
-10.75996054676998
-5.601560775820988
-5.598293346092586
-4.119178163211253
-3.8207363165701964
-3.500716378753036
-2.744955564759786
-2.333722599081158
-1.7894378292450293
-1.568322503128507
-1.3363020522928042
-1.270378390893938
-1.1187669396100821
-1.4283110294472987
-1.3453253961520484
-2.265739013649348
-2.1588334453249916
-2.915895053905635
-2.8591432069266314
-9.087591522990754
-4.139313211306989
-9.020427113093197
-4.1311670901879465
-4.116731682947933
-2.753642995282137
-2.2799625804786445
-2.9399252902298922
-1.2376096179549885
0.28719431804809403
-7.482902980145958
