Architecture: cyclic
Number of States: 50
Parameters:
0.2273012091255351
0.2973574066389354
0.835217187699534
0.9503543272719395
0.9870251920341298
0.17882442329289794
0.8483712645172539
0.7718138930569637
0.879088356975212
0.08597703188481276
0.7188562262994609
0.874170266829703
0.8018219284560184
0.019189010601158518
0.3703326919376745
0.10287890244572262
0.909094712020005
0.8744351776299882
0.02137130492500461
0.7988505234397525
0.9068870367250617
0.6501782276218759
0.982950374039975
0.3810647650552734
0.35437572058384026
0.5206298347134596
0.18468977136650544
0.5177320331621913
0.06870458829233117
0.22089436417091246
0.03507737123864341
0.2482820781602032
0.2623814230341208
0.09788629490993561
0.45949362585792364
0.526038975239356
0.5603904567646678
0.8718857702008413
0.8228523372362506
0.6595169575794158
0.9990041896406581
0.8817385502276871
0.9137258441926631
0.9381756752048688
0.6890885546761673
0.9940209580201427
0.06924120335793005
0.8131967032465847
0.43811975993624075
