Architecture: escape_chain
Number of States: 66
Parameters:
-14.39463505595981
-14.399036507497438
-14.336418015165147
-14.395897197525821
-14.385199442741834
-14.377667009557422
-6.181663132033849
-6.174894641786916
-4.697436211765016
-4.401746328137828
-4.09339505162465
-3.3662415774007806
-2.9994653511131855
-2.5296472321541583
-2.4183486628804145
-2.321384096988128
-2.4171035907496776
-2.469183954196769
-2.9426244270877193
-3.0445206197890955
-4.049813255971862
-4.033013156688016
-4.83410724117087
-4.826401649105977
-13.360329108398268
-6.2466214185134925
-13.352648799597025
-6.224925500438187
-6.2296698486739785
-4.811973044964413
-4.393937930417306
-5.077288156184826
-3.6712607221003215
-2.924494755310518
-3.171069074968759
-2.6617511935343847
-2.551594122295216
-2.173710948721623
-1.966949051272864
-1.8739259852237435
-1.5090061483932422
-1.04791713596978
-1.3382886046178941
-1.514034704005989
-1.265493155275692
-1.5210469127400095
-1.0961496507392154
-0.6044381631427262
-0.9066191693981901
-0.18033507791838496
-0.3386511982194582
0.3037732020121466
0.673578352737895
4.526073533364027
0.31871047299848787
0.875140140227805
0.10916788058905402
0.03762480022930936
0.4388555857383525
0.14554645124090593
0.5294724768864024
0.7818682085814541
0.40498409320603934
0.4599878219765141
0.891190766132569
