Architecture: k-jumps
Number of States: 16
Parameters:
9.403766105495443
-10.47098788589103
8.597848128974178
-8.852856895687262
6.368257321313811
-9.13000734941185
8.029043327444619
-8.67493946999289
6.415963049541249
-9.525709122882562
5.957494779423258
-8.849026009725119
-0.49514827792728705
-5.004166767729584
0.8555372765117079
-4.676357133826284
-8.020135844421379
0.36790349993980176
-2.440449192444197
-8.32992110524007
0.20487748375711903
-9.663426200368919
-7.287663748669314
6.394601588875251
-5.8464898240185175
-3.4627473750148234
-0.6963402665313267
-0.9376655987159526
-5.544965654599755
-3.906289887068159
-4.145452862136838
-1.513970109077088
-2.374194912495019
3.302217805216803
0.5058326799544323
2.522937129104394
-2.1653207170540454
1.5784466900249672
