Architecture: cyclic
Number of States: 40
Parameters:
-7.7294722514720355
0.6067947049074415
0.7352771123843115
0.6561670461707467
0.7083971997233526
0.5246937065026293
0.7501679452003212
0.9816419352262143
0.30470176627575163
0.5034880685016538
0.037210139104482676
0.7259068566228114
0.5450679551920672
0.6845221626320022
0.5821782819838447
0.4871616757971391
0.179175051940189
0.22514685032648574
0.4958901264529545
0.31660725638904796
0.21379662392918963
0.942686303073334
0.5437093023169066
0.5138326851341023
0.5453148044442466
0.0050708822186460445
0.9698294696811997
0.6804417861856044
0.5207431252814975
0.7574599417140441
0.6724499137821087
0.42352767135348535
0.4952614330613003
0.9118271962394564
0.17734729508057834
0.8207640173775363
0.4147396085883459
0.9747383461066783
0.010354685463052737
