Architecture: k-jumps
Number of States: 14
Parameters:
0.7236725335501584
-1.825999602336016
0.7441067897645183
-1.7281617165514866
0.7333202206958668
-1.6656413333634201
0.7305948458551388
-1.556974954396819
-14.99999643115307
0.7358838460076733
-1.473649083251101
-14.999982796798186
0.671910934408203
-1.1410466716371443
-9.081542087963204
0.7965824263287006
-7.511812374122199
-14.999987009301016
0.3081177574135665
-0.20057212591013449
-12.025825044679864
0.8766607503454331
-5.694083157437478
-8.33318353455652
0.8520031505363026
-5.033155703546201
-10.364170924415221
0.8527386803024647
-8.38099001606354
-11.450178856512341
-2.1333663596216748
8.060196484544184
-5.12820875415103
3.488026994227971
-2.568837753272638
0.6463234955904192
