Architecture: combined
Number of States: 14
Parameters:
14.936107008406607
-14.743553186707848
14.934301733837223
-14.852099506907603
11.105213438640583
-11.61669202647671
2.8646910615331
-3.828434373465999
6.526541545531001
-3.164194414671527
12.316781060290856
-11.945258321975675
5.9013781857351635
-7.624951483408506
5.02432653321076
-6.344950975969131
-0.524151198669947
-10.085014129009254
-12.657753354983182
-12.808320349415215
-14.925166131351226
-14.832963689346556
0.5077652047659561
-12.579784909104825
-0.6710714616710436
-15.0
