Architecture: cyclic
Number of States: 42
Parameters:
-7.714747115664565
0.7650257077535647
0.16618099191656466
0.9221573132653553
0.915597636823594
0.5280499038108111
0.26489406442696317
0.2732911083540459
0.9300129587088853
0.03914965229963929
0.1296209775586965
0.7302769649885051
0.35544422104675066
0.6578756813040274
0.09218868119443269
0.25968844598302177
0.1544328618002313
0.4358479906909941
0.9079490743927578
0.7640786245713871
0.2094830786962244
0.8209529546096963
0.5119348227688724
0.7799656184586998
0.3464248848111964
0.2517414918456635
0.11861138699818774
0.18847828542952605
0.15068053828867056
0.6003134631262091
0.8863714877580089
0.5636449532492086
0.821735344464975
0.4038558247727878
0.7001826439653647
0.4521286519607409
0.6073826223993246
0.03169599680147395
0.818186855856723
0.5995833443739172
0.8569953642427103
