Architecture: k-jumps
Number of States: 12
Parameters:
12.221557005322317
-15.0
13.783501844175023
-15.0
8.959088297335667
-9.320544040766015
4.208514192724092
-13.144756830834943
4.961598742986337
9.144859476897999
-8.737895165186652
-3.2851823881114712
12.228447192231261
-7.510767472971777
-8.435526463354666
1.894693940777689
-3.0697570694124856
-9.081298815851724
-0.3948725187695447
-10.033680700755271
-6.45665475025699
-0.6171683944207206
-2.2043778488741075
-8.421843972818495
-4.649175506917245
-1.1071666098657964
-1.0429732778131426
8.748667433927901
-8.520816294195647
0.5173114196133083
