Architecture: escape_chain
Number of States: 38
Parameters:
-10.728509146797865
-10.974411726332127
-10.672145363503246
-10.815242153097138
-10.859192566983394
-10.611044512474981
-5.712512487397571
-5.712613213543389
-4.217642411074832
-3.9195518274445917
-3.6020288360462636
-2.8532187144547727
-2.451992301562369
-1.9203443184240019
-1.7394442197555222
-1.5354317520631917
-1.5178433060094527
-1.4405863903942688
-1.8144571564420522
-1.8115662401237393
-2.7696334292730116
-2.705936739664015
-3.4760219975225093
-3.4424593197300517
-9.483580386696813
-4.780900659417036
-9.569578028325617
-4.772814274241657
-4.761102699044423
-3.3859507601832948
-2.967021136050125
-3.650646856160956
-2.1098200566274468
-1.13934237503951
-1.1540339095415573
-0.03520176533175464
-8.084600411622871
