Architecture: cyclic
Number of States: 46
Parameters:
-7.696294817864402
0.48376820258656306
0.7432043558235312
0.32792594732773395
0.6578266807833029
0.3947357190517883
0.6964549854199569
0.3597985982577002
0.44855303542808866
0.44535645755382824
0.3094972941299542
0.2913157624599001
0.09330057886665544
0.8723696310460963
0.17572982350544764
0.828128617677053
0.12879991500315668
0.5817390710577435
0.00329092483002813
0.7241073320185636
0.39350537470241453
0.659471713229376
0.31181235782272065
0.32912026299046826
0.768769743300039
0.19387793650870633
0.7476330737765077
0.462759622887443
0.13082305705488928
0.8736289159200569
0.323170798479009
0.8255321390618405
0.8940279823717256
0.008607705359819029
0.0818987949050688
0.764826438359955
0.7683719907035904
0.14042808824859776
0.6719130033341594
0.6379805041188716
0.1129773635137643
0.91711929708582
0.9563993896622631
0.7692991732325188
0.09820743072874272
