Architecture: escape_chain
Number of States: 40
Parameters:
-12.880084632740857
-12.875475991141345
-12.89149156862551
-12.87001585945756
-12.834039029006371
-12.891574605425603
-5.523019289560661
-6.145429002572843
-4.819557018486112
-5.509955555537264
-4.245838843937177
-5.036005400121677
-3.7539651280849298
-3.2827177876190023
-2.761562231230412
-2.734336900947658
-2.2381468946005474
-2.836198787496792
-1.8605456160719647
-1.4731931979979072
-1.5524880754954893
-1.573005275242871
-1.2684744992548755
-1.3192884199314252
-0.34061110870417993
-0.988237939027844
-2.27924621963106
-0.5819465477066466
-0.9181633426350335
0.22447929153133978
-0.521306365387445
-0.3964207960926398
-6.8885928876415115
-6.2338684167045155
5.405527069944049
0.9561157355173016
0.7079383637803243
0.43552997726332887
0.6503119157593644
