Architecture: full
Number of States: 16
Parameters:
-1.581783157639403
4.23491028545963
10.560864856025525
15.0
-1.6272118387152674
1.3783951471859532
-15.0
-12.490657943102756
6.112724763507914
-0.5564635368056348
-7.107037570002883
9.11339461585639
-13.581893255365763
-4.281230859492359
-15.0
1.0242088009998465
-0.023838271152175572
0.11402421665708609
2.9122354231022802
0.23126531250984828
0.3731597708175671
-0.879282045211191
-5.147314427572481
0.39521980729269174
1.3475573684871254
2.391877080340361
0.8493075125319254
0.8263735435902899
1.4679311423715962
-3.336473770437473
0.18532371948713855
10.259993313843575
-1.0696571754611357
-11.81521235718589
-6.582974924926306
7.635925476124498
0.9682934657757882
-8.406127640716731
0.9955926243102674
14.159210683719818
3.90701914272971
-10.640607432167313
-0.378560091005488
4.548187115268489
-4.863787973651919
0.27452206470653934
2.3956209454689827
4.766570052410416
1.7961489491430704
2.2323756002659727
12.87654366495226
-3.771870677008127
-1.2576076053738992
0.9662428067236188
0.7829642255613025
0.6301845088660366
3.0209320911191266
-4.794983525657676
0.9547926204703714
-12.991970871745366
-2.6835624262021156
0.05683070635873017
1.8011252560201534
8.95847068564124
1.9501786373849246
1.1532366428625684
-3.3749171185457767
-2.2872864425481487
0.4347434823777625
-1.4931487302791329
-1.4528558707495693
8.868929800524631
-3.081374781194926
-2.5229839856665333
-13.83376429947871
-0.7988558393319375
1.918694071561698
14.601362976488716
2.5748198492138803
2.1692449047923277
1.8366681873913557
-2.1888354173313935
-1.4306656898453713
2.5228926522928514
-2.1526836134084673
-0.6251962176666475
3.578620699757047
-2.3660871568503006
0.0897911718971755
-15.0
-1.2417416603461338
14.442451463511132
7.407879422039858
-13.32108817621271
-5.476392538200233
14.721546307616924
12.201660661765535
-2.2417205193170617
1.2598956088406237
5.116323763519209
0.057619860146018775
-10.260758708256944
-1.9621960750151126
2.164900936493571
-14.999580364159728
-1.0626851772445878
-1.9788544406410764
-2.6923797602528112
-2.7588199698236
-2.544350978403597
-2.398723232808974
13.992708019040137
-2.7413969958019133
-2.453098165775503
-1.2106355439837186
-1.3170275457024918
-3.123332655096022
8.055908891391713
-1.9440770895435382
11.80234046851492
0.22880276317449755
-0.9819360233503018
-1.5719482672352834
-1.9873375847598636
-1.677265372074211
-1.4359989817126402
15.0
15.0
-1.3247125168671077
-0.32377149945959677
0.31283058198503627
-2.047883794398786
0.4628166061804448
-0.4727710823821312
-9.33739493045372
0.5233850273430942
5.1019315030214685
-3.6012970596815657
3.584983095380546
-2.893416445788796
0.9316489490096489
-1.1846806211677527
0.23227566293037324
1.0316408037276907
1.966162560407383
4.076200848505463
-0.032848971588835846
-1.3882033112178715
2.35904798765813
-6.957391291237823
-1.2476863434990735
-0.031202767847770683
-3.295517548095603
1.1028420112111104
-3.1233863699355022
-2.363969253526813
2.052428370329567
-3.0513805310008997
-0.21108910322916727
1.9406840700841985
6.776350697318132
-1.7437437114975132
0.5612457817666088
1.2910753034694615
-1.4099678555587745
-0.5744251654220797
-1.2192423404901984
-2.279860500669573
1.1364654980006763
-1.6286964822998746
-1.7239483357866803
-3.6412008629804884
-7.190255404822285
-0.7210430668520842
-0.02106501550932858
4.592238089581764
-0.7881566047642182
8.317493687986714
7.906478266743079
-7.187181310221978
-4.632720569529654
1.5034565031877563
3.0773768640555965
4.364919215392885
14.404279018386825
3.8679943733720523
-3.8094730590650525
-2.0725594299933703
3.0403302166386483
-0.9958128185519294
-2.516935127296649
7.0293536840977575
-3.907108017059791
-0.7536133417100983
-9.548117328016305
-0.4150983585546058
-1.6375462527535212
-2.49730427892243
-2.482214529546834
-2.2577907082492596
-2.1158997600182463
14.836539987988413
-1.3600721132111442
-1.9142743553196182
-0.6524713893686062
-1.2625209282277772
-2.800518005553871
11.468767010284143
-1.9198851012622487
9.520168336634448
-1.7030057694895149
-1.404013913889123
-2.098092897723128
9.857281463117204
-1.1285509722096159
-1.5632234190251009
1.581699397421253
-2.664345625843994
-0.843622743435853
-0.7288406398816141
0.019774601561994235
0.05952726763347109
0.29056401495996925
1.6381135594675673
-2.611311340522061
