Architecture: chain
Number of States: 44
Parameters:
0.8226277351965406
0.29153552534474103
0.45013762281998004
0.32511799722524615
0.16598183991125282
0.2138477033914754
0.03618848393389518
0.1903376097115006
0.7405064624357252
0.9299397682408348
0.8043747380108023
0.692479660297933
0.8284484546199944
0.5257201438056834
0.3262549901851053
0.5131528095557181
0.35784256893440847
0.12187602380966989
0.10218774580847378
0.29194974634211235
0.3112776748609831
0.3119628762887957
0.5565516407119963
0.03270348589478567
0.026191456250566403
0.7781455394520539
0.6986249110742839
0.6381292551088648
0.17862184714434004
0.5732690085705705
0.1678656169245345
0.28162308344047204
0.878898577714994
0.1680463957845525
0.5673262594184764
0.11128604876340686
0.3601932072413696
0.47867763131324836
0.28118950236324325
0.5235478944058906
0.18429963821453332
0.984815495164773
0.8516271660078097
