Architecture: k-jumps
Number of States: 24
Parameters:
15.0
-15.0
11.807954843339873
-13.92094606234383
9.697204383972462
-11.172087763183612
7.837871598966473
-15.0
8.049442293950394
7.193049698402281
-15.0
6.139933885542872
12.920952256292134
-11.675102975395436
-3.6406553001175532
6.29477008882759
1.2754077600655989
-9.541707454132071
14.6356564302296
-13.253909165188297
-7.515880434620325
-0.4872595935249367
-2.8796384326666677
-4.752986269836035
-0.280639375104567
-1.1456020016601682
-3.043874546643832
0.9557586581644272
-1.9811190580950762
2.067547782813572
-7.740878314945515
9.261653569321025
2.9911426597755546
-3.1810505526548463
4.661330493673941
1.3891173437625575
-1.139802420845585
1.225878434509885
1.693709449045167
0.6977465989086963
0.712152989131701
0.38580332404085976
0.545749017618608
0.759628548371984
0.16910162177843716
0.14920024961894143
0.6369799049632248
0.1926177001245183
0.6998280651661638
0.665813229532565
0.027568154128383964
0.3645722245615379
0.17221264461785524
0.9668874323411428
0.16873106284867334
0.866029854574512
0.550127824411065
0.28043555012643945
0.7004722158876532
0.43462115716334476
0.4674802689793439
0.8096864777217906
0.9639664828235883
0.9689705115253794
0.8392858810576161
0.9824310879517918
