Architecture: combined
Number of States: 22
Parameters:
0.4943944499312382
-12.172991083812418
0.5087559838249268
-15.0
0.5052816569063453
-12.257554352086888
0.5110855568880589
-11.271934763062223
0.5109379021665504
-11.663810911352671
0.5123673817600338
-9.823774296176971
0.4830098558646755
-2.6818294430141982
0.4712782881570989
-6.790863682663143
0.4667684076761509
-8.04105441031661
-0.1826704655881909
-0.261709147117468
-0.29610770104948875
-12.41812739234964
-0.2913986750919888
-10.796657833982493
-0.30034238771758526
-10.858729488774914
-0.300195949216768
-11.991640061591664
-0.2999478890387529
-11.90894544762921
-0.2852974832658965
-11.326615228098827
-0.312366381286572
-15.0
-0.3055958159336884
-11.407218364810067
-0.30577904617271073
-10.624967485918619
-0.29412670208797237
-10.268628232457415
4.970116089752315
-7.477524564443841
