Architecture: full
Number of States: 28
Parameters:
7.838185603083066
9.576835048126089
-6.138633249915219
-7.307165987178302
0.8532532118391061
8.145781623525592
-2.7128610813867735
-5.1618378369658275
4.504920545991298
9.648170367315048
-4.97826725242741
-10.811270281217165
-0.5118934944744428
-12.657729984062632
-10.496180415050311
-6.647495076796038
-3.874550465714185
-1.6749330767070703
7.188868412943571
6.115214318915701
0.6178105560957401
-0.08730776697016808
-1.3085514551858188
-8.73605988200951
-15.0
-1.3291007329941125
7.542492213373409
3.6133577313929006
1.2064343494162588
1.126494060871716
-2.4874949453436823
2.5715426995944877
2.4389473392506114
-6.593397006805701
6.768158967797879
1.9407479518626178
4.298544045955187
-0.2643514981125336
-15.0
-0.713228624322272
-4.00987926060992
2.8378696375046353
0.2651471963474561
-2.3450964868084303
1.0671495791804426
9.468466556451954
4.177405637965856
0.5644009942028059
-1.48260194068035
4.275441256623306
-3.4636211330918285
-6.464802850136556
2.905712193335229
6.884048051018377
-0.6647657120018549
0.13789138794572636
1.0879998112344436
1.7675263032790065
0.7255127294398652
-0.2326711130580552
1.020705636684239
-0.1818930401623094
0.11725256974286336
-0.5590689886025578
1.6580952618461442
1.3670681856065028
0.9460387945536589
0.8388236074539583
0.30328179421881546
1.1009635770725104
0.5811891059371387
0.3837432244946475
-0.2981182226630278
-0.32054789828537833
0.49207213350767737
1.0424163179657124
0.04063863995626306
1.2119093711286517
2.2094128508124773
0.727312395066533
2.0223443921643693
-1.4117003763462035
-0.3741987915641001
0.8612043617643661
3.4740795326653955
-0.03780392800517967
-0.7461273494681119
3.123650579969698
-0.8350915649208538
-0.17876186771971964
-1.2860313497010867
0.37573627943157567
1.5275991670410107
1.1352276483333013
3.42216485618263
-0.28047486775195674
0.7721948502238245
3.1853136704776306
0.30796118286770413
-1.0858708382387667
-0.9453464929555518
0.434202617770251
1.7860997844006665
-0.6049606182142411
1.696530925149122
8.34337958228735
-0.34412642616057615
-5.135757763352666
-2.19280447360498
-1.0901382733315441
0.27328526187967755
2.1166523638659824
-0.6878657419804142
-1.4956198851217766
2.5084999632213036
-1.4246528992693768
-0.8986827763245377
-1.6334645052058263
0.28811828192139616
4.652233264815848
0.32484297782369875
2.6846363438518503
-0.9930770781369955
0.2775298433945002
0.853842982288105
-0.11360393939372555
-1.6791377799440952
-1.4998500686850635
-0.3533822557698127
0.9870940780481166
-1.2501245730882657
4.820814353708229
11.445219939586119
-1.0064335933602968
-0.36891375410664623
-0.5267792342421282
0.11700029701905947
0.5303659226012291
2.867490044689545
0.9000698042805658
-0.37982739536860416
-0.10894817073523
-0.1389706976676226
0.19844636016527956
-0.6217633515284234
1.7478266041744712
0.24347612942506922
1.6606572792246408
0.09289942129233587
0.8499691455944632
0.08917096838393668
0.021683055254861458
0.8461940845168564
-0.29913140491989515
-0.4192107379754433
0.9582049068762504
1.0707540617315423
0.1671809625801509
0.16191875032589703
2.7460208541305415
0.27250332633189467
5.609843542599327
0.9748840085711458
1.56784290921554
0.029824130736311565
-1.0691774003334054
1.798838609032963
2.838176553889653
-1.5998546873130908
2.6951132589459674
0.8440193701732104
-0.3302128288611894
0.5712336832928392
-9.793523409869255
-0.07992427283740891
-0.6694131193236367
9.212535834540294
-0.04223165495302254
-0.3660143442276559
0.6606779462750438
0.8828578740172137
1.5086741370088304
0.7921138276955485
-0.3463355882434685
3.5680165363618106
-1.4457019189530935
-3.5086195744141366
2.444899162801547
4.1448312090846695
-2.5051346428252663
-1.2885961620974025
-0.3090070089230632
1.9536013414406685
-1.2217392158148128
-2.2833322390935447
1.975557748067309
-2.3142060988729174
-1.2149374692924788
-1.8571842372157963
0.2455298693969887
13.772470570971429
0.2792697887406466
4.067844378584033
-1.7551881658197004
0.11681233745979869
0.9618378137859948
-0.6493960218135326
-1.927487533201639
-1.7624151615940595
-0.6729826800349746
0.7256972929427421
-1.9392910633175262
1.7592438819193679
4.510745095923859
-1.568750759575666
9.393419068416051
8.463621547273243
3.675117713238838
2.073229570021282
-4.386690007614128
2.805270159984606
11.068278455452084
-5.110673500286869
4.89352678833047
4.087153664169348
3.1657698791756417
1.1852555007723977
-15.0
-0.1203851924142861
-3.9715533022748493
6.122082444574292
1.990415520522361
-3.148862048633656
2.914493636027479
5.419153642315809
4.222603030331188
2.6289901635926256
-1.022132649980282
3.8158594239831394
-5.613681845029717
-15.0
3.901671589935302
2.651972492338194
-0.5202614522584398
0.3614785124136687
0.6748866987975677
3.8717816307592723
0.6517390217380441
0.013664858315665072
0.05269324150819203
-0.028477268540143298
0.41988487674321995
-0.5498002137790378
2.109413286651667
0.19543314624618444
2.1337710458763604
-0.0022725356210064693
1.2007569154786348
0.289156633026167
0.07674748500286666
0.7717509473410804
-0.009162229623939802
-0.3030794176524176
0.8697240970656466
0.6248867889291523
0.04376428377938953
-0.5247926567975714
1.7655914737014118
0.10140697049162867
1.3620251578011369
14.87985307055819
-1.4812557171735006
-1.0075287663095907
-1.962820306436003
-1.8088265550315425
8.406845110278852
-3.024053050506264
6.143909195608286
-3.620678224536363
8.04567637000738
-1.7931032597718002
-5.59679723474946
-1.5444816533599746
-1.6651818922412778
-0.10028928792322814
-0.6542440516872154
-1.4246455108344815
-1.6060442424345762
4.608179024989215
4.14627970341896
-1.5307658660510532
-1.6585720141702331
-0.0663922894877238
-2.0391110125209284
-4.365723480273746
-1.4913408635187497
-0.844214990124715
-1.0317458370634975
-0.2634340576194473
0.33782931881675865
2.5293116275908463
0.23788205811378438
-0.5967855036792812
2.2837697086911675
-0.8102019135547929
-0.14945703171410687
-0.9353825249365164
0.37488199529312516
2.4998874385656187
0.42556850998552687
1.8852182594475666
-0.07846375621357544
1.2643840281347951
2.259499014855317
0.08245866814762826
-0.7401297761996436
-0.971209437383902
0.8225557765746125
0.811863795928251
-0.5217968487126149
1.844113457804991
10.430878694105774
-0.16948377930123834
-5.461666199093933
-2.104094456125519
-1.3106588023164476
-0.21604312234511325
0.835933677297553
-1.3273330241537324
-2.2168255435454904
4.755627557383057
-2.051529367972288
-1.2355488927148075
-2.1864105152072844
-0.13260724480620614
14.03456625255164
-0.2929216333074333
2.0368735992892266
-1.59085827988465
-0.26150041943973507
1.0388921661837283
-0.739407334964931
-2.4806916515074904
-1.9234588317540768
-0.6436808138259325
0.4121695918110926
-1.7170868588750516
2.091169860023733
-3.6852307089606486
-1.6010578444995207
13.794096472861012
-1.4453263965962602
-0.32708885328185444
0.4991895810029465
1.8527629393650102
-0.33138535382345297
-0.665819467547002
2.026658883246876
-0.7543618328769388
-0.20926647276692575
-0.9429834592220149
1.261456069948173
2.11989224984119
1.124744613495433
1.1005673888197078
-0.34630120404821396
0.6136529092424843
1.4769286531417027
0.049422798280823785
-0.7833523042035111
-1.1916630696783124
0.23960638181348384
0.6340487433148339
-0.6227068290206277
2.3492543273162294
8.94838357921296
-0.35108223407881756
-0.5596467483744618
-2.6608822291609253
-0.8262842099828929
0.1237551763381143
2.948354567863012
-0.6139448394927033
-1.5135011775021758
3.9124240350652526
-1.616205965544931
-0.8911874971718482
-1.8414148035197728
0.06296015259378059
12.962318646189205
0.7950908610351833
3.538527471632769
-0.8923486503795047
0.9985852095396763
1.3323549086334394
-0.2605247656336594
-1.2935599162100593
-1.4885979757713363
0.11474348239828602
0.2851212627057988
-1.1479982987502286
3.6875015642229774
6.3045501598744575
-1.018604964940793
-2.6462763260751183
-0.8325251065142141
1.312222713437555
-0.06573488641541157
0.9695347014488483
2.6386847906856077
-7.723009923537322
-1.7551204578004866
1.2063883713172467
4.385622708514646
-1.832995552090309
6.062391731625479
-9.8214983942457
3.9464869971883845
-1.542989024824195
4.381610556952654
-6.917934383468707
-1.3492997346978683
6.169624733399117
0.7086814331529833
1.6080779765087907
5.3866533708153534
1.4909637038581578
3.0510059956225923
-1.875386642555825
-4.99195882343242
12.085180810516105
-1.6495487473118142
-1.3018659155659438
-0.6159056257976724
0.1529911248176232
2.365407581203271
-0.14063210729015274
-0.9926556239793082
2.358346900153767
-0.973176690739696
-0.4330993521028845
-1.2997780781293962
0.9585789688742167
5.236787555967785
0.4472999778160845
1.8978016214114366
-0.4300776875833326
1.3030152603241563
1.6809081766312646
0.07076497182895203
-0.9891358953475478
-1.1010737465756222
0.693771222769819
1.1951840616821905
-0.8068691059619688
6.990592092711329
4.200946138212185
-0.5615585755877313
-5.779829663354339
-1.3511388138830134
-0.5948861628366334
0.12427681946895595
3.2763511766266977
-0.1882157327266665
-1.0403236878481943
3.4910272992124205
-0.9986242167056422
-0.3922062267939116
-1.1919807710041246
0.4380660393445615
8.06322462746173
0.6169526815383944
4.121716909900143
-0.44793666174463087
1.2957740456410265
1.5386163549843561
-0.14515427178901177
-1.0111232734387545
-1.2241288413767129
0.5256969655166591
0.3335780292109577
-0.7918966631660692
3.6237857194050793
6.554955156245987
-0.5547773068065751
-7.528746528205466
-0.6392552574738466
0.5603734312093152
1.9690866143097505
2.2224501091703237
1.1645442125576881
-0.3037920249521425
0.9254628004933126
-0.18810858595872382
0.46556244935318747
-0.5986275340647192
1.5685076042212636
-4.458388934430359
1.5341507241203
0.4895615998112195
0.7991715633662017
0.6869379926373889
1.1741360844404847
1.9177618855154503
-0.15194098921916094
-0.4637315315644755
0.6618524881010119
2.154186471384131
0.3689388736703666
0.8329273814089082
9.039254631098032
0.06432482833848374
-5.703142376154931
2.343353804739085
0.9256079642865571
0.7040150436348452
-2.403012794239231
2.4413091389346304
1.5580573850032746
-2.9906936834593005
5.464265476033548
1.4758077052940035
1.1544206237949075
0.7014085741434086
-8.93903891483595
0.19314128922192667
-1.9868280793284239
2.8109296461327546
-0.24836284822292257
-1.4494165456714259
2.1392400530074838
3.091882499394853
3.0963569362540793
2.2680925977948463
-0.5891170316438593
2.9611718728524843
-4.320527635090193
-5.073022488893372
1.799665916653889
2.912577252136558
3.504455607313249
0.875604292277731
0.07681747135513885
-1.1394370106895664
2.2419575101731217
2.279590042069847
-2.6059486420252544
2.477064075403698
1.1952806651391596
3.488614122067161
1.266122280688644
-9.951068627944796
0.6056214877494623
-1.3761943266376484
1.0752856206718868
-0.16065660873670648
-0.9356479635276902
1.5748752578225829
2.5047443070355695
1.9077011017127874
0.7035894506634593
-0.3857938259871305
2.542710087627727
-1.8437260876285229
-4.828313425939496
3.194235857452193
4.308101764494418
-1.0515144383216821
-0.3337929217675469
0.41700668679671815
9.490255593054062
0.11173033708607892
-0.7603697997003502
1.0508391888205233
-0.6925187928773512
-0.24366953585747753
-0.9822764105902794
1.6876955433509313
-1.230236961206461
0.9277860356024833
0.9751814079002372
-0.17526476482009623
0.6578952558947138
1.2974666778508537
0.7067789208010979
-0.7299593846577876
-0.8356428411009358
0.7877297185061597
1.2241275638641582
-0.6189450676839987
0.7798804875799573
4.551164381525011
-0.15916607136842628
0.47817644402782505
-1.521381279350072
-0.6012630129061638
1.0209018307602147
8.113418757513637
-0.18327202757499916
-0.923534625158945
2.437016176757148
-1.3409876626103014
-0.563114218763744
-1.4679911527253529
0.7558943183228717
1.2357810042470116
0.4167202347146194
2.9449408281370166
-0.5906548740697839
0.2890005890763679
2.765543123823058
-0.10692453690260266
-1.4802419702850829
-1.1559415766445897
-0.12043202233806641
1.0673249124263038
-0.9323922381941833
2.3671097775608017
4.848809700938254
-0.6772368907778872
-2.7520094084508826
1.5443181940128297
0.6487807532150004
-0.17860836175227418
-0.6350789482553094
2.988767557499485
5.156150047101322
-1.899100236531776
2.046942651692466
1.418156519274998
0.600855524756263
1.1355325248137553
-8.105985884359026
0.36257552601039045
-1.0166461870548322
4.870308458361905
-0.7972967586203235
-0.8266212582132224
0.23488611965342873
2.1499300135376895
2.6387027079707166
1.2664554833560022
-0.21258977389439027
1.3280979098355092
-1.5382719406058742
-5.921006187274191
3.121007150996484
1.5330681458588233
-1.9546624946345383
-1.149619095055385
-0.010958925668831953
1.430002796815568
-0.8736317929663229
-1.6260495255052438
4.70426096594715
-2.5010206463176283
-1.0734353638795844
-1.636940601648804
0.4103408592859596
13.333389673156168
0.21166605985899292
1.6038043784578995
-1.4156344230777838
0.18106528420492374
1.0567056458562845
-0.3662054417349445
-1.5085701192064511
-1.6483875626942393
-0.5019078274407566
0.8055056905170399
-1.378644739050044
2.8562984082322838
8.44241353245554
-1.2346540499939764
-0.5995160371537678
-3.0862018867366108
-1.2069634457619234
-0.30806324551434927
2.021489271606494
-1.1204403444329802
-2.3404593651338303
3.9669369097648124
-2.5843833912226213
-1.349883956170379
-2.384542383975901
0.050322321864234354
8.181612383345115
0.09512190957725972
6.077435993921758
-1.467044242035975
0.05787853902302051
1.2042334910406605
-0.5431947178660873
-1.7902618215303954
-2.5682313767932543
-0.47044201427111315
0.5560537039915805
-1.6120175014530236
13.389031195373827
13.657852064485535
-1.9821045665718522
-6.648023074537113
-1.770983793244868
0.3747528702735083
0.4464490263209556
2.4539870859828192
2.9072176145892374
-1.3452763850419518
-1.2224907866057222
-0.9566489444097972
1.1735013362736089
-1.869922870212861
2.1182008919828244
-4.324082220984249
2.0873222831212814
-0.7621989417548326
5.98207929907371
-1.0310341792799618
-0.5609950326761365
1.7495101958672468
-1.7289583737845016
-0.8248184756431635
6.723436794995811
2.7506967516180287
-0.1254790240135804
-0.8169379681406737
-1.1722826682072176
4.892066760632894
2.9508249318551583
