Architecture: combined
Number of States: 34
Parameters:
14.936484596770464
-15.0
14.935133689154735
-15.0
14.935430081493054
-15.0
3.4886122909504547
-11.056812782239183
-2.4649190089721347
-15.0
-2.463096448953839
-15.0
-2.463754383891817
-15.0
11.575731778256754
-15.0
-2.4654403494956534
-15.0
-2.4631633412285527
-15.0
-2.4625769950956675
-15.0
-2.460333840819667
-13.197558175582325
-2.470146077312749
-13.350304868447354
-2.4670039137594157
-15.0
-2.464352935365226
-15.0
-2.4633945616663366
-15.0
-2.463384214377131
-15.0
-2.4638035481137566
-15.0
-2.4632083147483574
-15.0
-2.463182169368037
-15.0
-2.4645635356958193
-15.0
-2.464533857405737
-15.0
-2.4672692653957298
-15.0
-2.4634820970685674
-15.0
-2.4663389388109964
-15.0
-2.46590932223789
-15.0
-2.4640672126102183
-15.0
-2.4647883838068423
-15.0
-2.464576155359667
-15.0
-2.464369396640363
-12.648787404405159
-2.4643788163643694
-11.379960027062392
-2.479928400095769
-6.410265963866836
9.781162087294174
-8.272652261428075
