Architecture: cyclic
Number of States: 36
Parameters:
0.971717399562042
0.6454682808004526
0.6454706692021442
0.11827797371820392
0.7084945829076782
0.45393046989500263
0.6739958604504295
0.9929150965124999
0.21703498471985394
0.0664496163024515
0.08659375338384545
0.5606797319572002
0.5460825920397845
0.02575330759478145
0.8651945839142863
0.8395153365032445
0.762669526501391
0.6808266365719942
0.07093745921497463
0.4389695023101319
0.13979802188609536
0.3342771855621067
0.7156992198943455
0.8649014961987767
0.08088767393027219
0.9568709442125634
0.1835611639825967
0.40271400601575735
0.0007545934498187634
0.0674348982254166
0.45650280817955347
0.6441014103648066
0.36200332881064956
0.6721613164889928
0.9628156408412679
