Architecture: k-jumps
Number of States: 50
Parameters:
0.8860426173448294
0.4108624802201861
0.27782373820445483
0.5642742617928319
0.7558100467531688
0.911404306869637
0.13303337047578878
0.5656544732057158
0.467320312148496
0.8891534531563379
0.9759917254948425
0.3748937783430062
0.41063228970001786
0.3763510985714601
0.5039774536615498
0.7788266365385496
0.864210344077948
0.8675778058621108
0.11365329970032445
0.9453202075925753
0.7256967469393797
0.41872827527412604
0.48045388684810153
0.503016337939105
0.34753672935375857
0.8050367679647776
0.030304038872576378
0.5183436731544687
0.9129752895353185
0.1787190987153605
0.19687639759143016
0.09027769546255748
0.1286002653577959
0.12188231637912017
0.9887089442968061
0.6591558772668865
0.3821165199244191
0.31191007988188835
0.7187175836783741
0.6658692372854841
0.02920047115392399
0.7368776061983586
0.11612519592734283
0.7222435416477728
0.7628664808801604
0.3912207692823694
0.43092348402748126
0.4439073349319287
0.2099216762078111
0.2080409155247196
0.6040329273899832
0.009260536330672475
0.662820173058314
0.12992941329602137
0.34710469842620273
0.17881849573914133
0.660315780553056
0.026092987342927976
0.46927665431183385
0.4667595712625048
0.318000755659412
0.35832807021942936
0.7357632274484328
0.8573292054904553
0.7449395717317667
0.12101967749889164
0.6195028814474971
0.7602276957240283
0.6774791273287406
0.13353470793132516
0.6026242128937533
0.2765758044018468
0.12510968633451092
0.11877244271317411
0.5823117623417347
0.4174216552102642
0.7802641403292904
0.442242041442816
0.16331230000160546
0.5834216651132715
0.9799966676700443
0.676204509905885
0.32845381916535066
0.19857915654437297
0.62025788861417
0.5579311762579016
0.3158776094845722
0.2564159180741614
0.9192580243859595
0.02958368773448894
0.7185914387147847
0.364235250444062
0.9239314393635741
0.026672666919649535
0.36082175374261694
0.7274431716548151
0.05793830685641499
0.2482694140818409
0.5553945171285484
0.2737698863898227
0.2737111223663937
0.9885391495407291
0.5740134534182576
0.8489831377952753
0.43417008629144205
0.008205748741644037
0.9153997007039576
0.38520899643290973
0.13422675746794455
0.5445890703343557
0.3281948863893125
0.0642744684200458
0.8046841156078188
0.1981884641117504
0.1215644091952478
0.8359929497140859
0.6064858043944071
0.08108947121652643
0.27405537745022823
0.9151821988289619
0.6358939885550774
0.4663177733731796
0.9351147050161807
0.7821941099724823
0.3874776306307771
0.7122820762458505
0.7023933472605298
0.6426983153234456
0.04385644973541347
0.956286050576892
0.47774660235044497
0.8418262291727195
0.9892469935371189
0.24528106219733825
0.9521080183231342
0.6957284011294763
0.26934290074289824
0.20808797309063742
0.8323941494428183
0.19169840027599205
0.5075125853082917
0.36842988827994827
0.5471126402226895
0.686761181530559
