Architecture: combined
Number of States: 20
Parameters:
4.011861480325401
-7.509468464756999
3.0762567660863427
-8.152490149835396
1.2406534036301646
-5.723123584960769
1.2262345930619616
-7.648755314319399
1.2752937779054034
-8.948531783689813
0.4473020052175779
-6.239910358715801
2.111870343725341
-9.050701181400445
2.912711080413633
-7.08894593051047
2.473895610331903
-7.677976911911191
2.8960129532190715
-8.003508138967385
-2.2218582039452017
-11.488046261543001
3.097484076971011
-9.06316941543513
-1.5981585518677905
-10.551284028889937
0.8444205216754138
-4.548627021105521
-2.4164484064555856
-7.8705286666658605
-6.053183696673175
-14.840524985762729
2.1432044800082517
-4.0111253373693465
-4.263035777390653
-2.017640063588502
4.750543766285737
-6.512312679373305
