Architecture: chain
Number of States: 28
Parameters:
-1.6615313384874266
-1.5292518451056638
-1.3157369245075055
-0.11643006737741056
-1.3113746354943596
-0.15997583775098903
-0.09213436231596159
-1.3453705371044333
-0.5934844768949463
-1.639617282222104
-0.9663842882424568
-0.08187825099015347
-1.0169585817835936
-0.4209676475385922
-0.9596819524619955
-1.714247685070393
-0.35948534141456784
-0.20106309803449451
-1.5792795282892347
-0.10185158971303948
-0.8225784735266889
-1.099262653702203
-1.2395323089963255
-1.476340969635721
-0.4415593555368555
-0.1104058434877708
-0.2793510764076696
