Architecture: combined
Number of States: 24
Parameters:
15.0
-15.0
15.0
-15.0
10.648938502357158
-15.0
6.5833487285402486
-13.209472758288193
6.908466450224956
-13.461763004174575
-6.096375018818138
-9.297654067465578
6.331207040926862
-15.0
11.641896723825468
-14.993135562041328
8.12684944337236
-10.368986612583788
1.3911181440154607
-8.629974075599826
7.542307818276216
-10.329790867137802
5.621290628207745
-6.575068965800529
0.836455727804168
-5.1776321597757295
-2.7540883251359145
-3.7959475996707694
-0.32482379855881316
-4.227125778025899
1.9514582087341366
-3.505547243143197
-1.1668396846741182
-10.713102944324403
-2.3316076599119877
-11.359796904969185
-2.4950619485625114
-13.447813305342484
-1.249687155917673
-1.9197505727495394
-2.651393800385461
2.5132525776572314
-5.600222980887043
6.398885473356061
5.938053609824251
-4.486315715810706
