Architecture: escape_chain
Number of States: 34
Parameters:
-15.0
-15.0
-15.0
-15.0
-15.0
-15.0
-5.5291771472302935
-15.0
-5.524080324841496
-5.083347281621686
-3.6068164728989074
-4.214502747773267
-3.942268874726894
-3.097785503762669
-3.221338246670233
-2.661212013936226
-1.985050874992828
-2.566293239368274
-2.0841624690875458
-1.7427990735409022
-1.6779567468186734
-1.8989077759236324
-1.4136762704859307
-1.3441700706388584
-1.1336930312999438
-0.7453320975691908
-1.473774817002551
-0.6935380505536548
0.12465528908025422
-1.01587871781348
1.5257889074746247
6.258978997528407
0.43194794892467014
