Architecture: k-jumps
Number of States: 28
Parameters:
0.07022542882534977
0.4397576303304356
0.2526743550851046
0.3033595579973869
0.5995718509797865
0.46268544549274193
0.06546641768500971
0.06522874992750016
0.4208933585378595
0.7589072378962657
0.5331675403784789
0.8242289320671935
0.5171336492269634
0.1386937402690508
0.8969733153990692
0.4214637546481289
0.372993313575371
0.19582579708940628
0.45480359071684895
0.5160840224400765
0.4063713978719956
0.7298103259119365
0.9471802324894936
0.02866806539192457
0.7896036150667775
0.29374716706056947
0.35911254239601365
0.30612238832058036
0.013432802404807709
0.47613766014659675
0.9853950265243707
0.7904617596119592
0.4573443621602429
0.2237434822662121
0.4530560157270477
0.7931595991612145
0.6805696092900456
0.8823565961796697
0.7406795167912174
0.6640436577487167
0.45750959527383406
0.0009449117356959968
0.9360076148462276
0.7561859804588605
0.2524675917539849
0.8333795556264562
0.42605393098002065
0.15618598040263787
0.24009245437716442
0.9983956691434409
0.8737748079490113
0.8648761386455949
0.7352504549625192
0.8227725999092788
0.3798934814127354
0.3540915288171529
0.9986528281436904
0.8191059507374475
0.43891095185401696
0.9972103466224714
0.5516825167145722
0.7419790968851383
0.02699540101978315
0.42008815997266913
0.9283820330719667
0.4099387116633645
0.45863256392595575
0.44563072074167953
0.4427587622240736
0.9508757164844149
0.11040610130965212
0.3728776954877604
0.2850674581200854
0.30287499796726713
0.9756514545763888
0.6358407681911277
