Architecture: k-jumps
Number of States: 30
Parameters:
10.985097428853583
-11.013646455677499
7.668433605333693
-8.28539933132084
5.76962903488375
-8.287003274511237
7.382748109901321
-9.425676220552067
-1.6686758792691745
7.029138340126222
-7.340007491128968
-2.19507190174386
8.505623981374631
-6.567122747959901
-4.755101467327063
5.035022580183453
-0.4870401858054595
-4.654097526355054
3.769360309378027
-2.4915039536072925
-2.7532756560507967
0.4720776800969628
-4.106748573243238
-8.311988633694092
0.5839270969652731
-3.9876271741117475
-10.316530959634948
0.8734104440417335
-2.414642166560804
-14.999951679475306
6.771751788768509
-4.779846889543785
-8.248524634032027
1.4416096155351366
-1.4397128690671885
-12.405035671987825
0.1913911970326045
-1.4287040832539768
-13.470601537831113
0.12764060038302397
-11.779739371839916
-8.672231329955268
-0.6080419600976399
-0.5685548446642649
-10.942440476023652
4.858990035713913
-10.187488631832966
-11.460255426146142
0.4237817118391526
-15.0
-12.928692938938084
1.89675227213477
1.94144908294624
-6.127775371371151
4.639492082748651
0.8023299781214238
-4.564983310490739
-0.877214696998288
4.865236003227634
-2.0002405620916535
-0.9468791311979459
3.1007886576890757
0.1615919994567849
0.4320519301629813
0.5425480612031961
0.47689699028179044
0.5428141006616592
1.1952416532597976
0.4366370618443734
-0.0039909256679366185
0.7566090454567027
0.27200221425465315
0.6239469290070608
1.002646088197133
0.7443684066405455
0.05466617964461069
0.39062739128479806
0.05450470775070236
0.4632021920538394
0.6601892592556314
0.668087961357827
0.08845717366506685
0.36917184486174676
0.06062377636134102
