Architecture: k-jumps
Number of States: 36
Parameters:
15.0
-15.0
15.0
-15.0
9.60763806724728
-12.485708348207556
10.946947912340969
-15.0
11.733437080425293
13.153718382011437
-15.0
-1.9992359423656012
11.639110903220825
-15.0
-11.524687699332663
6.8203487684966575
1.6967573713789454
-15.0
-0.24096742609409413
-15.0
-6.32161554488564
-0.4589614359687694
-2.085640430598462
-14.955741483277777
-1.2805500687589666
-0.6558994183460997
-10.597853124450234
-8.850141777546828
-10.658150487872014
-1.5962730267168528
-9.72233632020318
4.255811251689368
5.009006182735981
-6.013908011048728
6.1503807697082555
3.301896292655403
-0.5680062719562704
0.4911337071549569
2.02060627053508
0.899048426522316
-0.5413822239496798
0.7759281276738081
0.7126230278029206
-0.2972771812149114
1.0006951412333895
0.2773126213880067
-0.07392115650909648
1.1191398782687598
0.9467533928118317
0.7252038001504723
0.40528339075792785
0.03870499853350915
0.02828299239422043
0.6393136631546038
0.030064094918451165
0.9426142681809909
0.4346374836017014
0.3839620694205581
0.9112709292479868
0.6423122165387104
0.8414754762347472
0.2584805594261807
0.7936509721067059
0.8783935517048618
0.3360006822381833
0.5477562700922477
0.48813497827317337
0.678843997118098
0.15326053174412876
0.07533875755493588
0.46984176072001155
0.00380162529860515
0.39497663314773557
0.9378526354814175
0.45485545052674053
0.8182934132596454
0.42123733240912037
0.21434086705656233
0.38825119959312465
0.9636235810478866
0.5070174289336509
0.8354349441647945
0.7157595769489236
0.3097772618387903
0.4542022369123194
0.9108544296916092
0.5510692311476953
0.3825911775596187
0.07137052913446884
0.6138147161849761
0.43972045985592834
0.023202930859004267
0.783507435063299
0.49228543152614535
0.9342982286861617
0.6825367663719807
0.06607237556621481
0.2333073815586264
0.4322256247857936
0.12947195218177165
0.6223842212008313
0.4068174745758293
