Architecture: combined
Number of States: 32
Parameters:
5.649713151978415
-8.259417858688257
7.497901621923398
-6.475306105192713
6.900715784000477
-7.146614347018399
5.263165998000306
-8.380329705286957
6.867595131767638
-7.164088767731276
6.709071646262935
-6.750386117359823
1.8380407761780921
-3.5232843727087046
2.2231905065836037
-3.9697757326678547
2.037503862323163
-2.74466449306803
1.7547553498154438
-3.2502152829751174
1.7881663564762793
-1.9350582996121652
1.7806858435925956
-2.9245015238109153
1.8632346068689336
-1.471500948653023
1.783904224856861
-0.44644642795751044
1.8659230315262516
-3.0072788370505825
1.50965886557122
0.054324463514229954
1.794757096780315
-0.7065872770345466
3.9629215296350564
-1.702570782094069
1.7929455488257335
1.4583303163676753
0.9951572577740643
-3.8026433572461897
1.7606456637563963
-4.220600657980955
-0.37221516314983927
0.8165167582494972
0.954470220273904
-1.1153127179752345
1.848701317532304
-2.3529313657886424
2.5371707020768053
-1.5135651813171613
-1.0286993122429413
2.9806523401754434
-0.8508383992211702
2.2260853570433428
0.3878836585945166
0.7266262826425032
0.2900019550451053
0.5531658316314008
0.170914472082026
0.4104939998721149
1.0866667523506504
0.07508296402481701
