Architecture: k-jumps
Number of States: 48
Parameters:
1.4390539849575847
-1.2916815768608132
1.4460180785223686
-1.219404893231686
1.4564193275905597
-1.1432771819098504
1.4288993054251056
-1.0730536559370811
1.4305611190127954
-1.0244568166494885
1.3997329086712615
-0.8878218499703072
1.4277185875538538
-0.920616167269292
1.381957120862282
-0.5717260803040196
-8.016270492841963
1.3583788951137725
-1.0142032609697038
-10.215309223481402
1.321274175864003
-0.04081961393916665
-15.0
7.8128221363133745
-4.647481682032184
-4.528688025113195
1.0966686322584913
0.5168762336250695
-9.10428811747816
1.4166653060319914
-6.759589879867536
-7.7523200370268555
1.4338819299839531
-4.583358140680027
-8.613011600207232
-1.7057418256641166
6.715511929227837
-3.6825745477338625
0.07821021695503896
2.869639502864064
-0.4036874476097734
0.2715793480906945
1.3500920688660754
0.43120486748144643
0.23961724851132957
1.0424656722267989
0.04084910966423326
0.8747493750040736
0.7217073182427235
0.644275057500958
0.18511265618149664
0.33568961045464746
0.44994806350371336
0.7959115979426311
0.8830198491776564
0.619468509568019
0.722151945622222
0.2807535480252732
0.35786051644356975
0.9180280039520677
0.16452441361278414
0.5785601376748637
0.19260947833526332
0.18110104878359934
0.5545583399056427
0.04989625647200502
0.5183437464228605
0.14397202356453687
0.12263692599088505
0.15794886727608526
0.7689284254809801
0.591243436788443
0.7817022239957588
0.4803411007204007
0.420195817903282
0.9578042022298852
0.4916507000158026
0.26196986593089855
0.9381500727583113
0.5314213006453041
0.8433219290135707
0.8754563278517454
0.5049527563319317
0.5348476275516494
0.8560684066151188
0.18390272838082633
0.991457768961706
0.37443161310115103
0.5760937748394583
0.6607577709846505
0.11461310466939467
0.2950810052150409
0.26077005854604807
0.8441252114658563
0.710044720549017
0.49940649754615885
0.4890171764762482
0.5238293024965021
0.9318566489503604
0.3097057922708619
0.6172427183302404
0.21858454474972444
0.65183165141189
0.2263776590734652
0.2173647857364679
0.9062267769829564
0.9125045406919668
0.2285781890090537
0.008876979169834098
0.13379688315834048
0.6063432727361345
0.9697854930355931
0.006738152396715158
0.08252990287669959
0.8631122673110135
0.13914171777506068
0.20682319608156896
0.10030220852762861
0.8944384211392802
0.5907200451090667
0.18291461182084434
0.33835637455509615
0.26262250590609615
0.027688340452913462
0.47801837282669124
0.7440453225001458
0.8709710606303127
0.526794498078148
0.7629419745568001
0.033808720575147055
0.4920389451330591
0.2361845685470091
0.8173351199072936
0.13921952606046362
