Architecture: escape_chain
Number of States: 26
Parameters:
-2.9430115376244363
-2.8889021759888673
-2.8345614988418872
-2.7728800334622044
-2.709678737063327
-2.640454653452642
-2.5641155093004793
-2.485572567217476
-2.3976065598841063
-2.30301054994475
-2.1974423836304053
-2.0794199985623996
-1.9457578396177306
-1.7909130428238806
-1.6086485543096736
-1.3861624967933395
-1.0989351378753847
-0.691709059305048
-0.00034969858575002196
10.568212886599326
0.6049229460570961
0.7348562573261752
0.0740906803480077
0.9638536386778319
0.5483191952479809
