Architecture: combined
Number of States: 28
Parameters:
10.098853542942104
-9.019755275749137
8.734788292273054
-10.787974941602327
8.547751209636065
-11.081760451879545
9.660813675899393
-9.574744225586636
8.77097720945758
-10.693556033467475
8.193109461512064
-12.494771337864364
7.093820604472898
1.590602777072634
9.644221776040162
-9.396388661515171
8.894756202090289
-9.717165685769553
5.742700550365326
-10.977191303050619
1.5874921073635195
-3.037671393708952
-0.07313643543463244
-4.12872657842361
1.6987830343584283
-1.2119232656394
1.757638424087104
-0.23131545057746758
0.6716035590563606
-7.59183177122506
1.2737626981138688
0.4355286733794265
0.7482143709870568
-5.371029542236389
0.4399659179353524
0.35920703231775164
2.691068012772728
-4.641670175923685
2.0065111227587975
-5.5048551457768315
2.3207632614909657
-2.573178815588882
-1.6449066473308642
4.791489849952733
-0.3130020132394087
1.9535409172580285
-0.7693649715649616
1.8112339160948236
-0.23465175266752544
0.6185395380444401
0.21780702211857003
1.0619931987232665
1.1613834187398526
-0.015630519326781774
