Architecture: k-jumps
Number of States: 28
Parameters:
8.798639666344174
-9.38983316606952
8.364697547458633
-8.142606572981014
7.26246656906936
-6.594642619429611
5.911015723157214
-5.922400951914398
6.7526336969771785
-5.948929396831167
5.355641461640529
-6.218806007022612
0.4073009408244402
-5.344688944607846
1.2450692881514895
-4.590671819752497
-4.587372550158329
0.37089039900280024
-3.3004448173634224
-5.896841897148152
0.526190898855043
-3.0807384129432163
-5.93695728163604
0.20854914406055297
-2.9015059141631
-4.15564689505324
0.45760688862601784
-1.9812586735966529
-2.0724195823060243
-3.5271666632396244
0.5833331712068568
0.876304998106191
-1.0638580458843545
-2.0141281595857077
2.2458507944526676
-1.8331519456245087
-2.0809950218814035
3.910090593744614
-0.9612873369216683
0.6910282809779165
2.218599490820258
-0.10490820949718647
0.9405130978894671
1.575079682306
0.49981487771082816
0.13067974819303926
0.7188744186318761
0.7920631360035194
0.6480808329603068
0.9387782764763998
0.8267329490128363
0.6083654333188508
0.9684446764410927
0.6604953697048478
0.1466582732405164
0.4697254252428119
0.21255123299378662
0.5773484644670482
0.05732878215809072
0.1865528109507053
0.6791477742090684
0.4326498641980574
0.6758776684575752
0.7249350668778842
0.9645524982200878
0.9490344167203792
0.027524057494889242
0.9694326278224478
0.1552374982971007
0.17442213992452602
0.5155840897368237
0.5653197027976611
0.17852756966818234
0.28978431410296474
