Architecture: k-jumps
Number of States: 20
Parameters:
0.5405223713506839
0.9913662652223411
0.576687820994006
0.6718932599430117
0.8879620841212974
0.6262663977351959
0.8346219674195516
0.3244019528302079
0.9824843672383475
0.46035089301172627
0.33788638939457505
0.5391236777506082
0.9202008210117678
0.47667746747448647
0.8298860227082764
0.5659945485442516
0.30083629334019324
0.10414813131692713
0.5089699789440348
0.3419705340413013
0.5073931707482129
0.8974501776403959
0.9673064667110075
0.11326970181579665
0.9572902002891029
0.6924957568506684
0.8969057168670469
0.971069688336327
0.5454751485035091
0.003604090258271464
0.8680120514585523
0.34211588442654484
0.6792914061335084
0.33330176787319066
0.4667961311721178
0.7909409590691017
0.7160098833814026
0.418809545648239
0.15259868671675558
0.016673054836707224
0.4733112371398721
0.9293995252824128
0.4435944439802677
0.8014110829197777
0.44942600956743695
0.6033895100828784
0.41048836730353466
0.05889401966380636
0.09235150234396505
0.3181461737638912
