Architecture: combined
Number of States: 42
Parameters:
14.995642526180696
-15.0
14.999078292821553
-15.0
14.88849287458965
-14.981205322829219
-2.2688648003149297
-15.0
-2.2684658900301904
-15.0
-2.268504062362818
-15.0
-2.2630496101796767
-13.271598600968964
9.65401455700641
-14.120614771398497
7.648908303849277
-10.161604091398548
-2.269865222125059
-15.0
-2.2701756395743145
-15.0
-2.268997769953177
-15.0
-2.270995179913659
-14.348926690299255
-2.2692893314884937
-14.611889440874329
-2.26858865772002
-15.0
-2.2687189454655576
-15.0
-2.2697570168875267
-15.0
-2.2676651999624666
-15.0
-2.2681603307841174
-13.327406379792055
-2.272132749374542
-15.0
-2.265883177233777
-15.0
-2.269071273598819
-15.0
-2.2656203348488586
-14.548614451801019
9.217892513915057
-12.051882173416773
-2.2691211104192344
-15.0
5.046269220248343
-13.260811428447571
6.668807589790569
-10.134770834023994
-2.2695327164419448
-15.0
-2.269311545152524
-15.0
-2.268683588267102
-15.0
-2.268309335808908
-15.0
-2.2698395719378683
-15.0
-2.270168226159188
-15.0
-2.2650659376469524
-15.0
-2.268918278943069
-14.82875594290896
-2.267202178303002
-14.40586565035314
-2.26890722317934
-14.769854595463752
-2.2677658779147674
-13.41790330989563
-2.270837822592535
-12.169543155445742
-2.270883239698514
-12.80759537206459
7.924748068240983
-7.827609677713778
