Architecture: escape_chain
Number of States: 34
Parameters:
-15.0
-15.0
-15.0
-15.0
-15.0
-15.0
-5.492283682866369
-6.238226877997199
-5.105750699408692
-5.0996325416988215
-4.233953896214017
-4.368087808682322
-3.9495033627076794
-3.0557801769284216
-3.0587203705553074
-2.6172564423960814
-2.3052863488684263
-2.4757139286261984
-2.079864267324062
-1.6170059198022706
-1.7999518807206558
-1.764861289758108
-1.3588307957512453
-1.1358804856031908
-0.7912879497526831
-0.7537781630318533
-1.6833846779471802
-0.4248864265075015
-0.15428889136476662
0.29385613800283616
0.6949396308196565
6.865010476090308
0.31681998121319044
