Architecture: combined
Number of States: 26
Parameters:
14.83469985582669
-15.0
14.824854072808
-15.0
14.999981969852886
-15.0
11.621297737539008
-15.0
-0.036827188144898146
-10.828163996930979
-0.10644477719079544
-4.812271791876497
3.6393165842922865
-7.056501377403566
6.780803367027531
-11.597157683885985
4.340838293362915
0.5498985427519286
5.718210684795473
-8.95102520967838
2.927628775401018
-0.29197364390106967
3.07148151639304
-0.5636555298975429
4.756102331887784
-4.247288119351541
4.122175535329601
2.4594796965061008
3.7322510821353996
-3.4181723824418504
1.5349900535261252
0.25169620100019857
2.3308415804498104
-0.22295765740529225
5.240115766894485
-1.9897637006517794
2.6713060457834956
2.5837954753759487
0.15073119338939558
-4.258315971373582
0.9688461247029959
-4.127548497828919
-1.0726075563593842
2.8223184060208664
-1.009205089453657
2.0712616383155646
-1.4051981818319752
1.98067973758377
1.9604785450467175
-0.7226567731330718
