Architecture: cyclic
Number of States: 44
Parameters:
0.6841228686824151
0.5632828937565697
0.6773146348246871
0.2673136723279925
0.7691241114330332
0.4948012244653165
0.4268268182427468
0.16666384138181356
0.8325898601173349
0.9605861130510573
0.5291644091875377
0.2818560238400418
0.5840289926813108
0.10197231680067032
0.4006919847060504
0.627653144535364
0.4726222821570212
0.6313697860131325
0.5382501230865716
0.8509637990729817
0.36181982356401365
0.17146846467028465
0.32680971812547477
0.7957651906078115
0.09810602824368708
0.687478853250153
0.6423179755786318
0.6703030546381155
0.626285067334218
0.4174690147500181
0.6932195021582946
0.6388782602824256
0.28982533657509624
0.8631263405218897
0.7595593108665805
0.18883503527356482
0.9615721580770409
0.9364317619389448
0.24235505134557855
0.4472951380474046
0.8797794436606361
0.40474916917201176
0.1005995110500244
