Architecture: escape_chain
Number of States: 30
Parameters:
-13.646899267934817
-13.617249033194573
-13.636194497078472
-13.654912006223327
-13.643157881641118
-13.605079775645825
-6.215164568569347
-6.2166738984624885
-5.0886879877033735
-5.4899370004295935
-5.485267997850015
-4.77143440632441
-3.739915091705598
-2.821528136062728
-2.8902405233908093
-2.662945480021519
-2.183646609117706
-2.558356184065998
-1.8461508509563764
-1.761446084069563
-1.6027608821353854
-1.573436941957231
-1.1000611444537793
-0.7673470151568936
-0.4353649976021883
-0.6061311132263749
-0.8240563047885947
-0.10036816361464984
-9.943223985558621
