Architecture: combined
Number of States: 24
Parameters:
0.2987094512460018
0.009574169544652622
0.2849195036964449
0.06935948366800104
0.7850667201915923
0.029875260277742233
0.2474093714005564
0.7678879538822716
0.5368180127459188
0.0617342768526542
0.02568105655956665
0.44912945121939307
0.4104121443788601
0.38483048712931267
0.5966655391441815
0.6921811279878759
0.8581217388985766
0.008287978225419934
0.7189981288519767
0.3464943893770377
0.23262184075559267
0.8158175652970254
0.18844152973615502
0.5906277230197475
0.18588312442238575
0.619071833746895
0.3865114155174747
0.030628815908427476
0.4874081411307264
0.9985688351223154
0.843295341706519
0.3000529331805065
0.823881619421725
0.2389689795101021
0.46507609735696476
0.8850445184290316
0.27152918229517453
0.1908908765349442
0.16618379770192726
0.7723024846562664
0.9587895921483687
0.6592680970071534
0.5492401112056062
0.7815986939362418
0.994282012136016
0.7571069580780196
