Architecture: combined
Number of States: 38
Parameters:
7.424362042049388
-7.881230668956984
7.198791189907676
-8.643155699410244
7.793782248254756
-7.35278410681171
7.679061559389461
-7.452466843216692
7.715003820342917
-7.366420180805169
7.286481862142304
-7.449920095344597
4.63888366322217
-0.8836108758530749
7.0505048700856845
-7.370913462798161
1.926936877967078
-4.159762635978095
1.680336495248082
-3.1417031313772417
1.8032003558536416
-1.7033872616121326
4.570831309338287
-5.124838931617658
1.995664806292203
-2.9513217257167663
2.055013994032078
-0.4489092020989321
3.2329543268805745
-5.416618601548817
1.6887549857430253
-0.11296696390618802
1.622245865186752
0.17377889953381231
1.1648429381503747
-4.96266060710826
0.5769774722358078
0.19226574696882018
1.0572118899223166
-2.169793297737638
1.1681611111886785
-4.898775503697394
-0.8564337901066621
0.7862518853126746
1.657391885691192
-0.6542584170983607
1.6243498072727762
-4.483651240137991
2.0414260394009607
-0.9023093312812274
-1.252132763492119
3.4084034950938316
-1.015513973327384
2.558284055190237
-0.23189485172602592
1.053591235162364
0.7430144813645864
1.2059169058727932
-0.028571737422243303
1.0654572004340643
0.6927397168762754
0.4584547815925695
0.04388225403920743
0.46265908546220363
0.24425354945097807
0.022737945934669188
0.1496820598453086
0.6694972743812467
0.903400790928846
0.05784268100068158
0.05466596743953378
0.844755882084815
0.8433768466945032
0.8042595836954292
