Architecture: full
Number of States: 26
Parameters:
-9.197338515318682
-14.490352687430976
-7.193018436473712
9.478950478156097
9.342736503359948
6.118353524453163
9.164829501396463
4.99715044043382
10.200117901995865
9.545272931351926
-13.734557274902041
-14.593547867669937
6.077293799337795
-13.778813307318334
10.015678783441906
14.490299564565124
6.446734146915613
-12.006527737968817
-11.577800374052
-14.364158091439226
-11.071051354674921
-11.367326307643935
9.254250127500658
-14.423507657888296
-15.0
3.2767190630915857
4.019171260223823
2.9269057563402128
-1.100864580656981
-0.24006793885066396
-1.1999411537792204
-1.446443932093841
0.7896633736893993
-0.1063543808823594
-1.0554543890134447
3.11310582226922
3.4275615117603113
-3.8882302256078316
4.157776704974558
-2.748360162221197
-3.9290104178258547
1.6894211358530402
4.842703981430221
8.617660387157754
4.342409612513478
1.5287739592730292
7.062977952914504
-2.5705343021190985
3.3661881717901037
-7.753329130639352
1.5722841382849546
6.562422966703047
4.335602701386865
-4.113560018845215
-1.7329961044270594
-3.065643088707202
-3.1713092483811796
0.4878657559236687
-1.1637272568818486
-2.3076227546160353
3.3968658236339255
3.053400850539365
-5.650367403322234
8.015489581500574
-4.491533031632447
-5.1168865893567155
1.2306786810385948
5.468835234363128
6.148132860906813
7.251443790951531
3.5077845647356787
5.82447202242044
-4.469985928209043
3.979206552198062
-6.578395610415643
1.254514624244242
2.7103267714054833
14.682802214328955
-5.388715968831714
-5.4586867151830925
-5.6700130966797655
-5.927265136608122
-2.00392007438408
-4.250486867552628
-6.090715825354848
2.3431424730606727
2.066115654938097
-8.312357637038845
11.076026957441
-5.710965731533104
-6.12100982275483
-1.5177016680091655
1.8428999077489534
3.3331173672421466
3.0433414031518433
3.986005753579875
2.072794092650101
-6.02276839289642
3.420040581987132
14.509387043418968
3.4298680146221927
2.7915184501626853
-2.6284322143414816
-1.1022819367634995
0.5390519843711185
-0.7679464048555253
-1.4587778049203943
0.4575359438847398
0.9474278489674685
-0.7645894229037229
6.309796870524869
4.507219300307056
-2.0844296926927917
4.991280878705476
-2.4329251967542183
-2.305773005148054
4.438464164855947
3.0283251045891864
5.941712414492342
5.494606370951032
2.097488687971666
5.714655633010193
-2.824079948146882
2.3503936342113163
-8.603649218892196
5.625047087080328
1.6677399508937172
-9.338197119248527
4.528895121018069
6.4266517107356185
4.675924590469441
6.743885714956211
4.887553096589433
11.402358660248902
5.579941445138478
5.851084674169601
7.269314761963387
4.271523655289054
3.3010145823007293
6.565065694493935
2.8199133688488116
10.141669352514779
6.74357750314009
5.502284562124851
4.369882639008388
0.6237315556086801
5.398294349923872
4.933080036131076
1.7141184025306657
-10.58589518365378
4.135960642425151
-3.3919056661142046
-15.0
3.3942537641243935
10.486309529852507
14.98510075791177
14.582391481359615
2.8231188055434826
7.703548495690773
4.978211435732479
5.831048700761209
6.814320382954906
7.742668786888254
0.10313366432488584
4.870317028212358
2.597203409020364
7.175238984150831
5.1618416884288445
4.72823636932375
3.640194238269645
-3.89423724095962
4.3217189973215735
10.295426373669594
-3.4415390429795005
-9.683411823001524
4.670109327826731
0.29172755823903784
-7.923520470465832
3.0044653235591126
11.414373854654881
2.6585465490473936
11.702276169278099
2.3412133568341793
2.8979279501613107
3.659756209276278
5.2799251336805675
5.9769842821299655
1.9165856694973935
1.946547527849693
1.6351303050178818
1.3977973522356626
3.9926553069418382
6.027877917973695
4.448695104050757
3.247304231249951
-0.4458464664389103
4.591611837724872
3.7420099976577075
1.285535220299326
-13.120536051213886
3.0349841201788768
4.3501418262663405
5.0185457623048695
-3.2184985284566827
-1.3833106115306988
-2.034265593120703
-4.4787871574059315
-0.10017816004989759
-0.9297943096564608
-2.8396653574318496
3.473243326634527
4.944822998399308
-3.137197904284206
5.742934822988527
-4.342149600765932
-4.230744626505052
0.9441276876230704
2.705439656244671
4.711209548835705
3.3860884254256924
1.7190751253215146
8.366667318735615
-4.471358631453182
4.9800247675856655
-6.015999995016183
5.593118676867838
2.8239463042703217
-0.6187230966820357
1.2642479994627487
1.4518082961962857
1.182604858110145
1.4058086944283432
3.5151218565386357
1.571607517650738
1.9805453925914256
4.064720487511752
10.798602968336013
-0.02930298875033773
2.8600400350439275
-0.012737086585963758
-0.04155713964328245
3.6797328250873838
6.416307207468102
5.821529555536623
4.182476031719588
1.7448542282211188
6.212713359972819
0.337130733876456
2.188706990643665
-13.297289027959666
2.24354736841467
2.7523585563357496
1.5686076851994608
-1.0181031266239398
-0.2166351311678959
-1.089537201203514
-1.553192441667001
0.6405155128258715
0.36494683312227083
-1.0014006510316844
2.156646801596049
6.2208440716962885
-2.1624893223749573
2.363716885638485
-2.0800494075419436
-2.0895043174140477
3.6090506821412656
6.5060861370071015
5.626229189878059
2.9682200610783065
2.019675488545236
5.468674641415063
-1.756910812282012
3.783920943056656
-8.188136060903144
1.9444335238219588
2.0722288372787387
2.256225071340045
-1.2751012254220155
-0.6249097369593728
-1.4779724037567177
-2.0239395163985554
1.2009898897833158
-0.1802954098265264
-0.8891089710484296
3.5143481623638757
6.280706440569931
-4.727866463494455
3.57921877859031
-2.996514746762396
-3.622538593555788
2.287266483043661
4.133088430258483
8.733835472359019
4.5712812457786205
2.878297966873417
8.125325433204878
-2.0487760253651834
4.483500363434444
-7.835680009256714
4.228061329088226
2.6286015359725905
-2.2200068481701205
2.510018973787195
3.0402959480844296
2.7274414273188468
3.2495216660179844
5.231921923821248
3.8524238694401935
2.219865025562488
3.4512516339520594
7.053937148498035
1.0928414933106607
3.2167379687086797
2.262910824231171
0.6530685095926988
3.9032241253963393
9.209566245744941
6.602336923250413
5.835554825961668
3.5382685595231735
9.849942381719124
2.1032446877271083
5.992711958780779
-11.827749402946269
2.455400964623657
-3.4442421696176226
-15.0
1.5177216046578967
6.811807875398846
14.98693476580031
6.681838413157461
1.3273198596677542
4.535196309149746
2.6039088727715676
4.449629969500324
4.888273911368235
8.534830401244426
-0.7212299555249859
3.8921229473464014
5.5655246405447585
7.522050052162366
4.96112592404453
4.495149675569223
3.18656646120337
-5.890017767972211
4.148759199473067
5.015698696059491
-2.680329225420801
-13.091787311884092
1.585901963149925
2.5633531464414063
11.92544372118538
-1.885789797725293
-2.499519124454478
-3.1120621152754997
-4.835175475271452
0.4074581084738349
-1.255065454136358
-3.584412922411576
2.5850840935072226
3.477084052558627
-3.5970702397652
12.223978164028097
-4.483497087351864
-3.697088528193238
0.7110700706741183
3.4276646282670926
4.568610082576378
5.452982749323557
1.8799196657492132
3.8290381256580797
-5.021834060227635
4.178670297893029
-7.18503340497595
1.398895176670719
3.3295271305790046
3.5053388262295995
-1.9443438860004085
-0.9406229738247364
-2.5893172293813396
-3.3395223381340333
0.20802651337467856
-0.6395611698801842
-1.5407467069097798
4.442601563280946
4.1281521457613986
-4.778410920139724
4.089524228105555
-4.6492444238451425
-4.637670403617931
1.2727829939786057
5.4122012613972785
5.75034704812785
5.746519465593963
2.778050731174505
9.557686694026586
-4.791961552178754
1.7269102693612657
-6.0121001440899
-1.3231704333348688
-10.143408038299008
-15.0
1.4944599245473429
10.128884601111816
10.663997269410341
8.366124859207906
-6.0714916287188965
6.5878896536850275
4.890058462368309
3.6668939195654273
8.230893246280258
13.852116446700208
-10.170550152356906
4.522865156171124
14.294416536057115
9.51305102724931
4.942325885419031
4.552274178212639
4.019580879897354
-12.599813040354183
0.5518262485977184
9.498380074403027
-11.218509743785816
-10.505138203464037
3.7311233860043354
3.6736557320679144
-4.3111998886255325
3.3690037426867017
7.070022189020669
3.2679584450609607
2.610169393679494
3.4775429726307134
9.123727495286953
2.8420299684691535
5.301806652422723
6.323091289044256
1.4187682323951702
2.701271130920012
2.4838863528418034
0.7938724320143242
6.7226982260821275
6.5734143478869145
5.301333283100177
3.887404952659448
1.9604161301403773
8.170765899252102
2.9449500282715477
2.9240316642904713
-11.56576523665449
5.008490747929322
1.3158368715300484
-4.69424384413606
-0.43086022309426575
0.49090071921788986
-0.17646158794674863
-0.6767004798476576
0.5432509844536378
1.557605067859086
-0.13146504477212534
7.143480556106661
4.327364080838798
-1.2873245666687392
2.6051168403058
-1.7249774604626362
-1.5218310289103818
2.8747164791029904
5.600828825801182
8.194267910652721
5.514250746465087
1.5305042189373732
5.930485954837034
-1.541891007641256
3.9281721196470136
-11.052279024918148
2.5657519747196247
2.2990780762592684
-0.7987083108783694
0.02366125712105712
0.4408848578664329
-0.40986025236837487
-0.6566457677980317
1.4217386503855447
0.9555841553034542
0.3730092583159137
5.310690832961262
4.914782018041467
-2.304928595752734
2.2786036432080214
-2.1470738037170025
-2.150791939825001
2.6961025414940742
3.95443382599696
8.135186697603903
11.078470461267415
3.936113362257907
5.821381164909586
-2.0512257224826436
2.5698566053959047
-10.706272417281768
3.79842711284617
2.167260226602149
2.4604158911642067
-0.3517955284681099
-0.2109391450367952
-1.5661231969130776
-1.2283468637642816
1.6654106338244852
0.1277866985536971
-0.014142974981416263
2.7168460186600294
2.7305177702690155
-3.5937555303277406
11.589300956551728
-1.6417026380564375
-2.6644973179682476
0.8560524318763986
3.255813360226902
4.9112774201528975
11.876885288733076
2.282285675209376
4.48391191510398
-1.4454914236186542
3.6170017028457075
-11.012530612479756
2.179049816869537
2.3190848390085326
10.895282114968335
-2.1281212005284074
-3.6307470000795536
-4.81027763969064
-5.114298618323737
-0.11314170031955467
-2.4841866566277973
-1.9738846510111745
5.297926194362947
3.0637702450573725
-5.459371222341123
4.786779080257333
-4.947243113340672
-3.800997511482021
0.7518089168253673
2.6807707516107464
7.452713520202179
5.848946058564931
1.7942138155158758
7.452577381629521
-4.905642642232546
3.6934803879998923
-7.390711367397162
4.588392199558915
3.99869863007133
-3.918072839198712
0.7339960969491066
1.181820709398348
-0.2827261034523238
-0.2982940921712182
1.4737738748242206
0.8348319283308288
1.0199652644250656
5.455493358327837
5.677195047940788
-1.603837519461604
2.524134537758127
-0.7205195325270962
-2.283080078852341
1.9900277897055585
5.367448738538716
9.443223636897388
5.828025878505455
2.089828131368088
7.458458148601543
-1.1883191681326843
2.7977582074940006
-10.85379990632432
3.8153256891178424
-0.2026044261309279
-9.217240558922905
0.25787891930672713
5.316106894062761
3.44748487876364
1.6506140938849267
0.8075271854333613
6.743960391898944
0.6148753180308328
6.047676002372777
7.9669441440383695
1.7328596818222304
2.2187544804045727
0.022697947500849733
1.3347882971961431
9.48907173480749
4.86681536833219
5.03773315385809
3.6172609589283224
-1.2396873399452704
5.223911825569217
0.536415386695692
0.6482482730927093
-13.592374949983148
2.128722695274777
5.997938078285854
5.425094791525767
-3.3062692457242027
-1.9043506079627122
-2.9482547949277924
-3.363104272794011
0.23425710583822754
-2.067535416107597
-2.197731508231456
4.014210784410852
5.56569810860139
-4.920207485521692
5.803068396320666
-4.714881357210629
-4.098054065181527
0.9809948949216625
2.776613251923755
6.998397953303789
7.937099329924065
2.694587486482798
5.956239230554082
-3.08568905390636
4.0392897341763
-9.034283813112069
