Architecture: escape_chain
Number of States: 78
Parameters:
-15.0
-15.0
-15.0
-15.0
-15.0
-15.0
-6.218624741235025
-6.2087189345608245
-4.705420703939841
-4.399910041594456
-4.091646442828028
-3.366262260445888
-2.9909648980731403
-2.5320287390361482
-2.416614702924419
-2.321996081603639
-2.4188862820509214
-2.4722751646218617
-2.942636958289604
-3.0445304095678263
-4.057809533351097
-4.039013535356013
-4.84289440700867
-4.83190842486383
-13.682538566904116
-6.1776586333066925
-14.264730378862241
-6.176613704926684
-6.17330673664529
-4.805186788077544
-4.391804748009519
-5.088622907544321
-3.6729154669388078
-2.92450111946112
-3.1699376532223122
-2.6617789440098067
-2.5516079615650713
-2.173660597895095
-1.9668473458898479
-1.8738186618929282
-1.509270465991871
-1.0468348027852206
-1.338302988276377
-1.5141445088804073
-1.2656798978751442
-1.5176643485927672
-1.095421530769337
-0.60148862077043
-0.8929692674008666
-0.18181673954139208
-0.3536182789729106
0.27673713171992204
0.7130316488773221
5.692031964953045
0.5934372521941305
0.5968663666122919
0.3292646703190354
0.04396163385071239
0.6157626145425212
0.46551921391944895
0.7154653760867132
0.39209472723702243
0.06016356111592169
0.1696340509450649
0.2583315993681661
0.041916070268111394
0.2616809423579832
0.44463656154982356
0.08784582897118243
0.4196317674045693
0.8097725779014221
0.5987034054136008
0.6863219242778333
0.3885322859063942
0.19471324248342325
0.4053281033607863
0.09423901727152828
