Architecture: combined
Number of States: 32
Parameters:
2.724766467936523
-9.527607061102868
0.9005815554383472
-12.935120314078489
5.162994308732183
-8.247191123296451
4.953799846944717
-8.275755771350413
1.6505433662369196
-11.583068789922665
0.9973268063543974
-8.352973055248794
1.3253878672478285
-4.020597671363803
0.39549511659108944
-8.865192171274511
0.33860719813249146
-2.5157624935608536
0.3675292270761955
-4.476155472930067
0.307967575010321
-1.769309256524265
-0.0752150830998937
-0.4339808677638071
0.6084919716398517
-4.960974905990608
0.314950813426781
-8.031930993514017
0.41978844411038385
-12.597818486316804
4.074120380475007
-6.130314404800548
0.5463754029052181
-9.563931141196353
3.465934832296307
-6.758432950929422
4.57455041579362
-5.787543619893968
4.311513715120884
-5.865806124645642
4.230100858362079
-5.678446176483377
0.3424712575045967
-7.606427920473678
0.4454702427402073
-6.931158858901243
2.207292987781737
-4.582771102784018
0.21181482511542365
-4.108470338848182
0.07739437176178557
-3.399736054511608
0.9392965055778616
-2.4231230373877137
0.05871774201123556
-1.2008468232918892
-0.5737798895037193
0.4824162812018767
-1.9435330517837859
2.6999647380117846
4.175401715437307
-3.2937002237353896
