Architecture: escape_chain
Number of States: 28
Parameters:
-13.665115410841048
-13.656405436225404
-13.627824375870146
-13.662198886744422
-13.644243093159805
-13.609302161328795
-6.1672256449816585
-6.165828851697118
-5.423170125608153
-4.522710791765951
-4.157079898680751
-4.141751323068182
-3.3510420586953615
-3.185316028619931
-2.8711719472376256
-2.378431972798979
-2.2459641833589092
-2.3523255264476592
-2.0690444831255115
-1.4619716073713276
-1.6230116842416746
-1.3985709459878768
-0.903607214362851
-0.547986641497366
0.062448578648014993
2.2121749587027217
-7.366911251841413
