Architecture: chain
Number of States: 28
Parameters:
0.616082877126292
0.44063137525596396
0.925428236133902
0.6494698246270091
0.7489602310772017
0.9372187260969695
0.8030991643472686
0.06543864848926406
0.9416760454849602
0.981042347199
0.9945180023314655
0.2386110943780948
0.4272311229137731
0.08082377157592169
0.8073129759484567
0.10955127319138724
0.10029146150456492
0.6461244640017229
0.11547212523047967
0.6878353784858781
0.3683038912355775
0.20232760414154372
0.9834857861558609
0.6768169597240542
0.5966139383670388
0.21260179348230102
0.31516396950153835
