Architecture: full
Number of States: 12
Parameters:
2.374930236877376
4.111571954646886
4.7055991438406775
15.0
-0.8122490324429942
4.794142888022562
2.7401151847098038
4.69882453130756
-1.0874148397188919
5.371639976332052
-15.0
0.36508751361626907
-0.36966644605547166
1.38633389286759
-1.5233798747926648
1.394370478636782
0.9917798789172836
1.1963735379260525
1.0865886878308717
8.42752266922813
0.593143082491777
-4.029230920876198
1.2816913848085651
0.666071522821859
0.3775455312515622
0.3049779979249386
1.6700025099789835
0.6896496986004365
0.8125342936686891
2.7346349797179714
0.9875043065989566
11.360281090099798
-15.0
-0.47265097214007706
-0.7118177103109701
0.6385393219143815
-5.126620553281503
1.0616506010843914
0.09694007651771952
0.9073886063277965
0.8429505130809151
12.169002396079959
1.558450376227686
-0.2196181170072041
1.6544511245583802
2.6311128083688993
-9.69511603261667
14.519939849839316
0.8433816286024475
-2.097675685358176
-8.609173952788767
8.058797154615714
-9.477379711746512
9.573926518395657
-3.683109315875284
6.343444487359003
-0.10114153899639423
4.886811991725654
-3.5087244584435964
7.626750955607266
-0.4563096039829482
5.617480185953069
0.7469616036522142
2.204900686584771
8.948555542977402
-5.019980165694083
0.41755718428400845
-0.4113294537668469
2.2787369582075394
-1.0254360713022976
0.8867791749575046
0.008166101717493747
5.545525559239774
0.9958320031616614
1.694844987136703
0.7321249930045131
-5.218593292063334
-0.10963679162473788
-0.5084073616825172
6.7905506926620625
-5.878918647422807
3.2453936894489948
1.2413541581432128
1.4692639490014494
0.8300796767662398
6.199723921937081
0.506815691373267
-6.250877264222306
1.7695164414891957
0.40330418396511636
1.8957735194127505
-0.11652578721821394
0.7883367460878231
0.9829277676175806
2.0191415235159296
0.8426461261070475
0.7766649049918509
12.159283822077462
-10.59041207000338
-0.051641449310558925
-0.7346813146749043
2.668458654497133
-4.438808066320585
0.6109437903658285
-1.1640578311213012
-1.1554697913996475
0.24086030156469931
14.954570923143484
0.33084201458566825
10.213468402020585
8.922859426965427
0.9242137011918968
2.6114088351499474
-8.35561526928787
8.795628449114352
1.8396249837450456
2.2637048193148197
2.0870821977094325
3.657225476706102
13.756955083843849
-11.79512347063277
