Architecture: combined
Number of States: 18
Parameters:
14.945340196456723
-15.0
14.943327980533201
-15.0
14.999928661048113
-15.0
6.183815861470329
-11.454246750233906
0.05397948376289584
-14.396647001473491
-0.032361311414009275
-4.749451997880477
8.898143542075047
-11.174834310135356
7.0110217313868795
-10.651688340710908
0.3208386274765378
-3.3400066049417085
0.31931242642920227
-2.8715749261716264
0.29897343447236097
-4.359602439629191
0.5380370767480707
-7.869406052888522
0.3016618097702218
0.019879897793197897
0.40984692383868376
-4.078556170571546
0.60784828079507
-5.273256213441031
0.5201683029146272
-3.3442293812425588
5.482580688248325
-5.346411284748082
