Architecture: combined
Number of States: 30
Parameters:
11.134275607679138
-15.0
10.72167460927969
-15.0
11.454106505487754
-15.0
10.829091319860666
-15.0
11.89838038604926
-15.0
10.662484272660306
-15.0
11.606482411348233
-15.0
10.623955488861336
-15.0
-5.008961028315677
-7.968547106554256
11.695224863807082
-12.613522285519794
11.045704373209544
-12.613240674573204
11.329393362643133
-12.32944059192749
11.220479061444241
-13.12920319588181
11.770055690825036
-13.445333852670204
-3.5651228516438125
-7.001543527092558
10.717082739689676
-12.733512316941052
10.472265126173985
-12.586006197605142
6.855247085222291
-9.854082296059165
15.0
-15.0
-4.777181458982693
-3.8636519264983216
14.99993892489009
-15.0
15.0
-15.0
-3.7377178486985962
-12.35829871331878
-3.6937595493192115
-11.117911518565029
10.163488440665146
-15.0
-3.9010722703196907
-12.580799329729668
-3.6416571427609234
-10.738338056539686
-6.72108534984334
-10.139397100395371
10.340129465633707
-15.0
