Architecture: combined
Number of States: 42
Parameters:
14.934639419203322
-15.0
14.934363099197821
-15.0
9.335297904154585
-15.0
0.6634194290213793
-10.043284690245594
0.8422260760616979
-7.979844396996313
0.901761654034543
-4.009945326047482
5.800592950742056
-10.139297532622571
7.43443300998227
-12.410481171344584
2.744087229498222
-1.3347185525755565
3.455847600167892
-2.338698389869377
2.884304695424091
-0.4844046517894759
3.8798351345287556
-2.7707889689112526
2.769709863634836
-0.39077564301412104
2.65089550599781
0.5792141211247854
3.1686680748607445
-2.705507675059231
2.2160976324919934
0.7198241084133836
2.4172258081734133
0.01554170039013204
5.264517416874464
-3.504164168994795
1.6747738286599476
1.36102973566195
1.5256914826293793
-2.9938292370117843
1.4708180333415413
-4.139736430167562
-0.050166740452741804
0.8509359312121962
0.9154408636439731
0.18621135965234903
1.8983004284773752
-2.1276785105341
2.3619990613155704
-1.2211632105453738
-1.071846226198961
2.505142334186191
-0.5014382293087487
2.274510392608669
0.5525005390408874
0.91358942349283
0.5091310540190257
0.6109061637790559
-0.0952194254159388
0.8906742011229044
0.6103067923771694
0.6129376615389561
0.3465495652680137
0.1471553943267826
0.3205937770244931
0.5802874044756224
0.6135260493602223
0.7850626212627353
0.5808189070118589
0.7631405717348085
0.21623603968810956
0.8463368237793171
0.3439609087846213
0.4550808874277666
0.42407329334438054
0.1787836012638333
0.6860953788091892
0.12448022865467186
0.02078512575145347
0.676087107856988
0.020844118609696483
0.32521318775319363
