Architecture: escape_chain
Number of States: 40
Parameters:
-15.0
-15.0
-15.0
-15.0
-15.0
-14.984655012591768
-15.0
-6.193092559778137
-14.99352780182941
-4.8260367450281
-4.242508463711582
-4.569352459721806
-4.217568248520223
-3.0272647092563054
-3.1308603239618984
-2.71568921382231
-2.2777878958209956
-2.502793608684771
-2.109996672272094
-1.4700036956414304
-2.021932185448709
-1.920256369072561
-1.3936249284747142
-1.0373655541120184
-0.52506204711197
-0.6097969651406897
-1.156856048787088
-0.4045645499676407
-0.9161166936222984
1.3874585299858018
-0.700635418095176
-6.520978099715883
-5.945974449923809
-6.470823205835496
5.565787397330936
0.4573702595414393
0.8323661096930539
0.8079673577181273
0.41084025916464817
