Architecture: chain
Number of States: 24
Parameters:
-2.070117431965743
-2.2732802458704593
-2.0946561601285834
-2.0712782877277056
-2.0800122318230683
-2.083177069321442
-2.2884332180693634
-2.09157638909885
-2.185260052877855
-2.1377366834866227
-2.065081709698554
-2.1529956140093156
-2.0699118553342433
-2.1353571580785258
-2.2404763827533127
-2.0863844207600812
-2.0729849552090487
-2.2546899250934964
-2.231530769275232
-2.128937248734
-2.2815961568996754
-2.0589890790450025
-2.1981335849957833
