Architecture: escape_chain
Number of States: 34
Parameters:
-15.0
-15.0
-15.0
-15.0
-15.0
-15.0
-5.527453602567392
-6.184489883866783
-5.095290551187383
-5.089850120591563
-4.231484398113755
-4.3830302061349355
-3.9555670325764787
-3.057933888916557
-3.0581574484164737
-2.621947131602501
-2.3170831247587005
-2.477016938877415
-2.08008431004849
-1.6283465427675266
-1.8087010246288941
-1.7611975058304967
-1.3577686049326678
-1.134766637864298
-0.7887842387186409
-0.752783047845746
-1.6917884276584136
-0.42591956962715083
-0.15564904952928615
0.2929877366347205
0.6951191947639698
3.187422676182072
0.46022648682412637
