Architecture: chain
Number of States: 46
Parameters:
1.9148232127529718
1.9142594396446297
1.9148142652522318
1.9147705942276696
1.915024774866057
1.9149355431181572
1.9149968977818066
1.9149387806371039
1.915036486182645
1.9150959745222913
1.9146153310542784
1.9145134718560264
1.914683004081192
1.9148046350636796
1.9154252625611463
1.9148186404740737
1.914650800284921
1.9148481100615995
1.914470609286139
1.9149230334717993
1.9149010461629201
1.914777046875407
1.9148114444857416
1.9150716419442817
1.914372647080035
1.9149183605142308
1.915234776307817
1.9145583293911603
1.9148071201439423
1.9153612500117134
1.9148076460714316
1.9151687496331793
1.9148988359861583
1.9148198062108932
1.9147221099097458
1.9142261433821308
1.9146015574315383
1.9147451078281927
1.9145471365786682
1.9142363231363473
1.9145389967533337
1.9142166644505123
1.9147348198944982
1.9144839969411982
1.9154203874147906
