Architecture: k-jumps
Number of States: 16
Parameters:
0.32056006193525016
-11.64645500897027
0.35577362349197933
-11.576182573082958
5.1792278439563795
-8.073983040275984
0.338418470386144
-14.719319232873842
0.28179943784991623
-8.514881370849258
2.634036071134955
-9.99757543550313
-10.138630373780908
0.24241684536902688
-3.138179139513456
-11.805419002614
0.25953141482439257
-7.068847779228014
-9.770743045161014
0.28929785380355794
-3.46496440839092
-10.090787024744374
0.23251014340564669
-8.746069713685786
-11.163071951266346
-0.24659141566363468
-0.6937475919180256
-14.587151712895173
5.333210087828413
-12.107507408110688
-6.164421825617336
0.30716166169068976
-13.71508375953341
-15.0
0.30134047914045414
-4.872213853896302
-14.434096666703471
12.797230441517739
-10.129772760076836
-1.8623449055431547
