Architecture: combined
Number of States: 44
Parameters:
8.84422295712419
-9.326154958839245
6.057576848399433
-12.164745251791118
9.46796629979754
-8.703497762077168
7.9799253125173735
-10.198014955366673
8.643872596209281
-9.530593823551476
8.1606066257692
-9.47088689414396
3.0216818186397094
-3.240490398690282
4.347940031746276
-11.550730344858614
1.2203483940213462
-3.534125297505786
3.7806055083519325
-5.185326049021601
1.5199669069283956
-3.130257657769986
1.5896470520485713
-4.37060450626548
1.2343415833150537
-1.727224279184638
1.375656315964176
-1.1401205058864021
1.429434937381729
-1.4550144186506384
1.7399089811122932
0.19561050508513939
4.2848474537035015
-0.8072510146676897
4.572885864382032
2.316971910766775
4.026386116411293
3.9302290476527997
3.1235369973027374
-6.057060712623993
4.329645703534622
-10.198641478384582
4.523587012243366
2.3380268932492765
1.6504496366839458
2.7644302943058108
0.2584799958165511
-8.878480562825883
3.263622725841751
-8.015466337722613
2.4468812222438148
-4.220008552845339
-0.7338201463597253
2.8826950842894137
0.4896857245426907
0.7696375151163822
0.25205649685015147
1.352977784294228
-0.3733120579980694
1.650506507318615
-0.20760746769340033
1.8507644998799948
0.6525299105911206
0.9640326677193236
0.826653189351155
0.20262916651590054
0.18262612598880296
0.6633979783706658
0.7365520562444089
0.5282828215460715
0.6263063427554015
0.021965026352599004
0.6616492796675113
0.147218644806974
0.34290571707639383
0.8607034488283682
0.9177109939006913
0.6696813450985695
0.03866613779805472
0.8024389054988523
0.09828718852879048
0.02330323877370366
0.5945072019966091
0.9985627700070083
0.7736787138185357
0.19489022608763773
