Architecture: combined
Number of States: 22
Parameters:
1.6403872951342975
-0.8999519803033824
1.6551801882612454
-1.0817116664983097
1.6265518229200766
-0.7685726674251102
1.6732653971095308
-1.0458355783501683
1.6630051093683647
-0.8835704336515013
1.6035474123687259
-0.46640250064367733
1.7282695867214493
-0.787144441382542
1.5370000905180057
0.1478337852961486
2.0420789725305086
-1.0851067075847913
1.7626004112430327
-0.16601848569982175
1.6079432999859953
-4.809807299713256
1.0447277368159287
0.6318367673839748
2.8006531877445022
-3.992408414265494
3.0156847104696163
-3.370720414990763
2.1807003504457994
1.9025748637359066
-1.7042308641087338
4.233308462289695
-0.27260422850530797
2.3214546649902146
-0.013908551567875458
0.5256952245719037
0.6123764847175358
0.7701198635513766
0.7663440039939308
0.760917928042713
0.17835936323058332
0.7434711251463749
