Architecture: full
Number of States: 12
Parameters:
1.5337302097000494
6.276889589780303
4.71211511039581
-5.31430623573812
-5.314988792184765
4.085034104902949
-5.189282157933578
-13.913397648332785
-10.760193029550832
5.9493194178996385
4.050575967572396
11.641246047407288
-3.522050298240548
5.28453608341874
-0.23144553038236182
-1.7110449088336983
-0.08711726354351601
-0.7887231576221758
11.884717446009512
3.008028114885746
1.3576415258560361
-12.752080632905292
-14.257530794368085
15.0
-14.037840898061091
5.871623344084222
14.971308605816038
-1.0690909160088227
1.8828271627149689
-7.131151457698428
4.221706021192373
-8.466734260684559
7.18668071036158
0.9865295073759225
-9.188951463996773
13.776924566182785
-4.156018360234838
-5.059397656360108
-3.140243607897876
-5.162763102723761
1.5766769585763132
-1.9170421578905825
-1.594122018385268
13.822723796747836
0.21340255546450718
-2.592290304427094
-8.309363585768011
11.819356294384983
-0.09454183174562905
1.0153276281967185
11.786768239729048
1.7783697971081514
2.0001993703052947
-0.4556710927979945
-6.512589953242385
-9.73320639615476
-6.172475188533792
-12.832312235441329
9.551803989974072
9.590391703186214
0.11280620041713309
-1.3363695478885211
2.394436179108646
-1.6856818471494506
-1.9765430467483553
4.172402965864371
0.782066872949538
0.2280639481587632
-4.266492236018365
0.7420892581075881
0.12853632565568557
0.12257435175858275
1.2912231573779613
7.4292233163018615
3.8026577197218816
-0.45580785320940564
-1.454080273511058
2.4111680831502778
-7.021186219884873
-2.263579697165544
1.638214950896742
-1.2145007812080981
1.4571226488600235
2.7627902150366555
2.5083710164912603
11.598785901436672
1.1233291734510629
-6.625783411611488
-0.013494710270267862
-7.15192224992363
13.47754234867093
-0.9369498992230004
-1.9855794306128998
-0.2710914071522494
-2.100961709709064
13.430799414122106
1.8881454799176385
2.2623680273054405
-13.20670904990057
9.961728670378166
-3.189710550490361
-0.04013660700828937
-2.402684681348515
-3.1146913369176
0.777042243371593
-0.1794906568196645
1.6797676875434404
9.718155195036482
0.8377456282243392
-10.20269196206244
-0.47179183713434025
-2.586805894170055
4.087773351957759
-1.6569631984735078
-1.7187178222266408
0.2157938366221292
1.0368952388661279
4.608501510902099
5.591943225948149
0.23755311770190518
-0.7551254936181324
