Architecture: chain
Number of States: 50
Parameters:
-2.6248011410728442
-3.305977226575365
-6.131109755344729
-4.687621424274676
-3.6656509159058026
-8.7547487217703
-3.971030209543116
-4.858321656167822
-4.342502890367975
-5.68285572385044
-2.5999079139041243
-8.549993525160678
-2.6018649046064195
-4.136558381826292
-4.275728629719077
-3.920031803847348
-2.734572390243716
-6.0122169218107535
-2.6204605467091877
-6.436232184431629
-6.476445649858552
-6.270242658320962
-5.330174139942207
-3.6662056434034107
-6.798608603757002
-8.864776939522642
-2.597381940816816
-4.157966338723142
-8.822739353905204
-2.595915076577466
-6.19261748345009
-2.8517739568173734
-7.796207109681934
-4.477807069209395
-8.11633150745616
-4.796648300436287
-5.197368240456761
-6.988874473947393
-2.7380136132871233
-4.912017487051868
-7.456034794524622
-2.70800837290635
-2.619388004712762
-2.6152092048739495
-2.8544880567017814
-2.6818582773306643
-2.9143516221330126
-7.852849750483958
-4.504750422798822
