Architecture: k-jumps
Number of States: 48
Parameters:
0.7240212589941484
0.9976126714373332
0.20609681705084504
0.6014005792913969
0.5782381457034622
0.6214343226289452
0.9841973379488927
0.702853158436056
0.5977705101864977
0.16641941851286157
0.3635497666961133
0.3909303604547639
0.18584425879906186
0.07746442989079128
0.6155334208557387
0.07410304211725183
0.8144526975140827
0.7797522072035011
0.18008978652561958
0.3948480069548512
0.3779036821570434
0.9882377885389595
0.418543903497709
0.6973362238433161
0.06196866295543457
0.3536228149113969
0.8502886060280113
0.7037922081337248
0.9826223375581727
0.7600196229916238
0.7395730656817227
0.2762132246101088
0.1629901767810511
0.4103901074987558
0.32694376956878757
0.9022691101794027
0.6703361949360583
0.9619425767878961
0.3321660446740272
0.6690139493761816
0.21593834644881116
0.04613358485640817
0.4057267052290744
0.8344803548542108
0.906886465277246
0.5755620786416553
0.2942915914593811
0.8361394178603975
0.628485171990739
0.08830764480147668
0.13067356548511522
0.42839102449424815
0.08189209848769219
0.8618890230562276
0.21891656714817787
0.17914343475733696
0.22271023339323925
0.07520961207022059
0.15255471586302627
0.5240863753183649
0.8406757296422713
0.9435907877899666
0.8828929950712624
0.9608574213232834
0.31756179965158604
0.626571810052315
0.7952858869645295
0.9434514765856037
0.054350856369271616
0.9623866760991776
0.5949658220512034
0.1418287542121932
0.39660005294868383
0.4975286937230211
0.48224118588494336
0.4832763805192243
0.8498954190475932
0.7564793590517652
0.8854044555382226
0.33820622709850245
0.3642634678120624
0.8575092708556712
0.6260378853503761
0.9509101722178952
0.5379333934695114
0.8529820041401347
0.5097833472370336
0.23599959294259365
0.4987226652860709
0.5729718422416754
0.41025472372681704
0.9314754993556749
0.04945381076361788
0.7434218732674881
0.31976544750845237
0.9324410013703802
0.958195883396646
0.5953549883382534
0.5208446733252172
0.7120672045664549
0.6980121138625649
0.6915699396802952
0.3384308238782505
0.5842158575347867
0.7646588207311286
0.8050864745578004
0.16143263456018708
0.4068215281279187
0.17236243047394184
0.571173314628673
0.22036750976698305
0.3401933326673411
0.2845978379819305
0.4618962827419908
0.8299397784252132
0.9679920538725469
0.698994975188201
0.9789904682805726
0.6651450285179482
0.11431039848393476
0.669360392832254
0.23063716644432575
0.8244103165122464
0.9588177998917246
0.7615861738198436
0.05500087068205772
0.34475643544903845
0.08482815475900007
0.44912202586092975
0.3127041452016188
0.7326807943553849
0.33028963469135986
0.8737688427913325
0.5250145997214225
0.11504062447333008
0.3326476935405387
