Architecture: combined
Number of States: 22
Parameters:
14.956400336100884
-14.991073469745372
4.542600262155086
-3.070261591700197
14.875277689751876
-15.0
5.684997496679814
-8.277947177353708
-3.1173132657203984
-8.99886045991903
-5.621397134706517
-4.9025117486911505
-8.698029437704372
-9.625380304445512
9.406658987870134
-11.788555964180407
11.358529420602189
-13.48372235308953
7.304020432015344
-10.53833056216104
7.127005715932052
-10.371432984357734
0.4430654876328565
-10.43075729279443
9.62551806998092
-10.164400882976285
7.627412064209671
-9.374575325474959
3.4717989226365797
-4.968438127804369
2.255407909105466
-2.5642691626421894
1.523719988641938
-1.4402293786357194
1.4603769772137343
0.6607059627708828
0.7563090175163797
-0.04908832685020098
-1.3281172934607655
1.978331370155683
2.915731194070393
-2.461552354435646
