Architecture: k-jumps
Number of States: 24
Parameters:
5.168262927170469
-9.938316183724233
0.23289793857740865
-10.758402712210051
0.22283937975708576
-12.956563215058535
3.144133174960692
-9.553899983146799
4.242694392240728
-10.103576160064463
6.077957544414724
-9.578060048126954
0.18079046246659297
-4.037940104175377
5.651938550774343
-3.7555169395729284
-7.722766610388082
0.06222353068657423
-3.039912626660094
-11.171890710935843
0.2737386933595631
-5.496708386353577
-14.970491782124755
6.829741096497412
-9.827777935932247
-7.349238460481974
-0.17711670990740713
-1.3652828176073863
-15.0
9.953165409159778
-8.433376855114176
-6.783884831312947
0.11086972369938955
-0.5328434450818246
-9.56214794269777
0.15658516286964366
-1.6600547320800803
-9.714168223248594
5.385941423702351
0.3113059124576844
-9.776373239838714
5.310902630644787
-0.8921897059182305
-8.257643352865664
-1.3401217257047824
7.247610485650429
-6.2960901271515795
0.5274490987523466
4.427458151206497
-2.8814318745386203
0.04327395334991076
2.992965727695739
-0.5623865311327003
-0.00129706075101259
0.8191074936540244
-0.016404402490412064
0.8247043468613676
0.7945668872128491
0.4654073265494369
0.1288353341609773
0.12191668396299572
0.2423260861755686
