Architecture: combined
Number of States: 16
Parameters:
1.916235071737355
-8.003772099295686
0.8144806262650394
-6.689050454536324
-1.8546849357509387
-10.957449836301702
-0.7664751603823907
-7.718779191864805
-4.947893462085618
-10.545559221272198
-2.576807055410877
-5.094492363569701
0.20699254299683117
-4.638607824301604
-2.706064650749287
-14.998868659432205
-2.457970977203682
-4.5737168912051995
-2.72348337201512
-7.314941127982921
-2.74944096917004
-6.507480728195794
-3.158498579067054
-2.8280050946446487
-7.189541352590993
-7.536850618952769
0.6546960336616392
-6.150310385210791
3.6900289097214265
-5.80897232033673
