Architecture: combined
Number of States: 18
Parameters:
0.3459286742332316
0.19663665113796835
0.009821402946500357
0.6211899876016702
0.29786840063291753
0.9976726595345131
0.8004409818261652
0.9215790628200636
0.819415791488036
0.47492575968479855
0.06041151999711958
0.45404444842338443
0.9848996729404579
0.11770205185264304
0.024913732027778246
0.742347097727274
0.7994488853713337
0.2584778472502419
0.9083859042711486
0.7738497292261404
0.11695253932037375
0.7968706918476262
0.17557203649195197
0.7242244179809417
0.6513482039746716
0.45183477024632945
0.8070581336538603
0.7365843436977427
0.9908016965018912
0.8414525178513855
0.28402312105694083
0.9146899883663362
0.612667782036496
0.1607174328116111
