Architecture: combined
Number of States: 40
Parameters:
7.2537356319895965
-8.318155555541598
7.133881971219496
-7.211823403793847
7.2426748828550505
-8.243346768584672
7.3434565682642
-6.615106318845837
7.3307935319605075
-6.703178235390781
7.5650538495205675
-6.481778060624084
5.759322172970771
-0.4653678142528059
6.742022052523051
-7.3379479974419315
0.257127773220448
-4.347733267546498
5.395374945344054
-4.352670763862252
1.8678283983396686
-1.1268424188132193
2.5442887792503384
-4.388606884404961
2.443598234315199
-1.2629352688076896
1.7491691414615542
-0.37981425541895386
5.596934254064355
-2.594602096136228
3.8570024376419627
1.993680897115334
3.9982458512237846
1.876139489616681
5.188219166831486
2.5590850898897908
4.689566346192341
2.160780756751627
4.024965534808969
3.807043918560322
5.966652398318143
-4.428216528288309
6.131450634468297
2.7570062665329513
3.789387739921995
3.9793552150449574
0.40302799596176964
-0.7279606289538082
0.7738870157071428
-2.184453417903992
0.4319097984261966
0.7193805093457305
-1.7259734057648806
3.478582751361037
-0.29343325835120343
1.252041979980207
0.7952630354982665
0.265024724907292
-0.27209456630521556
1.0778035073890182
0.3149707264073669
0.9696684676360723
0.5715021361440024
0.8109852366587978
0.3102118853185049
0.881069251654963
-0.011359975423214966
0.18763128653573513
0.0488063851303474
0.19173276833684652
0.20036345735675065
0.21685059774461513
0.9644465554529441
0.5074812775376083
0.7057176769591917
0.772542540523424
0.4528298357836358
0.46992729230581887
