Architecture: k-jumps
Number of States: 16
Parameters:
12.350571387003955
-14.327758778438799
11.30221259891824
-12.050309523984469
10.612098455799021
-10.91353807223764
7.693201631407393
-13.762957865507794
6.639148111155732
6.292994333796627
-15.0
6.534731848082446
13.906812425742133
-12.941697245062837
-5.300650009139897
6.572288312664021
1.504424326770247
-11.657404705207814
7.193960393048073
2.3747918619653037
-15.0
0.5478090185384804
-3.30613629488148
-9.825972363334003
-0.07050246385036057
-1.6450480618004653
-11.391533516263209
-1.0847339134962684
-4.608614089722245
-0.5129736050181757
-10.382698210109782
10.328558931691836
3.564194009923239
-10.72689544016793
9.054325987780807
2.2964188374547665
-7.867636664050317
4.63777747065537
4.76283708939303
4.7208335645511985
-6.968401333919196
3.637253662975159
