Architecture: combined
Number of States: 48
Parameters:
7.1761226566631
-6.680264752063844
6.988915943219502
-6.895742087043586
5.780261833577367
-7.929161898233282
2.3751802187214714
-11.440737040052083
6.870467847399205
-6.7532176825239425
6.548276019331115
-6.435634656773277
2.2664961793392413
-3.0795287539644463
1.9983637510630765
-4.501666689004783
1.9046132671322284
-2.787648267217385
1.78147869127176
-3.29599034832979
1.9598199768344862
-1.7414527498266203
1.7567294969731755
-2.9214714020320307
1.88689067860445
-1.455495127273508
1.838257911552552
-0.3793634330611114
2.009501007081142
-2.592662919269023
2.0548958064714107
0.47692859229734247
2.0172399221117354
-0.29947919874174955
3.765218293684161
-2.19661017786935
1.4760305420153423
1.112720818365355
0.947774145774515
-3.26590799307814
1.3350603256273759
-4.653639806145875
-0.25483868432821977
1.0566563759357193
1.787375108439194
-3.2106801800355766
1.7384654884293336
-3.0281189066310716
1.910775962495038
-1.3126647013527108
-0.6203721681825597
2.7995365355334982
-0.2536867806088721
1.4117075187531603
0.7646763192802978
0.6883994183297042
-0.2433693839233899
1.4149290832640744
0.712857395015118
0.5532964758515566
0.03475801485641434
1.02051395347994
0.63155547858391
0.3713940687570262
0.44930025047280003
0.6586758712728628
0.09533158561092495
0.5686919137447152
0.6791914121487971
0.7454273169505601
0.6195047017120666
0.5685716913131844
0.30808938607697056
0.9165328521722438
0.9103291022843073
0.42454870398603506
0.16033950125998275
0.9461103719666816
0.8581006801517109
0.2049178142118374
0.27730737802916183
0.4093851656768721
0.9206908151586601
0.3425275063462252
0.3103283840378116
0.6833258816018725
0.7314015168174536
0.9747995991836106
0.9197606902600157
0.7338172090457185
0.785608523748935
0.7090756306398859
0.016077795220898805
0.7766104277062083
