Architecture: combined
Number of States: 24
Parameters:
-2.419894413805813
-8.627349438088844
0.44922115364086995
-7.855020989109393
-1.2687328179005997
-10.859693207382822
4.363934510830678
-7.796661511458229
2.3353334492318987
-13.339814688296842
5.243201878919359
-9.808645507357188
-0.2973334906696441
-14.491016501386788
4.0101409259562715
-10.157292994881193
4.489023991636443
-8.630167720747282
6.156120968452498
-11.590024403582753
5.110831238498848
-10.4971938369016
-2.30306287728433
-6.250030751908032
2.135917641806062
-10.718524796467888
1.0415231649684586
-11.817004992413603
3.3664274257694404
-12.932576994362345
3.5342431800491707
-9.888140944500778
-0.4252753968329912
-9.06449475918836
3.690079535432675
-6.689027686465659
-1.9651856163322694
-6.403010029670809
4.143725763969685
-9.433511053010436
0.9719300333078179
-5.75554863639287
-6.206201237335076
-7.644255928285209
3.447770044131047
-6.106140032923315
