Architecture: k-jumps
Number of States: 20
Parameters:
0.697358401272737
-1.8410450369068692
0.6665860341760109
-1.7895673903008513
0.6742447421178026
-1.6516204080644523
0.6972474057424684
-1.8082232574863457
0.5736927585318419
-1.0374758473502592
5.510679048200213
0.36146760862970745
-6.702843532356588
0.7438615168107735
-1.5317846322755673
-7.90253649308452
0.47072571084482107
-0.3673434504879189
-10.781319805028115
6.040849563363665
-2.5184024899249366
-5.4668278831441075
6.044813008204259
-2.5116771881673494
-5.913837650968442
0.5956520605395599
-0.013115206250087958
-7.988726089911758
7.358676324011663
-0.7401847699024304
-6.848086127155435
8.73799008968323
-0.2859859644360036
-7.550229925338569
-3.0106457317625357
8.987868461877254
-5.149717294087254
0.6975744887837216
2.9428952101891297
-0.5897860921589522
-0.13303335640309544
1.9898894239003764
-0.10391143437479888
0.25457020335808656
0.9763049744374888
0.8047524104225248
0.6412747394035716
0.37959309349116843
0.5647795958855371
0.716680983445673
0.2625116698804119
0.1786467185064757
