Architecture: k-jumps
Number of States: 34
Parameters:
7.522806894489361
-7.311580031538596
7.2423774476494085
-7.066511001798056
6.206289084984508
-8.621010030742026
6.156010960679575
-7.970243100790276
4.010251136259527
-8.626775706568667
3.592583115239039
-6.432858636457692
-0.3053427806854229
-6.1184790758975005
6.4619190389441235
-6.027227166942355
-3.5025324227676644
-0.401406316402711
-3.294822321817756
-14.378840473667266
5.244757459946192
-4.228195726558979
-4.0618688641809095
-0.5788290279214161
-2.220744947491368
-14.88111079102762
-1.112742845242447
-1.0571428804311844
-9.956559703277426
-4.500728215681249
-6.258286285945546
-1.5923228554205016
-3.859377381075698
0.1675959324400463
4.120482256328724
-0.4332953613571815
1.3337298218988127
0.41506018361953717
-0.5728613618346569
1.7501392646384697
0.5533372456413643
0.5430770412002301
0.14137803687242192
1.0051820747462683
0.17282617405492343
0.36333396110753935
1.2033365255306083
0.8177431435974921
0.5061808479436372
0.7372709631653435
0.7757466652329005
0.8489557541445331
0.9303367591501814
0.7584705293531849
0.18850986709110168
0.7986597428818046
0.7748813470590059
0.4859778867163401
0.9380420859259611
0.2322061389333309
0.7247489659814974
0.43215855082461463
0.18453372654613814
0.5619999756778755
0.130252896889928
0.8452215795910991
0.3337783959734189
0.8314098253315908
0.1065594763761937
0.8781525855005735
0.8449679626321714
0.6908076289218366
0.28203240662286255
0.013859035989094883
0.7272742016791788
0.3697928624053284
0.98305356527172
0.8991187277882859
0.03792817804753408
0.417857733698007
0.4065610614048802
0.8804260728382097
0.6987861283724492
0.6097975214751098
0.2694765886689292
0.08311530982218338
0.9080434554216246
0.976684421633582
0.15788929930759388
0.047022372034584925
0.5510057664544772
0.8299560978863298
