Architecture: escape_chain
Number of States: 44
Parameters:
0.13998148704252034
0.6488790577838112
0.9155869273563209
0.9329965964608906
0.47237829086291605
0.4092907453173673
0.23517691080481062
0.2719014705792866
0.5046875646736797
0.4929529089905458
0.7656909695036107
0.5983422816067117
0.9852267363326518
0.3318818862266224
0.5572323706428336
0.9735635594828931
0.41826090676294836
0.7334512839648204
0.9740874635093896
0.6495848576931939
0.048580812485527036
0.6165816806182854
0.7388677082496002
0.44665159690768863
0.07717069505411467
0.4457072178670298
0.39666220347507697
0.28982151829700886
0.5816126604047406
0.6496003291074869
0.870557795686706
0.331435016443708
0.859984579441098
0.5939300503562689
0.15362543931242845
0.9148203166226949
0.9364205511135475
0.6724992039418429
0.8991450473200118
0.6700259408001438
0.02939880146705609
0.13947730867554098
0.20631734972729798
