Architecture: chain
Number of States: 44
Parameters:
-2.9844954695835866
-3.1938941264554703
-2.241808373723638
-2.1959526708608754
-3.2729598392613637
-2.4586272109352847
-2.4680201678321376
-2.948611872551427
-2.5251235778668426
-2.8218157072502343
-2.758683450184047
-2.5199390130095565
-2.24948243876147
-2.766630198442021
-2.5909623606040353
-2.4785034378706152
-3.344298442569894
-2.466475403577474
-2.23966273264771
-2.3298476009490248
-2.4687205867407473
-2.488702137606818
-2.3389402857868777
-3.38925797380977
-2.2589491476457613
-2.6411606231221545
-2.633691495282582
-2.7297532196229644
-2.4832671727765363
-2.993412677931267
-3.1493486239705093
-2.7290501443399675
-2.339943401519175
-2.4115729036405344
-2.373893096941695
-2.2456098249227487
-2.8185341437631832
-2.2270613648301523
-2.7018115069696917
-2.891016381655997
-2.2473310442595373
-2.979667582406835
-3.087516926622387
