Architecture: combined
Number of States: 26
Parameters:
3.883327703671367
-8.394078660432909
-1.2076951150385584
-8.612218224219303
-0.011982003884345827
-10.736154344159381
2.3028606417126416
-6.49549104552623
1.8785699531218176
-4.581188001527642
-4.990550094450191
-10.914146107092398
0.3145927903512072
-6.83205422435856
-3.067300022172686
-7.710569440437861
-0.3366744184617556
-2.925257365438667
-0.09392323797617784
-6.408659528887119
-0.9904099369442108
-3.2444280131970307
3.8777380077895627
-5.705087069153283
0.4129384007541117
-3.648950758448236
-1.7646853581662052
-8.25159761604483
-3.2384270119975844
-6.934298499150957
3.2154279141717095
-6.8095902471478675
-0.8100962930686628
-2.8196086127971625
3.4290346530801954
-7.2860222579972715
-0.6017411106287581
-2.7568049265921637
-1.5174276173323782
-1.6460377649809859
-6.713517961670998
-10.764697283620986
2.7251715344172465
-4.074483593223067
0.9881546322032886
-4.967889061586256
-0.1729141302866041
-3.2570224491473434
4.840578552262709
-6.991732937296235
