Architecture: combined
Number of States: 32
Parameters:
15.0
-15.0
-3.501216176142212
-9.278089259375276
12.543616080018047
-15.0
1.018934435888765
-14.302438975067778
8.147410457780959
-14.614436962446668
12.185797558348211
-15.0
15.0
-15.0
15.0
-15.0
14.991123918318474
-15.0
15.0
-15.0
15.0
-15.0
15.0
-15.0
15.0
-15.0
14.980177006782071
-15.0
13.139211522212065
-15.0
-3.5469737862800077
-14.941951884425942
7.72687717729048
-14.448441607015432
15.0
-15.0
-5.710534504393542
-5.129724507697652
15.0
-15.0
15.0
-15.0
-4.212817439150309
-14.563729475467996
15.0
-15.0
15.0
-15.0
15.0
-15.0
15.0
-15.0
-14.440685528389693
-6.558282615416313
-7.112095961404694
-14.627994222409958
11.168655381802928
-15.0
-2.2083949696894227
-15.0
0.29007870328141216
-15.0
