Architecture: k-jumps
Number of States: 12
Parameters:
12.268109631976948
-15.0
-0.145291740215515
-15.0
-0.14501533253750343
-14.436782620894563
-0.12766600490673494
-12.09753755208448
-0.14100786460047726
-10.290191992703631
-0.17703080664297174
-3.4252616657859987
-0.14565716189709108
-5.096380759066253
-0.19026840629812197
-2.9874959191483934
-14.143636218488414
-0.1555748012106589
-10.151830254963492
-15.0
-0.13036003699680523
-14.999989475196447
-15.0
13.610043979481532
-12.594634113889374
0.04202123998909896
