Architecture: escape_chain
Number of States: 46
Parameters:
-15.0
-15.0
-14.90771194187714
-15.0
-15.0
-15.0
-5.493832076568214
-6.188930689674202
-5.111955989885586
-5.097075457556549
-4.239221951377461
-4.360110280311688
-3.950052814335002
-3.059391040456334
-3.0629504105166934
-2.62067320353931
-2.313351311424499
-2.482278630498022
-2.0866644342229606
-1.6280077135408015
-1.8091171063037137
-1.775739379206169
-1.3746080452460947
-1.1556671299111667
-0.8173942956978583
-0.7931153367344903
-1.7264727644080422
-0.4983647993812096
-0.2864761170033542
0.023450602030666446
0.04899194163965847
0.004066749692938772
-3.213621870217785
-3.2125454110656007
3.1954496052164667
0.6281013543345451
0.47236472431656196
0.983372021043007
0.3554836332556113
0.8290412753806822
0.2683882396871372
0.5739195896054121
0.37310872055210254
0.9202566919519852
0.49706560673665223
