Architecture: k-jumps
Number of States: 16
Parameters:
0.7673671530999383
0.4151730018034786
0.6681545928863603
0.6194362876916754
0.0876758655244202
0.15894398227659667
0.09408103730112272
0.6487556702967163
0.5094786356125148
0.4623256412772594
0.4808915226953743
0.4949555706936176
0.21434574368647596
0.5008255459451113
0.7044381351545945
0.36377192573055184
0.916283109598587
0.05311685857593762
0.9241499073591178
0.0512993356483703
0.5675988031563945
0.9648105848039016
0.005533807488354303
0.36880787196185016
0.2242261626745622
0.5962155898498073
0.026396917890545435
0.889316373309324
0.9900309474694449
0.4457902319051902
0.2583661137398985
0.6871901464740963
0.8342850379009354
0.434610017009017
0.945256474633848
0.24004913892003288
0.30054750654465223
0.05427695037557767
0.7054874762894652
0.7234262874985796
