Architecture: combined
Number of States: 40
Parameters:
1.6006758344772551
-1.1619403991242034
1.6124945711905823
-1.0887313523214877
1.8291562253388733
-0.8335040274236413
1.662817356355247
-0.9049148789332958
1.7799017576691678
-0.7184760430503726
1.722481676744989
-0.7080400688339126
1.7390851867198214
-0.5506948883795478
1.71210486246498
-0.5428991193127957
1.6607984733405476
-0.4224014684954051
1.622967014377984
-0.32592106697131107
1.6882826600263048
-0.08234366814694095
1.678174817469165
-0.36350900537548947
1.65100327175652
0.8971219807658606
1.8047250219544895
-0.6040195788091187
8.926705724520247
4.247411798312981
-2.317646310231977
5.07393689982242
-0.8810871435557256
2.231454745846345
0.03815039360764844
1.2695362860416628
0.3683796144813162
0.6776445517094799
0.6008273393737154
0.5030409134924332
0.24867292202382085
0.857580135647451
0.09547136134845924
0.8809302850238359
0.5047594355181528
0.4562384876724669
0.06518523602064363
0.4409577591201972
0.44623452444402556
0.29626304960518857
0.2666775717770401
0.870332196199531
0.348604690943364
0.12759572516594464
0.4211076444444394
0.8778790801206039
0.25905999151042414
0.9368689563866229
0.7555128934989447
0.9655775211932349
0.9337673149692575
0.8654791476181377
0.7192169598362284
0.7473294046533961
0.3610417059616028
0.3895701319643514
0.6212847018746454
0.5106540761176299
0.1045236451795144
0.3267706474979022
0.49917110661069874
0.774789140934989
0.744585060886791
0.7065961571068031
0.21284624302575628
0.46134383302076876
0.054580262108612776
0.6894427165100085
