Architecture: k-jumps
Number of States: 26
Parameters:
1.512458919748675
-11.529683609747828
3.0570960681933705
-8.868619099648992
3.7705284205658636
-8.246174018882149
3.269927865107055
-8.665798023465097
4.290082540499179
-7.894047008320864
4.552800793563763
-8.641363097567751
-3.6722060516885304
1.412049353281447
-3.5529314400083294
-7.360075300461926
3.849532937418943
-5.978165658428443
-4.702359791628128
2.2169458793882524
-2.3417739545853826
-5.985309510651985
2.02413865877071
-3.0269692741302237
-5.531629406608545
0.6539188597668061
-2.7049462626385794
-7.436606272214731
0.15151424414540818
-6.588781531719448
-7.6968375664028725
0.026174992354472036
-1.601588680038075
-10.210854025079724
-0.0023435518725195515
-1.8558649731677892
-15.0
4.536601761940789
-6.157143057754889
-5.70945099222873
-0.6418276176189934
-0.5424146547180609
-9.681443465701369
3.480295882807722
-6.5395362722053125
-7.877780241391837
7.8007429101033745
-4.112389274647556
-7.333770583525819
2.3389987479912744
1.7737484122072336
-9.30530325462273
3.445098432798943
-1.0599935776388336
-5.393746777470558
-0.7683038978795182
5.539510240204961
-2.3018259680263577
-0.23410834640482653
2.526827180491842
-0.5490193551720141
0.703903313595742
1.124846345971594
0.5093621794076619
0.03409388141410996
1.2239586695888407
0.029246621277382243
0.5158618495613829
0.5410472680434459
0.11783888050822308
