Architecture: k-jumps
Number of States: 40
Parameters:
0.8578336618330984
0.45781445147288236
0.6762554130859003
0.7196334297873915
0.03496974966691313
0.287771002947262
0.23821922102845605
0.2270917313521741
0.9716585246736426
0.2512174100308322
0.1540534683378374
0.5974979135376167
0.4111190298945204
0.08753874750965407
0.10259754671826704
0.834256929564348
0.2824254868079079
0.535200117269709
0.09094509008285723
0.2125454653501515
0.4699861505110766
0.4401513517347576
0.0011069790636369925
0.0299240675280823
0.403505749431332
0.7774760517507237
0.48050726476580374
0.6897328287002821
0.8721027874279978
0.4080438638871132
0.8529753912449409
0.7515858049979933
0.9965642133828575
0.1291074142692633
0.5095427859739349
0.26216894688253434
0.4294005161390556
0.2781033924446643
0.7231598428522499
0.7680998096004418
0.9708321002608507
0.5426576157744628
0.4976019176016424
0.2132821964506092
0.6893916919274132
0.9204898351057276
0.11446546252835677
0.5565985655227765
0.1736835842706117
0.414481277245916
0.30118727317515903
0.7629132877574695
0.9717507151536081
0.8757040773017642
0.44422081933102664
0.8912219715149358
0.039748907424083324
0.1707891162952767
0.29753338488067116
0.11843589670810417
0.09743945011636124
0.8382992640005429
0.9242856009779883
0.34756524135055544
0.9056750115199778
0.7125733452554706
0.2687019544895721
0.676161207388265
0.7479326450019216
0.9163231932472936
0.02295909936919327
0.9175888605666157
0.7061744304622404
0.23271244795545742
0.5687563278492643
0.5633146265258959
0.6908196482212354
0.7477662910816377
0.19573865017438008
0.5755134908277805
0.8324988025054114
0.662545574426495
0.8705375978199233
0.45560229363680094
0.76084505281772
0.9134772417359006
0.2521208730311153
0.436290357717536
0.21205452449284823
0.5772475611973659
0.35052340026638507
0.2785520659166897
0.21288438454213654
0.7610917535932956
0.8908611132867912
0.6960297282948567
0.552722727056681
0.6205669589209162
0.31552604506462045
0.6501998500245445
0.4661513406534068
0.19014874775447788
0.8984232969540568
0.7745288771839706
0.09186952590857334
0.4427474564378524
0.05889026930820396
0.33961848332021194
0.5999657484227804
0.0695502570915939
