Architecture: cyclic
Number of States: 32
Parameters:
0.0019104222702408672
-2.7825931709291396
-3.2435261894732013
-2.9764784539079687
-2.7743159723366677
-2.9035886197823535
-2.995907117200746
-2.957402768119108
-2.969007164744597
-2.9761676354137014
-2.84645241600288
-3.240102156950833
-3.025597760062229
-2.998111648067896
-2.937300505361719
-3.13314138284077
-2.8525099053360137
-2.8680035193061664
-3.1932313926598725
-2.9085807360364515
-3.024861150385973
-2.9495750264469573
-3.1462384619205697
-3.162713645468448
-2.90993306771981
-3.16905602932305
-2.811239704139804
-3.3025599229094906
-2.9985362180175357
-3.230349353523597
-2.784972431122217
