Architecture: k-jumps
Number of States: 46
Parameters:
9.729800193651549
-12.345742195438909
7.741746261433486
-11.006904047877734
2.487140883291329
-11.73844514309196
6.470776240084228
-9.44598318091812
1.7687237890338574
-12.299788708681689
0.4618510505624077
-15.0
0.635561474227987
-3.993901968075589
9.653156250937913
-6.06750498931986
-9.059124799446359
0.1963092394445864
-3.56214840768811
-13.862980091635052
4.603014970309226
-0.7598307306793262
-9.270947954355623
0.17790251056863954
-2.7909405299656806
-12.61185161679866
2.877083685503982
-7.121515511131396
-13.669491316605848
-0.15543237512926644
-1.4545904507008036
-15.0
-0.006815053216571599
-2.42137508246031
-12.08346624679892
-0.5574727005064707
-0.6425427842772982
-13.671414119351656
10.7542385241923
-11.185964356889922
-7.680699615904968
10.317211435771805
-6.95389628897497
-10.35328967286901
6.611194162469382
1.4528054734250782
-12.376579009887184
-1.8315585860369348
9.79842702917872
-8.273753768665403
0.5973034295219023
3.818104689872168
-2.7650881711394235
0.015275883500904024
3.1595764669768616
-0.8762505938904924
0.28500096172201667
1.302108555855405
-0.04166891088575536
-0.0019125175115769666
1.0146638807809047
0.7802516956866097
0.4600688129869675
0.6202543167534035
0.1335143005233883
0.4384968885661009
0.03667181931131501
0.5323067392710326
0.10253852971706923
0.5509930243341662
0.6470989080711901
0.7025341586097162
0.641145860800885
0.1100363557829855
0.07713536307756613
0.7152917049492677
0.1278529445738714
0.5673430230984213
0.28040076684493104
0.10562157137927201
0.08506637882312595
0.2675589655460284
0.5863496931077363
0.4314036002452859
0.3809076713883926
0.785676422388518
0.5479638513134207
0.9411471648386066
0.05500662055624206
0.2193927912777207
0.7332978662878772
0.3133976780925155
0.5425251145697039
0.31083175393092566
0.17825987018713185
0.9479435224125042
0.10737704485555355
0.41626986533364885
0.7292569526961535
0.5137928526002414
0.33680070559421393
0.12635714229802053
0.25732541339321835
0.019370196196568212
0.5297253133935691
0.994364260856958
0.18979465117317917
0.011155852086981444
0.5388188922157564
0.17298160253190653
0.1620833561185604
0.4030347239143177
0.12118865736198281
0.3603661419458092
0.3386438107834008
0.7128252622600767
0.2652197232281487
0.8272839351875905
0.3870858510830707
0.9007035095561908
0.6557387189455519
0.5034207143665848
0.3968176209912151
0.7862093104214326
0.5973639779415505
0.8598097940276705
0.6609262927317424
0.5039717569372147
