Architecture: k-jumps
Number of States: 14
Parameters:
5.892588352658068
-12.261737488888839
7.534889584841824
-10.216171285049985
0.035974549056920185
-11.82683646129382
0.060478942643752476
-11.385492837733683
0.04464518146093203
-13.83256141290415
0.033496244723936495
-10.018346824127319
-0.0043840972036945074
-3.103919324840745
-0.0825052356999964
-7.124240704094204
-12.490600844980406
4.884706883285424
-9.600669718077597
-8.794590864327246
-0.3057908517426483
-1.6417188778571696
-11.15888976191161
-0.08745303285197029
-7.264635982296951
-12.845666373698592
-0.0766054318710026
-15.0
-11.364394382703312
12.023008375407999
-12.395337806084521
-1.502680804297498
