Architecture: combined
Number of States: 34
Parameters:
6.057346075415326
-6.750531945515264
6.7461557074015275
-6.122631121685179
4.379034298247249
-7.77266712674449
3.562458608686565
-8.165316041982038
6.389290115166789
-6.476500909036568
6.034067469717537
-6.300586778180409
1.8650692495734948
-4.1742777145814705
3.3937621727250673
-1.5013622247596583
3.7052283788589175
-5.064255587466636
5.850277063614111
-5.648349849379675
2.1244573274381633
-2.6181800368089165
2.2335940440387883
-2.8278201741578854
2.2451417919030163
-1.1487096442762024
2.0198775370537247
-0.31825116361616335
0.9359576510157653
-4.90370402206062
1.0495156482972212
-0.307481589054212
1.4148322253351526
-5.119030246757972
2.0893021457120833
-0.5166718989914095
1.6205698434645188
1.3220254563288618
4.914729801495415
-3.927983479681904
4.1948274580939
-3.5158732343731285
3.3319272573795753
1.5645845372254825
1.5321710840562048
2.7398074021736507
0.8322121307515652
-3.323196779486714
2.259822749095141
-3.132904208892272
1.6638573658230393
-1.7943305087893082
-0.7330449993379576
2.694550370631696
-0.4882230038996112
1.565758894587692
0.14035854642780393
1.3078293724710612
0.47039086980246503
0.879137408552977
0.7485094568795965
0.5010309331898313
0.6322474994838944
0.7841511125092018
0.2997456811819378
0.8713712423981624
