Architecture: k-jumps
Number of States: 30
Parameters:
1.155838192212641
-1.5140315103015847
1.1514316845208972
-1.4460416030295464
1.1499512631205986
-1.3755612604896235
1.1340531467778663
-1.2935474775974192
1.1219239814372388
-1.2572140638266687
1.1625984238489975
-1.000580099120041
1.121588805777899
-1.3360822026507386
1.0284478486669155
-0.4436322213517124
-9.147012823124548
5.394018872664621
-0.5474693314807638
-5.75614774516032
1.0111085132456026
-0.3541347064664427
-11.335668594560286
1.001725535469149
-0.09041218082342162
-11.305410499682537
1.1763475572734678
-3.9582684020120054
-8.658616780763285
1.1242751992788163
-3.9550446033710718
-7.9530686999540015
-2.535929715817393
7.1808423101050165
-5.048890810978729
0.1926403719252292
2.9993652684513092
-1.3125952224290278
0.3555814546019994
2.184058570767112
-0.09242614350484432
0.5519354594410975
1.1177015811588518
-0.016171085538359886
0.8588672413683242
0.891648530558773
0.8708562497962933
0.5328290284424423
0.42690980221055136
0.8135627765508254
0.011600193294878701
0.4163578142842659
0.07890257338524902
0.9317928662143798
0.9664360521691745
0.36770288278996044
0.6418423412742094
0.2146074006052201
0.908790829898664
0.9433884441519448
0.6219900560940241
0.5828110172788227
0.13144355791828388
0.6651540023900913
0.2952075303407484
0.5410414606433547
0.9009348463099384
0.8716018895577949
0.633179820938994
0.2790961417533555
0.9807541663087251
0.23686847683350754
0.42832602422280897
0.10740214938156656
0.005806015821765875
0.6215316723767734
0.22395802970565548
0.8605401264171169
0.7369036733610428
0.7280828120611202
