Architecture: chain
Number of States: 26
Parameters:
0.5087329549074122
0.21946746429335207
0.22769122649645535
0.31364254365749644
0.35212332154176385
0.10497131798631676
0.9877324855401702
0.7958244257036406
0.9664650585541217
0.9677048452657148
0.42618385721812313
0.5781202588817351
0.8268812998159376
0.11842332839392022
0.33999494546831865
0.5250956002315834
0.09507462308778591
0.37485095994343665
0.4061831406866747
0.49233114378930853
0.9975868738213038
0.9114976897815199
0.6246026359437988
0.6468832302737942
0.12721399928262478
