Architecture: escape_chain
Number of States: 40
Parameters:
-15.0
-15.0
-15.0
-15.0
-15.0
-15.0
-5.50774457896661
-6.235465955602742
-5.103419073356715
-5.097612265408977
-4.236258967992587
-4.376668270828894
-3.9546902585469295
-3.060252969300715
-3.0633788831146607
-2.6214555839496234
-2.31053382366505
-2.482040785907322
-2.08635466946787
-1.6263129539832761
-1.8104022732387244
-1.7754270876957767
-1.372561084572852
-1.1541361626258413
-0.8176800970583333
-0.7922358937564293
-1.7269133086030457
-0.49867885363496517
-0.287564337574433
0.001713081491358567
-0.0040366329217995465
-0.009344023224160438
-7.622369684400387
-6.836247408201926
6.490159242284741
0.7802016325269302
0.5662612556429314
0.804851768801905
0.10034645141179654
