Architecture: combined
Number of States: 38
Parameters:
7.222398393019275
-10.245086533577695
7.384879391961506
-9.855107925640793
6.024116458469782
-12.439005516125063
7.562136319330274
-9.729376299391046
8.06393509558208
-8.698843021062402
7.210931543549398
-8.97478039808506
3.725105872190361
-2.510855731108326
2.3503066146032228
-3.825183094015595
1.1539442113724796
-3.338748975454544
-0.0013525624365673967
-3.7802379703523594
3.0400589624371155
-0.7287837243861097
2.2761086929003076
-0.03283405753587071
3.2452260946264815
-5.2039874333884075
-0.3309382480282003
-1.0295676613904454
-0.08713075341924448
-1.9288028076178672
0.692035322014188
-8.184878702561294
1.67323732446651
-7.326951825304167
4.531839859758801
-5.47916955716513
4.8992070522861475
-5.949507821287804
4.676723932825022
-6.651947354289328
5.172367031405329
-6.707066759837955
5.319491948474458
-6.9778258025164765
2.6756256862214447
-9.862329582278639
3.0065053439480947
-8.773668592858987
5.228698290287067
-5.394547677717348
1.3861644042371613
-5.621505882355881
1.235284016933417
-2.2853836172928306
1.501930315859474
-4.282425002577148
2.415404384227453
-4.512018334318191
1.0396668635816717
-5.015479822011555
-0.0470079055987026
-0.9112905740601545
-0.08081675176449492
-4.1486925682360365
2.6112032328256274
-3.965207246812223
1.644708170402079
-3.0929960004714476
-2.567425204946689
0.8714063613864553
-3.9349767316450395
4.511074854270695
3.703882413762273
-2.9538825179756922
