Architecture: k-jumps
Number of States: 42
Parameters:
0.7700372653665121
-1.8075642765648252
0.7408100861066784
-1.7261614307272717
0.7408243600627118
-1.6411890075501279
0.7515282239266913
-1.609127416522958
0.7247111447011231
-1.3752213333829488
0.7693589521598929
-1.1819008766347934
-7.464345117894165
0.8539388676569551
-5.267799278999901
-8.439434463948892
0.35781618057885917
-0.16645590064745364
-11.933430318479582
1.0712630806670635
-3.8679087959781424
-8.016275897131704
3.1412486366534713
-1.8235032761252705
-5.273903618391654
3.0625912323505284
1.4282454856217386
-6.720900188603632
0.9524826154339558
-2.235256893439194
-7.879806690421958
-5.34474651096515
13.6463996988876
-7.86752827663394
-1.4960085882728698
5.651971144299724
-2.2778516436761014
0.38273647972850916
1.1140907703637155
0.20812879768532822
0.26044296612258705
0.36893022527356223
0.428228408142108
0.4851172758563368
1.1048809413994551
0.2494493043132652
0.06064301215875263
0.39263802892811017
0.41802049788522644
0.4048812659530055
0.7208808011959698
0.37734690720656305
0.7043780440621633
0.7825045006979549
0.4143711099555135
0.273282056963178
0.12799154055336437
0.10229286152827821
0.7479111579682022
0.822617863312575
0.05656120998354186
0.16934338722628095
0.6005844845965029
0.39973931969397203
0.8605971734445528
0.28854026508304853
0.04657074692704577
0.6441628270343526
0.36086283198665114
0.18904401214880462
0.19225761957631538
0.38185502799745874
0.7556771257101736
0.5018160408730942
0.24949292163960657
0.8608291604776882
0.5508572946298373
0.11530775460623754
0.11784804978153507
0.4436166781311396
0.6921164619283456
0.15573303751585155
0.0943897214599031
0.36290243051877835
0.6324008978303245
0.043045213695706575
0.9616217113463191
0.6121827675275081
0.1957828976600643
0.39052687111049467
0.8289413354396185
0.31058625478535073
0.9604848946598916
0.2499365570020915
0.9312632596170773
0.08240703079470946
0.2658238580591845
0.8515976052647678
0.6404332499039382
0.12240980853435379
0.7266894241331683
0.3120504046213226
0.5879341962034803
0.3571242455361411
0.4458174229116745
0.3504815797622818
0.9208522927075764
0.5483202687063224
0.7037974650740528
0.5544221768968188
0.9998334463653936
0.15547785787837642
0.09522995182170191
0.4502196895116496
0.6505422567355947
0.06648723472362983
0.2926076223344676
0.5909871385308807
