Architecture: combined
Number of States: 16
Parameters:
14.798832366825039
-15.0
14.90247007926684
-14.849703554250084
15.0
-14.998645832732452
6.3499283870969006
-9.402805447712229
5.496879135763794
-9.85030084749819
2.8433985196444596
-9.96235543445331
2.0949629808681633
-12.189226002730456
11.112301703498783
-14.671570665634984
10.279806907814457
-15.0
-8.697382565482233
-8.140713459112268
-11.512017228349231
-10.586439561195848
3.028205877555184
-11.031358298253345
-2.0455490261946565
-8.548609797200601
2.8514206067842496
-11.721465719385034
-12.078659404795346
-15.0
