Architecture: escape_chain
Number of States: 50
Parameters:
-13.951476508178343
-13.984999167316692
-13.73445017248002
-14.055611678506105
-14.043276907770228
-14.115123070459935
-6.1799084433510245
-6.177575136062806
-4.6726262904727
-4.37515001084862
-4.07054502527521
-3.341906397272587
-2.970003128620038
-2.50734399022718
-2.3869378099414384
-2.289907630714607
-2.3834626044374208
-2.4295146563139776
-2.9017926164060106
-3.00171640357587
-4.00432533823081
-3.9858249627388345
-4.776767999905173
-4.7691921852472055
-12.982455657965007
-6.176925809816394
-13.013439733821656
-6.208019393225563
-6.192643566125717
-4.754006375240531
-4.346418980092349
-5.063143344604396
-3.6215418358245746
-2.8740300443362616
-3.1184714521855357
-2.6053440366998215
-2.490662141173947
-2.1054580097383466
-1.8886181891928866
-1.7832490905665812
-1.3972162085577344
-0.8936163668630374
-1.139456077924539
-1.2657216673320306
-0.9345804902344136
-1.0961602850636285
-0.48483311270629686
0.6363386574106155
-9.116423782961954
