Architecture: escape_chain
Number of States: 24
Parameters:
-11.55427947312644
-11.626816755658036
-11.616750470447418
-11.606858466420485
-11.626970484895311
-11.581175571895502
-5.8260198945554205
-5.243002839385035
-5.846280341235791
-4.762077531390754
-4.747845473171757
-3.431472584483937
-3.8593812591114944
-2.313249188679128
-3.1887918505713024
-1.902234984215886
-2.0103711164388107
-1.7505791350592206
-1.0844702539444182
-0.7996755757027925
-0.6783053779587537
-0.7396176304700659
-9.40431588810645
