Architecture: full
Number of States: 48
Parameters:
-2.533473355172973
4.812880094264854
0.041685873937088475
0.7443250372110967
10.440044202204568
-4.274014408705644
1.0923125394647961
7.612138743962497
-5.570203719388249
1.7112349835314045
-3.404280920406568
-8.962098729824588
3.8928490721800353
-7.537330622379793
-3.142685523992325
-0.9118809570870595
-0.042660029022827055
-1.7155257168486728
-0.7074106614950434
-7.305357742072996
0.38048812022454565
15.0
-2.376998173723865
0.30412531897804607
-1.602742936519717
-1.5734861432414213
1.8732200395869159
0.5992067750362265
-2.0578537666546604
5.744446245708178
-0.18792287026732282
-5.298534142569069
2.117426619700286
3.80555962378548
-0.9037009219190443
6.130586625619511
7.204689555646677
10.414496895042982
0.8412962962010574
1.996640220611678
-5.036140835691342
-5.284152796154917
-8.448664915613971
1.2819657746734967
0.16520220107658945
-5.958202393513247
-0.7957521922916855
0.10958807436909965
-0.060311731225863544
0.4262869826644756
0.31761048254979196
0.16017391030226996
1.0801814623040755
0.7462678275733577
0.39137216223440907
0.42733331112108064
-0.02318826843553693
0.2520419701335629
1.017799421704306
0.23435357861981038
1.0534366809915114
0.47584946819002116
0.3101363052399875
0.4415220100880727
0.6126087557835806
-0.07548247376756778
0.5359720271342249
0.17662686516767145
0.45411403461666044
0.762900383521537
0.12366121564158347
0.2118369275266137
0.139675099838188
0.2812877138594683
0.3225968840976168
0.24959107297801786
0.31254125291499124
0.4392873240976057
0.22751150690492483
0.5331504663699124
0.5997435507885578
0.868076952439417
0.6160855204094582
0.6029544373520043
0.6238801428360226
0.630647175848838
0.23780404693667537
0.5107367491602319
0.37756647239203267
0.5731355332422222
0.013763136359586715
0.09680738887047927
0.9646991635044831
-0.9325933906362683
0.7486743199886569
0.7420748516984237
0.08863848861360238
0.5647910255214315
0.7434078931601656
1.1083932562264474
0.7772580853906595
0.5026621453865943
0.7305278792539138
0.791274566217952
0.1988665105957981
0.5439790717150002
0.3781633017148632
1.1724554312457647
1.2410825698446066
0.45720619811508584
0.5924557288377339
0.6595436414590465
0.9604701033645267
0.8099630010962158
0.3229085684187239
0.7506522577984771
1.2275207548337255
0.06393613484674308
0.682701169581683
1.1276946233381084
0.6791128325916987
0.624141478597821
0.782000450462859
0.382271351652577
1.0297057609328053
0.3519225989222325
0.6508186732820804
0.45253019769828456
0.5676270066357361
0.8868521283432599
0.7725355803374228
0.24997771417939524
0.27700764705882436
0.49291858685639345
0.7592800582839037
0.6503585308028195
0.13860896473128415
1.0995580112107048
0.9098428408920884
0.9570938805694876
-6.850324881563516
0.5880989330717722
0.797573981898519
0.18266778678753343
0.047953670407399784
0.22104279443919533
0.33631446272160387
0.23889238142366492
0.6489574530562957
1.1748289624103392
0.19399468990143745
0.35615973924857314
0.5416355169614058
0.653551478416491
1.0069563804761763
0.8840274443832855
0.1622569821024247
0.9243395780473315
0.4092389462419401
0.7099665470181409
0.26120789937608596
0.875763225935192
0.18792460858113444
0.9772160454292804
0.8934724028931879
0.7923829711532573
0.6140634746587577
0.0918201470630359
0.14103929774673674
0.3275880984914611
0.11480096632773278
0.4895658718548212
0.5012623521770599
0.7583561407937962
0.42185981591832866
0.030512945716931375
0.7912147125016468
0.32427008726051243
0.1329067040731667
0.7144496145252481
0.14527276960707075
0.5607848955364654
0.5842846422999994
0.05276691813107442
0.07974181184899205
0.5850696728166086
1.030468089599386
-2.4908910339500063
0.16697438484802102
0.8740834631082889
0.47776825940932477
0.6507953923994654
0.47768361310667024
1.2005416177089756
0.5019068663659143
0.05512156793709172
0.3966321088017363
0.4952242481792223
0.4689979029067885
0.5289395527685443
0.5561629390169398
0.3236726746827538
0.8985943672768917
0.9516159046636582
0.48971925089584617
0.5830651172121244
0.517996043045702
0.5167299329018334
0.4583371552220654
-0.010094033841902716
0.9393371275590497
0.17261317327005252
0.4070363016926935
0.39334562795323547
0.6697747414470981
0.2759971909873789
0.25505507797290666
-0.028710237806124708
0.3261054120743014
1.248741299129212
0.12438628817741867
0.1289167951887506
0.40372050776453267
0.39291386572337683
-0.1105676534964419
0.27611296550446573
0.8513548374816834
0.13621626689511745
0.3177382089897602
0.747305152995004
1.1373724419180233
0.04212993952791787
0.28945578421955914
0.8769556606702346
-1.7197413233556127
1.0271709168503427
0.5513334838985472
0.15725676777489572
0.5441799424178575
0.9933522536649835
0.6385779492826625
0.9151085275605242
0.37461601359452773
-0.08934628411853376
1.064210230531243
1.0576052283202437
0.5010354567512302
0.5939904930310526
0.7687325311153806
0.02602949013506587
0.3849242488231073
0.7716925812184655
0.6790940766320096
1.199200663502439
0.4983786871349457
0.29834670054042595
1.4304470179163218
0.2183976597355752
1.0837741637804865
0.05958082184823673
0.8963287620669094
0.7233872865884493
0.8783587275554765
0.6744261086119322
0.7313359520101277
1.1148215419933836
0.11861703663566513
0.3957701963317065
0.5878436516759725
0.49776073491771744
0.8825165097423175
1.0162567993009992
0.9091880056208262
1.029673777408972
1.014003203842847
1.0049426430147574
0.4196811429636296
0.2892757410726228
1.0030431612109634
0.6079787151680554
0.9735233536557857
-10.276055102544294
0.6638095856110495
0.7889445352450215
0.5921585176657705
0.6614853737247682
0.5351403468182829
0.04716449640467778
0.3877748947735526
0.501276229388534
0.1803897839426763
0.7017238190389422
0.17494449638020573
1.1531500913268824
0.07815595782542047
0.42079295738105604
0.4684202515347322
0.22174998665330778
0.5197765894976341
0.6356684718262161
0.5059888927933885
0.9643013458449082
1.0409644482688645
0.0642317510799841
0.18115238266701236
0.7365010523802898
0.8919775174824178
1.0552682612244957
-0.01869368613541305
0.7730077582135024
0.14381117963591852
0.5750517351680814
0.24283070935993867
0.9327132964315875
0.054444688482061215
-0.027934838958557275
0.23470096659578377
0.4629892565640231
0.2780390490631947
0.058433870465149675
0.26921774533211157
0.23827200392347536
0.6959076786159231
0.8331991893671027
1.0907529596418686
0.4261291212548219
0.641685057565916
0.482597280004983
-1.8176309312688914
0.6629009567001273
0.9999544031133282
0.7694552837856921
0.42349586098581044
0.29092202655603927
0.3640548672199736
0.21873347971529167
0.4202899409853245
0.9536051596882996
0.007306623470793616
0.9264738972544558
1.0737494673623862
0.5377816071177743
0.4440665242025884
0.5991502754367841
0.5977820223190513
0.7216760549094899
0.15396040797129068
0.8355421695888413
0.4064470488487279
0.5620189648446304
0.6767157135805938
0.585515649948758
0.5042093635860303
0.5361856367930724
0.5855734971475245
0.007888405578785784
0.7932583184236899
0.12441578133096953
0.12065862167947143
0.3925084880357224
0.646282080249615
0.5335612452536926
0.7178298127923087
0.6877212352771984
0.9760603836658632
0.7539195860508735
0.5608008715621097
0.4981782996730694
0.26919453424375395
0.5267020417600479
0.41703572568486375
0.7378708634056946
0.4324337642303359
0.7613980497872452
0.9693245136847666
-2.8989463372905844
0.43835723496310536
0.45834273657100144
0.7323563993872104
0.5687164750789448
1.1986587363459453
0.46216537626823817
0.1697186548428345
0.1109575126997938
0.863311332074948
0.6140234501564026
0.28329738990079933
1.0052305006710196
0.6822294168407113
0.10158020128926198
1.002704980412882
1.4183992083101054
1.1713847701342286
0.1408766345911541
1.26818515429227
0.21120074033304578
0.5335486457367844
0.3527742818489824
0.434586773507588
0.5609308619965881
0.040678831936133246
0.493202163449045
1.0569974815616807
0.3674520055813233
1.1930892877127621
1.0263107127041882
0.5671274338377249
0.29409587819285676
0.4979265614837548
0.18383614581216706
0.09881118958912831
0.529361244980114
1.0779968444032106
0.5502661694301965
1.3655922534883032
0.1902570885457797
0.5168064378266041
0.3123849055680991
0.7264989755186381
0.26335627797629796
0.6917689215977959
0.782714467269887
-8.010420307236256
0.007577002748193699
0.3426915812581058
0.11480897682545471
0.5064665276741422
-0.11107586654184498
0.6333872355136062
0.4217044859542604
0.7866970329203566
0.4972098081648761
0.3604569761654795
0.689294803891321
0.19235128534889187
0.503165635496973
0.3766461686107917
0.18368978801178037
1.014227547800788
0.5507827024950784
0.2031503666625476
0.5209670292146078
0.5749718436683859
0.15869489927198233
-0.0650567342629706
0.3858206448082642
0.13026673711685727
0.6710554681964382
0.0142085609437794
0.13459185287716902
-0.04134365979077621
-0.12356377233963294
0.12727686995747006
0.09869147639932213
0.34854961207058854
0.14947206867146917
0.16713739788481483
0.21431230750375532
-0.16462944403692994
0.6232919182419557
-0.09416845374678554
-0.062085267157963725
0.21103057716915222
0.5152091778329628
0.5128332899707937
1.1907550814962387
0.32963870984864946
0.4855847381267251
0.6719071823530551
0.04879256881524134
0.02093144562277429
0.7778028952216056
0.6557241642300625
0.47493579871805086
0.5397463727251995
0.3132743298500749
0.4844779917547458
0.03221486088202904
0.7915315942020789
0.8892140437372544
0.9889027582802791
0.5446365254477065
0.19344818139475584
0.7627802540117394
0.31823792212942126
0.47510595019125346
0.1592000721032369
1.0502749564824942
0.5184416730478246
0.7878822728642042
0.4145714978541427
0.44038795213654675
0.5962954939262854
0.8219794022362733
0.6508564685353816
0.6705054417181237
0.5538419664815375
0.9207207186200109
1.0860964391556065
0.17686894176230591
0.11850820630939025
0.13973074547300407
1.0877000760543636
0.35852569694348335
0.23183552004837826
0.7798706688584572
0.5423579235269168
1.1078109012633446
0.8414364020620979
0.7194390345363001
0.43237058272100554
0.4913034571768774
0.9366269586223196
0.2777866662213625
0.6214066482538795
1.039138384270808
-4.749345883234769
0.28786873466558816
0.14879429137955807
0.05516486700293989
0.16232926793129687
0.5305311031680563
0.5266999628455612
0.8331725331413661
0.6380090867507126
0.3139959110931442
0.8441103023803482
0.4823593420785413
1.1523883735753262
0.38588564340614323
0.5786884323396015
0.7272861774092905
0.32318036647901693
0.7651243596695217
0.05915568592707487
0.5655531538667657
1.2842319694302389
0.7985038881845588
0.24046069920948537
0.4016111425035748
0.5487895439019489
0.7158398422096353
0.9447601168469835
0.39036184456437617
0.41513094664506917
0.5891209722257511
0.39479738334897563
0.3592566000730488
0.31669831286344563
0.8441817286233698
0.36421414683715714
0.9839251265300315
0.5620343881451343
0.3380589433212965
0.7037833214003514
0.5923840787639458
0.5554969389263711
0.6866640770502984
0.4119837069657469
0.6018985976720257
0.21731203646574082
0.4905686828166927
1.1611418938078988
-1.0464539554461387
0.26070453860132353
0.3660768005183633
0.18115389759526213
0.3591299726383298
0.4187167366262148
0.8083685050981652
0.029297817538319542
0.18152056615186088
0.3360697973633085
0.1874483222438084
0.6477389226117631
0.3141444344308503
0.2263893810888378
0.7806875276883294
0.5246056706476746
0.3591562661591756
-0.04334761092854912
0.7462461652041701
0.4120693983601407
0.43039241753018703
0.7803756262469572
0.46889944575115783
0.11776063702913163
-0.029153717468677995
0.7123313793241863
0.7855523976357645
-0.17749168950138522
0.21706984409006477
0.5989151350618322
0.715513077633582
0.38630775743166573
0.5359988776367909
0.476355231933831
0.15987742836490623
0.4211281294253072
0.39648892531125873
0.017974327764225955
0.1997714497152168
0.16428092556981327
0.1666345705237843
1.104511153589528
1.1050210313513706
0.6568674242819756
0.22797565401231104
0.15138915060625616
0.06240717434830464
0.1734666066450644
0.4251350580132072
0.3342965737963011
0.25431504562375423
0.6328543994601199
0.5296702100745443
0.967512561888924
0.6985095833836091
0.9848346667463429
0.8849216289341683
0.3869566340552124
0.6203212564407293
0.2940367983926515
0.24324917364007975
0.6794637706551915
0.9385326183513398
0.26505985582259983
0.8536051354099067
0.8389109456793815
1.115238010440962
0.2777828521530289
0.09592882426286135
0.15895158792991765
0.3205517501745947
0.774624919629971
0.06771429568369076
0.6229855028520952
0.70590291765281
0.7108697609532509
0.4757686329080008
1.0412043168618363
0.447519781105358
0.8248396671441275
0.6795230749503767
0.8086661871211637
0.5931607284934634
0.7825287673915533
0.3204413909623974
0.6410967344854392
0.6448265520268536
1.0092961102107856
0.19553154543301363
0.9351468789779467
0.7526493957838629
0.5318293269233111
0.7736262276636928
0.14460527489141708
-4.713483768545457
0.39201465835336774
0.5043931108787916
0.5152956684764362
0.35145583403999076
0.0038324703640083696
0.14982632628002107
0.8950144604143959
0.43461501984767614
1.1915552548284498
0.6101692166200903
0.5888714955067891
0.7782926604525379
0.9238623541316986
1.1820989708233525
0.32820202676060184
0.33644406884266653
-0.013553554936176267
0.08738855310496987
0.5930150704076532
1.064454008240194
0.024162689942358415
-0.019568272088892676
0.4823131159377237
0.21783572503352625
0.8104990327844596
0.5118530454733893
0.6046511836288836
0.7786037401002013
0.3606379104449007
-0.13514952276579387
0.18412724100707709
1.097923692829546
-0.1462408408694895
0.4650763865024719
0.48042178463545054
0.305201801681102
0.3674699500033327
0.16870228978860413
1.0111857836307525
0.24282046272167676
1.2166138402853408
0.7993047906345185
1.196486117667099
0.7274592769845758
0.36926002346449616
0.813074223993227
-0.34823379978122326
0.08603453669408996
0.8549332054466464
0.8190836600497595
-0.025582554132412838
0.7279227456347643
0.2830458571796554
0.7607658449862966
-0.029652735338326203
0.46613273977108793
0.7047821802559903
1.0219484258243703
0.3106728441551584
-0.02206360376987826
0.4545955412879776
0.09978018165915396
0.81861459645249
0.6768604431166559
0.6713196277965688
0.6264056689246263
0.8722864844825188
0.21942413923419143
0.33799973517403287
0.1619762726515299
0.7994819716539228
0.6913290947162453
0.5479090327824215
0.815094101115771
0.030383032166997635
0.754955014068094
0.5758045532608354
0.144792446614881
0.5062419276025493
0.4033929698990014
0.39638998602990205
0.7828570719335489
0.9456373066096021
0.3302928596953657
0.5887335932449118
0.09444122860088643
0.9015180015781089
0.30767925278280717
0.8376058637305251
0.6183277083944421
0.6796731007439359
0.3345036179212945
0.9419285046352035
-2.602998640215872
0.7494041838165318
0.2929443880460042
0.09307236825899336
0.7404789823374163
0.035486708338645645
0.5927528689242038
0.706710327898269
1.1242821250177812
0.3049832405969943
0.44007795320319515
0.6066175845330887
0.291940633334934
0.06129927895644239
0.06501190254602543
0.4887179395726995
1.0261028351363959
0.8927349543806901
0.8653854878476535
0.037053698010372546
0.11365990073604078
0.07076310650911621
0.23715640831803286
0.12060419996384532
0.8481693194223462
0.5840556950423483
0.3541037983506754
0.3128564963405685
0.24614607769598798
0.5143425803485854
0.7205504949494825
0.4718530183195593
0.4316359681853461
0.558350577149183
0.35939562874464237
0.40290008856479526
1.0091596828451446
0.1918565597535078
-0.0927449781067627
1.0086217339873416
0.3730005574771263
0.45313652073929345
0.3278032194637368
0.624376219244374
0.1133760760633386
0.7305635568533554
0.8090305303243626
-2.2065201012956326
0.4226003215703942
0.6455068848784555
0.6323278774549113
0.8591966571038714
0.2533167246811304
1.1329749744627002
0.7135829953768204
0.7585916317608137
0.5471329601853719
0.315094225601784
0.17991122373870855
1.284018604564553
0.5427601065516752
1.0498001600275646
1.2306987966104421
0.4702806458936145
0.8446634290718489
0.8949371862162376
0.7967354929014152
0.355385479639295
0.5826597330602615
0.22421301102790525
0.028718829049679487
0.37179988695365673
0.06163804598341242
1.1869058162823376
0.2374266454732532
0.4854483354428214
1.069234300492355
0.6344192467702798
0.186330686979828
0.3703508624947654
0.5137257906513835
0.38222524999556096
0.48667586133721896
0.7912313951998918
0.8851494702557883
0.3801833810127191
0.5789741617257326
0.8262858106887179
0.7107381421480358
0.45700543537172506
0.8827637691687406
0.010459287508479792
0.46654448155197054
0.6559307174723568
-2.3036578430848897
0.4651249362090495
0.06988108365072902
0.8267291108746191
0.6709159854360532
0.15554881678225693
0.9818423553615528
0.29103925586639406
0.8407130163594441
0.28481918426302616
0.2653667978420415
0.8063572308583895
1.2548570842173916
0.06321306264628465
0.27823866526358926
0.5589233475515971
1.1323652704817373
0.4420381190887766
0.33059761340336086
0.18747691948932577
0.4531876492836396
0.618415528594591
0.6735922140068008
0.9923035119593796
0.3428319529155433
-0.03567109332989218
0.37495227218846133
0.7486568192891766
0.5672403427219791
0.29919333290926586
-0.22131073487042938
0.7035405744420943
0.5215102276437599
0.36023260193673284
0.7149349096460802
0.588147936397779
0.3510121590317648
0.6485469201267259
0.6276869871435681
0.47798135802013264
0.6298190586809407
0.7896493523566706
0.23610396128067662
0.5613209506169119
0.7166835198492332
0.859992666101164
0.9724068087604723
-1.6147679347517796
0.6896461554535923
0.06996400314655271
0.22026596838723406
0.16637807096738208
0.7040130121658709
0.6508607810861221
0.012939931732491526
0.3647528519725378
0.7036898202252779
0.06514306702489266
0.18503653448102453
0.5727547960641751
0.9202565247473379
0.8086122427336202
1.0753608095943485
0.40914532921382946
0.10541745137646463
0.6510821742036903
0.4341315978473775
1.3281613919026536
0.7261050533501957
0.28968425780838597
0.6141483786305411
0.039795885948856954
0.43581763368208576
0.890949174736362
0.5876583989183167
0.23567918586190303
0.14538428038971046
-0.03363652354841623
0.5612139984597533
0.2768943677722465
0.9311656887571896
0.898550673533375
0.6234638809349738
0.17540167282350802
0.4255683643522327
-0.029670982630424524
0.22250957729136084
0.7274849495105364
0.3912753208852953
0.4595476291451296
0.6813409866946648
0.06185022157767499
0.30687992290368493
0.13572351851082326
-2.1883859616106953
0.9016720353319232
0.5643940100922283
-0.06173793101365996
0.016287345999895734
0.1662341306715501
0.15012838219562455
0.5687559152763894
0.20892947927286487
1.0261901799726636
0.6911696853921379
0.948101443465767
0.12453357120081349
0.45073884250654644
1.1558233988183995
0.9094890923195064
0.2420077958563589
0.42884293016706204
0.7049695835677121
0.8575078075049527
0.6619317301072049
0.9442372126620423
0.5457144988203725
0.4140795442512757
0.24060189730869216
0.9632530502693523
0.5981478786060149
0.34660416224454793
0.6354906583303128
0.5962931075208473
0.4613491950976471
0.12372810242756538
0.584891416215513
0.4158960599934123
0.827657179488859
0.5482204411032106
0.7177490460520085
0.7748023781377217
0.1985311750771534
0.05869587514291125
0.37813375189011655
0.1401706812732215
0.3525115841145742
0.5598319564676318
0.8141304115181094
0.7611344970924063
0.11892828128629974
-1.2076464342850777
0.8622712775407096
0.5423486316810113
0.3506375093371588
0.41018217226745834
0.60059904596452
0.7996197082145217
0.9502031370075835
0.7815821930390716
0.19632729841803695
0.9104754622465873
0.867039848540566
0.460260770594891
0.6522829525107507
1.0938499928185683
0.369426400431111
0.590554817867816
0.6986209910125772
0.9988167568781796
0.7857305300529221
0.45904244318371884
0.6853777144927425
0.20675162358299284
0.6342348401282785
0.3028283877907598
0.13345085240615487
1.0436498853822995
0.7839302966502466
0.8910514876696835
0.8724482113140082
0.7189269407119164
0.6775324209701229
1.1359113221791237
0.5865238257233729
0.6957462075648086
0.9606987453238559
0.11253652882952121
0.15295871515698664
0.8261738374674434
1.0358837430090801
0.633150651651421
0.8858628444553707
0.14856590626762808
0.6614394188009871
0.6162708423884108
0.8865838026355062
0.9498943295712816
-3.5680123359929246
-0.062315195269648196
3.166310318431003
1.1628065955595157
0.6762814411199815
2.428695347370859
0.4590528163703475
0.7981341712394056
1.1622334638077012
-1.1245355377310817
2.1748054949824627
0.17338894964761775
-2.2693221604785596
1.0202554130937476
-1.028854516358667
1.4071681548115882
1.841801478566503
1.4350064076564126
0.6986640104167454
1.0837982001932784
-0.2252632737494853
0.8288667313412674
1.8385279176971554
0.9259418144007671
0.45165248703249566
-0.08669022686034339
1.2087009876472465
0.8878281015777418
0.8696682812135463
1.3612247266451245
1.6089174655710938
0.9496898937391975
-0.8072975215089658
2.0113609579223923
1.289221834658518
0.29690268334285136
2.75192525217698
2.048129338125539
0.98893266573326
2.269859170414731
2.3645839601818803
0.3005309819688674
-0.5414618838845167
-2.1626202588433854
1.0200888711348244
0.4273322516576722
-1.0658951555614533
-13.813181378209984
0.25110925793677297
0.932182776348881
0.5376646313050625
0.6925932154060326
0.8783616703259748
0.3409372109725269
0.887332652171569
0.213704119233668
0.3168734057844915
0.38004468965926785
0.8130306884316083
0.6166504718057307
0.36079206470650854
0.6541219649181932
0.9954508176687367
0.5182070113231938
0.1148426785691241
0.4489224652848557
0.6938708116983948
0.9245886394024829
0.47467327302211637
0.35901806423510274
0.16439953395942017
0.7072361818743221
0.8565895517369939
0.8350675153515532
0.023049077116218362
0.7652474423610821
1.0211300593736858
0.28056780441836415
0.16825738469574641
0.7183766299147226
0.1010873903546172
0.6370356567107464
0.0500077282460381
-0.0351068963029932
0.7301749316700165
0.7374261611310081
0.8025178450817305
0.15329487100392195
0.7335316940357652
0.228606892491391
0.759764853015092
0.9921840951589374
0.3041571624224208
0.9113919593686898
-1.9449281928356918
0.9482532482145087
0.14866343497122625
0.8999118004356929
0.11400382757795813
0.6057923000596708
0.7163070530892881
0.7602625156013096
0.7884633168074646
1.1495436973808195
0.37833599032766
0.1839475896992993
1.1814573841204759
0.7657602713365155
0.762875290296607
0.8708001045244526
1.1790946968854363
0.24963994350468624
0.4520561016944736
0.5808914566460823
0.3125732393514815
0.8572280443991848
0.5703449679417468
1.031807835232768
0.8847372254315762
0.44122181784246034
0.12365671700209821
-0.0329916907843501
0.19384406669999313
0.5317783106991996
-0.04118468291728978
-0.02823797728619626
0.6886214543033675
0.9424033617015555
0.6993875800038684
0.5542758185899329
0.2934613861479139
0.1253324609909396
0.7474530554006957
0.42484519228269146
0.16874239136523408
0.5900567321332678
1.1005251592652572
0.2525039266345102
0.30890925441196193
0.7208453355763758
1.2546915891952704
-2.234333962648523
0.9540216661488236
0.3046981900008765
0.2644052107435251
0.8546021597806834
0.5112125704974997
1.1830963584717336
0.5502790373685262
0.5987357614400208
0.5363442182518284
0.4744283487054133
0.875137358013825
0.3847139890378423
0.01786436650523529
0.9353145811906445
0.8778960469674062
0.5374914263235201
0.6822398089503239
0.7821600580921552
0.20217436107893708
0.16776759513136524
0.31075176062784804
0.13165623082764957
0.22240217294976555
0.16275593333935046
0.21775257335875245
0.3486600156915867
0.1182304575593279
0.941645876657102
0.0737258834950876
0.5672717398181675
0.3439772075989485
0.8295276423069746
0.3373421056907159
0.9548135285160441
0.331569746059865
0.08525017573996932
-0.019877970717907277
0.14754188536440094
0.8901688358097004
0.03300697200939909
0.825476090912499
0.6052171756744376
1.042034371908821
0.8941733992139327
0.5286566399906922
0.7499112130005521
-1.3765787682541182
0.712752675405003
0.9596284441457051
0.9827106272031971
0.494773010112686
0.708177762627386
1.0709407973611607
0.8222370942556209
0.8595154825441071
0.11950664060392417
0.966712978004214
0.651745565013859
0.2120054355992519
1.0458252381373458
1.2741708728607677
0.8463859218977026
0.40421859974313495
0.4543257089652047
0.23070521431710367
0.7625847978110017
0.820712192381853
0.7918537522818814
0.20911618942276072
0.9293960807345335
0.13350469527084188
0.9047905578481279
0.3273969264178911
0.8891900298274431
0.8258354454431605
0.4479445373342936
0.3958858461083234
0.5039188019184427
0.22219366259664522
0.5521875107887997
0.2601056255549006
0.4642549225261572
0.7682882761708012
0.27898655189378807
0.08096685489692104
0.5206187923824225
0.09248599284852976
0.6144894779231058
1.0448927809502682
0.8103362173390046
1.0959071619349168
0.227277555470963
0.6998668848566278
-3.373087632138591
0.9295441968739218
0.7291327847584799
0.6664680556399911
0.9012215962158256
0.5499375853143987
0.014477021449461324
-0.0006352312662020604
0.7824621382657326
1.0461430381019903
0.9417816794238474
0.475194867323251
0.3781276621937867
0.3013235575191048
0.8925361529967701
0.12140072152938679
0.07966891081255037
0.6792577143365279
0.10005894785258768
0.6768634285317011
1.0149307881853054
0.8652328491615109
0.22669036288158043
0.3871321663991676
0.5137527808510501
0.8547217674747618
1.0824891441690938
0.8618461956001675
0.05698722438066667
0.5427638812409258
0.5713676955325111
0.30874368188216583
0.2760846056799436
0.8302933233386905
0.8825649611035783
0.2791441332007968
0.8550401744357318
0.6875269538075673
0.006790891510137018
0.9379597997247083
0.6072049865542308
0.07608873149226426
0.39433432970144117
1.2071513534361693
0.06310246304763284
0.8231568680395056
0.9674499068985942
-2.721746906765146
0.6061701413163477
0.3014120632740623
0.31019218528252196
0.16351911259332172
-0.05449147310425412
0.35030757876418334
0.4651452776310418
1.0112444681783685
0.18815107007358067
0.36964779166422823
0.5263372857491659
1.0410735626048528
0.5744822302325331
0.21970915544210715
0.17560192694854773
0.5193057763870988
0.6051255050954807
0.9051133650815659
0.1253851610145708
1.0897475604579638
0.9395511332582905
0.42032026337072237
0.7800378907056007
0.9444492436550429
0.3932180112172539
0.7829179606334438
0.33499367548855835
0.9520624927258837
0.4462600197275863
0.211471973874275
0.4936682403973996
0.6357024386977297
1.0549437875662555
0.9223987280256553
0.8935706314973448
0.5963534006749578
0.21022068730579263
-0.07642687534361542
0.9591458167977687
0.5528945889011738
0.09839107065127761
0.45369668819896214
0.6479418989160252
0.5549583302560999
0.1924164029250858
0.8313990930996977
-2.489293053593739
0.49249963160915516
1.0988672883702388
0.5079339499985132
0.44681983499640615
0.15555774000633574
1.1088510358944899
0.4845269525564687
0.9596243293270283
0.7652605228624572
0.2166626121164027
0.33726251149100883
1.0422185963769153
0.560320220763416
0.23763042075879132
0.2386332532845526
0.49084826050859176
0.2448985280530927
0.8148434843532112
0.07139968228377454
0.8298389499306776
0.6883355886881802
0.34542220118530087
0.3056568062265028
0.8167616601673142
0.7291531609456484
0.3633550044044495
0.26567670973149504
0.088327897366009
0.3640632743405595
0.7199067568548181
0.3246275640538798
0.7716166942606759
0.9129141049396791
0.8033460939606311
0.16931195447315914
0.08634226389894195
0.9391239270866625
0.10597963639683082
0.0785724245034461
0.8074252481015599
0.45806139710885924
0.317068432683446
0.5145043597348081
0.5045727467322725
0.047350654283175614
0.8662277038776013
-2.8154799559071377
0.010300859709822726
0.6174097943502962
1.144456329804309
0.20929000978773826
0.14622806303921973
1.3307557975017275
0.5585384675394526
0.7033022339605036
0.46725553091988137
0.7950353141736769
0.21753158690468677
0.6845652755922077
1.2395802011227708
0.7136829579756075
0.5763691876100059
0.25312012983346316
0.017255932388443664
0.7859529305533125
0.6291528518915821
0.9811563405698501
0.8804195726295261
0.9067280669598818
0.6251217912332963
0.8113191570742592
0.5713781685387417
0.5325760539262433
0.5454358164107364
0.9563251622137838
1.0236662047833665
0.5872928315639361
1.0356357217086611
0.9085396894091868
0.5826394646949041
0.21430065117461802
0.9026674718664237
1.0411871238840447
0.8309166119818305
0.019032699406684804
1.1392741284655192
0.41528728465440756
0.015273736099926567
0.9154348055472249
1.2361052132491008
0.5575503920674526
0.883486436833108
1.0617973852288691
-6.317336648281585
0.4688297090332096
0.7081954835181816
0.15074495146152064
0.7549251354084251
0.16797927714423772
1.1775667624098507
0.625152361982714
0.6770577588192114
0.4958078594762064
0.10857904833988787
0.13916622910801835
0.1141557515625947
0.7544636562132097
0.08096953303932057
0.8541567901464683
0.9300605504071844
0.4128104077389699
0.1657303762461968
0.18817072119433098
1.084917488184115
0.37832008682619633
0.1926603162420887
0.08015650110554967
0.5511881175190579
0.6339569888480372
-0.05779440012480124
0.6231739930618759
0.25995583429985747
0.3735487021413682
0.7541228137612612
0.30980693954372135
0.6968280586083454
0.6755894370770016
-0.008258802366991043
0.3549657893510953
0.017295055992197564
0.29112495215270634
0.561510936911984
0.6385463286395548
0.29093509246638133
-0.011702684182191935
0.6054024310506231
0.7423091761347578
0.5503516355698833
0.7478426512291207
1.027602440794973
-2.145818789903991
0.19787378682297527
0.9908974538232941
0.19286284321697938
0.7324759872990066
0.6660374624909602
0.901769692544142
0.6916375203595541
0.2228486267121026
1.056306888763596
0.047839677537037564
0.42270737061178904
1.0811798074709635
0.8471129842696723
0.744048093412675
1.2549662533443224
1.2851148413629048
0.27302494758209184
0.789163860749771
0.23999940891171792
0.6964440093746613
0.6823618120924132
0.8365277843732268
0.12862868418316645
0.1224710137598517
0.6342645068589016
1.0391353986677199
-0.07578284390679266
0.861847523443192
0.048800083662763435
-0.12988319359154926
0.49857667662345356
0.4210593469757276
0.41246693461791156
0.3379329179769361
0.47746061188717726
0.32233956396572316
0.40568190485506783
0.41757058937020486
0.4966675748026409
0.6324568192094983
0.5642991383040178
1.2081240709608565
0.7741724901208192
0.9216094168207025
-0.04046626559700636
0.6751494016774218
-0.9275595494801872
0.9434303607460418
0.12744491140324068
0.7142445960547776
0.3277626890588582
0.14627646026911706
0.5073106956487682
0.34365521945222693
0.4399518507991643
0.7159874442585763
1.1388425360667231
0.04111931759593622
0.333739265817986
0.6168164758818451
1.1918972181974559
0.3996854820004856
0.20482431923381214
0.42814649919220693
0.7989217974053299
0.7481667385928811
0.5468224420059253
0.7272475381639063
1.0817976724619873
0.46465670011916804
0.9739927528127101
0.6759767674666212
1.2185254028137371
0.1794171634872861
0.038428232754315214
1.2097137687462405
0.195411004569421
0.06571646451183809
0.5310524667306389
1.178447938900668
0.26413790154113653
0.9442432110604303
0.6771442742354377
0.8929026791075161
0.5424272665924779
0.3393993652081449
1.0292013768329784
0.6634137265372344
0.4530163637878314
1.1500171993359587
0.8423126349099989
0.2879421767304573
0.8436183572519714
-5.435400365390524
0.766462600796513
1.1524025421563129
0.628980110229292
1.0558557401351167
0.2187776742910339
0.6333582176950474
0.15468665639266643
0.4813766567672219
0.7626807685349695
0.37892065547424486
0.3921103471454065
1.071670642495606
0.8097733839693461
1.1628152757474415
1.116999544666649
0.5738914360257291
0.2812675469998049
1.1116188586446485
1.0426694200965594
1.3468703224992746
1.025495010671748
0.38883582507641096
0.28150941753251735
1.0835403793785139
0.41647779148906583
0.5105705044496222
0.08756183899175644
0.29883751491977256
0.8807332625483216
0.39317330508545656
0.1432325206041794
0.33052397567060465
0.31344558175640325
1.1711382787819498
0.6525906188857002
0.1653120251357829
0.7318497722476196
1.009615995373489
0.40995725585009135
0.49150153022823734
1.116354463892517
0.30825284249567536
1.199834558257405
0.27591871053440875
0.09967365831501963
0.5353471359274319
-5.940239138428928
0.6307786564773757
0.5794260442815412
0.5579221332391862
-0.06001835771495073
-0.014559615153210777
0.8337838577902491
0.6107166908777333
0.9493307486563318
0.9833926337320414
0.24016113809478606
0.7796466139170737
1.07486499424828
0.33874856980898504
0.6659780708465378
0.08818237468400154
0.5867859397709537
0.4016525989627003
0.29274366799770885
0.4969875627718308
0.6872311715397222
0.15269185285675835
0.495669360220508
0.9342611367502299
0.4563020199658395
0.4236493927642088
0.31055600869359096
0.3058357313064656
0.856623729581991
0.5560889333161427
0.45143794259880743
0.35589383388006196
0.1041679900005867
0.20629738673498654
0.759269767905884
0.7774695691417408
0.8559175975848259
0.6136613561659588
0.6051886215140455
0.5156918392051205
0.14296637794767794
0.2778740695097371
0.3516498262135366
1.0194934390189305
0.2946755642575829
0.4298205838591002
0.416310121401927
-2.2830909888659146
0.03819640424925584
0.9287360964528499
1.0329311908049532
0.5604363738380397
0.39910187330524505
1.1426644262257408
1.0234758961983395
0.8308187917201642
0.1415049859555324
0.7352787112444256
0.22788929150115225
0.8506232447083968
0.6685104418110565
1.0250407289287633
0.6438970115669098
0.41895671670509615
0.22192877104289754
0.9298096288879104
0.9782299781658115
0.8503437155456086
0.7334837766533167
0.20193758308999887
0.3856009143541611
0.6356002949821816
0.2871246730856193
0.16090163941389868
0.7601152417443306
0.1756896988870724
0.6082659777917023
1.0279143729668008
0.8581851779619802
0.5575004813845515
0.9939582593366868
1.0631705913565959
0.770030946852176
0.84733681895548
1.0129452104756729
1.093001572106752
0.38994513907883316
0.4072019840085126
0.298263470169159
0.6570302498387257
0.9372345248376229
0.32174717429379845
0.4032079298752202
0.9368103664184231
-8.080915254177757
0.943874052621262
1.2476378844090363
0.4806594052733213
0.29316090508504483
0.3108523048747536
0.5197968701565421
0.39830184161943555
1.2134539182243054
0.8765479947949368
1.0906345358482954
0.7455439699278724
0.2867181392383449
1.1671866149705887
0.9225199288977783
0.03991555394549448
0.48529470023431764
0.24581204628534617
0.1394145689568103
0.298524753596882
1.1501661978053177
0.2106366969551873
0.33058913151960273
0.22896830808471524
0.38888047481747356
0.30351876667303324
1.0865623109065343
0.0950727879738931
1.07351775093034
0.7093002287519015
0.6611394038610128
0.8767751205120768
0.7046295838159137
0.4426114729831366
0.4048338584866261
0.026731945009312048
0.38973878885298474
1.0288271806224698
0.31488597958697595
0.25230313482691374
0.6915300737903456
0.647260987939657
0.863669912925184
0.059448263200731516
0.9922341025467932
0.7196871750585392
0.05810197410167533
-6.900163211067903
0.710256558678664
0.7613213279818228
0.1461378460010916
0.7701164711719454
1.4106898269997241
0.7837569332406429
0.8132084952479579
1.1725127882549973
0.6902148271594163
1.3350868571298933
1.071726915133528
0.2744529846128054
1.2790839283408584
1.0490989653660803
0.6580210480269698
0.4332669154072177
0.17482760262011454
1.14634633320809
0.751184211618761
1.2040931601359317
0.24929977539789624
1.051698305894824
1.1232042856694875
0.10173684124632482
0.023227633198462088
1.3376973949589441
0.06165247858991353
0.7360222440892021
0.4335614286826472
0.7970806430098671
0.8894887093694631
0.7524762138139238
0.4847577587819794
0.22160528236446575
0.6889369639998711
0.9653509411637607
0.9194083561354908
1.1045566244887326
1.0029859462931843
1.147989613849844
1.0178096322899666
0.8173773952404884
-0.018593783820811095
0.13617955084226607
1.0083979446666491
0.1911725942155958
-9.895932218287737
0.8475005951734983
0.10572345901363783
0.6893120021824082
0.4295189969312975
0.774966477355203
0.6613353234324193
0.7714648055584201
0.8667483554881493
0.9483669523929479
0.7612386729860917
0.2683256795930541
0.05896796047835295
1.109269815587887
1.0551570809667015
0.12233888428043577
0.98704999326946
0.15282996630575574
0.5933237847021369
0.092276711903057
0.5494911330185969
0.2751358724637166
0.782035569655473
0.7486356447431213
0.5169623000211859
0.8408025940603778
0.5568778818629155
0.8642310825516786
0.5127375237156082
0.7632019045524371
0.21533647303349124
0.1056998842008445
0.1501471648306826
0.8339670327223665
0.14017054287899378
-0.05807860422446378
0.3155657304751
0.624392513685375
0.8975609489894395
0.443712270880767
-0.0001419073338798961
0.1154097826189123
0.8751084341813216
0.2743341669988113
0.05740361483376585
1.0267068219066962
0.9895956214287895
-4.872135433028477
-0.07249092825184815
-0.10593209485804297
0.06851155833632148
0.010075488466180092
-0.0722297893281394
1.1707315305064228
0.7822420267728933
0.8925822218354001
0.8958236521786523
0.4070345285760817
0.9669171603539871
0.9980235482521196
0.46140943971204074
0.08734113258918039
0.41611888741507014
0.28132400961143333
0.0784211699496601
0.4698084384429187
0.5872492163460739
0.056267783128703015
0.5061030589793158
0.05273379712281777
0.8391571872138909
0.05763111978665547
0.541576481851487
1.124128360995863
0.1790314262054352
0.29880359503166093
0.5081840376385279
0.38623402618660074
0.7174578280391309
-0.020214991498781993
0.07931894376962623
0.15360557507066167
0.025681272967335092
-0.027009245775644217
0.7033118467869778
0.1426722794492022
1.1973403026729246
0.8724830732148459
0.7819724413741509
0.021160933618544524
0.21022487133478676
0.8629751011079672
0.25520040605298006
0.3521975403216409
-4.407184131464923
-0.03140495404630248
0.3956174482403963
0.049655440026644015
0.01970895889870208
0.7022949451372409
1.1985874809297914
0.48148799173073203
0.49852705941891023
0.7876311649223081
0.19629153725112644
0.8932936196005018
0.6625416668376685
0.24267634110558417
0.2375308362960383
1.0805667477604373
0.6480403979018973
0.6020692031110425
0.1334121671187729
0.723194497050809
0.9294868205648004
0.5811446072262777
0.23134573113819534
0.531535911057423
0.5390207540692342
0.3144930720145428
0.9953189593740511
0.5907698584290957
0.630355850153888
0.13082562927957175
-0.08479132940063344
0.2981555366643316
0.10119014491082982
-0.03695201849835203
0.6889226019071486
0.2642547079295613
-0.029282990222710754
0.6427396485114663
-0.1104143880197155
0.25233431567966946
0.7805582651273029
1.102951386868989
1.072170111642701
1.0033186688827607
0.7725860352404841
0.49697211696511107
0.7196264015845398
-1.4358050775068605
0.14354976694382565
0.5312887912664221
0.4174680491288523
0.5965944586098082
0.7059793266492363
0.6983057215584446
0.10279091506173975
0.2115984776269603
0.7635450906473519
0.07539714561826565
0.739167058462978
1.5386746185405678
0.33002627333544937
1.2442762009176846
0.14155895828202802
0.12308695820275194
0.689872361044022
0.20111187178570336
0.5937343118855887
0.9950521539724957
0.2598893944112029
0.23953623652452594
0.4415681515941416
0.11144278574519445
0.2343290674138236
0.9524085107705077
-0.14441756189041122
0.06438719926050288
0.0686119060039616
0.5569060020537488
-0.16582081875329913
1.0235999890083807
0.47688562817982094
-0.028646159033257682
0.30296628631159667
0.395455154206073
0.5151834571496036
0.7409293999362937
0.02007771166878723
0.19168269508520328
1.1354428013304236
0.7283326669664144
0.13273907772960866
0.3251778867829911
0.6505448998440311
1.1104035491629665
-0.2567351333712385
0.4142802592318155
0.1128034062815871
0.2432247181143738
0.6621272816257893
0.3726033860309972
1.0023699208754782
0.3853863441474168
0.3983353701204495
0.0672242333122915
-0.052165287103574626
0.07228500222100256
1.3998030776464108
0.8854714080367236
0.8008347474146663
1.1161399690884914
1.0425612981115737
0.02454441493327175
-0.01822568098350766
0.5427064019421058
0.13308877496782795
0.04102951257711433
0.5525760467177574
0.8493214788521052
-0.06240489915097215
0.7527915357055629
0.21179666972538863
0.22514102667929764
0.7307739919465788
0.8239557368980472
0.03586000183144457
0.7121568820761482
0.26428445866656214
0.12100783836968325
0.1263022928989607
-0.00933961505253899
-0.02294832275247036
0.38790675972826544
0.7044441519194795
0.5703097465311633
0.8033026162907232
0.4667956227432806
0.39370725193158235
0.506979888139023
0.8725306983990727
-0.08230379594022502
1.0787682868184587
0.3514540359037546
0.9845069529316243
1.1806618138435951
0.15035329989367688
0.23177859643642346
0.39107849702146236
0.29118819541958485
0.7575513503861572
0.3760486860739929
0.6724814194901648
0.0220678929177705
0.7441326444972041
0.3598876496190527
0.9615909987756317
0.8495767542903448
0.1643636465922008
0.24765304937336088
0.09815102356874832
0.7786817417779321
0.4902023663500436
0.46429489002374963
0.5369753225164119
0.6216398345778963
0.5949326552757742
0.24945006740124787
0.19434499266944105
0.6770685336630592
0.40837481019944616
0.8974481267347286
0.4565544769176786
0.2414819000295483
-0.06122480772555877
0.8039676051884699
0.68648119259914
0.2159634178427218
0.2870359755985021
0.41185106046209896
0.24841704348628557
0.7887738322608275
1.0212474585520552
0.330894892728806
0.3411022147454771
0.37510611030700725
1.0002709885383294
0.46731371098869406
0.9882579704280293
0.9974812441759997
-4.543466738665779
0.13264410822090597
1.0949120597657174
0.18428933938804515
0.1748340342514659
0.33467692239123875
0.38717437557891893
0.047539837492899646
0.33189046207969386
0.07696938185661029
0.6279712165397972
0.5754441838180128
0.3613333210161924
0.2114243880694581
0.17915116187944297
0.6554897836760074
0.3836562362633283
0.17537208432212248
1.1206301292513363
0.5636030191377124
0.42910721933173207
0.42728201429851986
0.34815338828040043
0.6920675740157987
0.12230793593767797
0.2817026657925818
0.6113084389467576
0.07092327409993242
0.3944588210384238
0.8682909217947345
0.10537434127395498
0.555181075246933
0.45743539190894267
1.0186101291135898
0.4426013677039768
0.48739333205063307
0.043273146151493184
0.665633989166587
0.742409475876281
0.19518686388988474
0.5267633217214807
0.19321903238729557
0.6801469832014798
0.37559867658539653
0.9217027858317887
0.7498328093973444
0.21071280267985554
-3.0884826847915328
0.9372054662504692
0.6771330873063854
0.6567132614290645
0.7856251024478771
0.6741078808274201
0.39382226283274974
0.7579039704011409
0.26271292057797285
0.5144751150205442
0.11481180331174638
0.15411394433213726
0.6017894706827607
0.3028847034618806
1.27294053553686
0.23958047282355405
1.2741098828956894
0.057435447032851965
0.44669287698034277
0.09453509160567346
-0.0008823653977046593
0.05221112879361875
0.19222979794808762
0.7432088551709395
0.27232129871611355
0.3072678232417111
0.6150699633515885
0.014694775862220816
0.604314317847032
0.551997115047903
0.5115177534909287
0.4434561660479649
0.4204246093828381
0.2396602967668058
0.0018563124656865416
0.4590579275521162
0.5054159062786407
-0.09907114781866985
-0.017997927249026224
0.5146498993036271
0.574425809158704
0.8889853465003216
0.2489640845194176
1.2347500917426908
0.5401788360568192
0.22536689119259007
0.7662889378784452
0.0623310904383332
