Architecture: chain
Number of States: 24
Parameters:
-0.3913271087604324
-0.20361120854919015
-0.2310831146946003
-0.31771510356919197
-0.3940728531167815
-0.1690115384274481
-0.3797832812732461
-0.36578512214515785
-0.2733793096492083
-0.39769878991851165
-0.23482064762709237
-0.18636518890665305
-0.5599263221337555
-0.25404144325838557
-0.1612371341808301
-0.19656821681428072
-0.46204327421233293
-0.40513079969980537
-0.2062344131755942
-0.18440333591948072
-0.2772938684175884
-0.21973441039510883
-0.13339800958411582
