Architecture: k-jumps
Number of States: 24
Parameters:
1.487809699640511
-1.2521856735766788
1.5154568706652718
-1.1645342178319902
1.455742708205211
-1.1460277530255776
1.5043284104768948
-1.022736439497905
1.4510148622542907
-0.9834956217406066
1.4006502691373577
-0.9569749822120986
1.4266094688153914
-0.7469183529475621
1.4396918281691071
-1.0046886304309584
-7.499415714529379
1.2524088945106984
-0.1859633941662036
-9.37524874273024
1.691836975056871
-3.994651103346904
-9.210950932918019
1.3505784894508042
0.1149970971245002
-8.992775161465538
1.267034261834175
0.2907393213856613
-8.186321661486573
1.6274479451722694
-2.9017688934409898
-6.2941906497392095
1.662378806202199
-2.8680496539367026
-7.344078635965087
-2.6811570414203
8.472813136115777
-4.108602131791204
0.3042388030441375
2.284769300913544
-0.33708895946941386
0.604997681669941
1.4484063345589253
0.19238952100069492
-0.02416135494583374
0.6937413355412455
0.3669487434132093
0.008434099288987628
0.5285513534083439
0.5364217069655991
0.5134694453509709
0.9602390311835852
0.934278910912226
0.24681683610497007
0.7308680051552621
0.3370177698920934
0.7782590456650993
0.5371187611272171
0.4460962230665966
0.7141133214250904
0.019098009948350536
0.8027817852936874
