Architecture: k-jumps
Number of States: 12
Parameters:
8.726141410954197
-9.992197958287223
4.895388180966018
-10.586922828767674
3.235701384196093
-10.962988903462191
2.7472691019297932
-10.94111053175996
0.01100222679433209
-9.66266284925807
0.014245637842660586
-15.0
-9.991495320623352
0.012858096641333444
-4.104865354927203
-10.39964865228384
0.020194620500336182
-3.430796367467626
-10.729058889488172
0.022571244560361865
-10.71279873679483
-10.362048774023235
-0.7610285790205444
-3.3415132789726183
-0.6009846787056531
8.055669045332063
-7.744299135349402
0.9123033124658362
