Architecture: combined
Number of States: 46
Parameters:
14.9531190083344
-15.0
14.78497704772185
-14.892000837344376
14.157273153708628
-14.989820064205286
0.643775720296266
-8.78893470438018
0.7567332468309604
-13.092418374044275
0.7521325086100301
-4.526540611775968
7.598102243938313
-14.916263028935424
10.257395899285815
-12.65641593269202
2.536450377367704
-0.5474019735074808
1.637779306218907
-7.705220857726889
1.4612982888417099
-1.313138212223005
6.369755935193688
-7.772816291793895
1.298568868836113
-0.11839557401299447
1.47526719781976
-0.45405756507157297
2.3279824100192643
-4.26502383933238
1.7260947352878377
0.491080457475997
2.5518575194119912
-4.067147677381349
2.500288643400041
-5.271475082946085
1.525136078648463
-7.577117132899976
3.2370444794777553
-5.990348113127958
5.073507432897819
-5.110359742779604
4.786262632274111
-5.372866767170434
4.084504532449588
-5.696938241143329
4.00982839598465
-5.642672706174897
4.984138283809024
-5.2858276896937
2.8615822914001354
-7.006841179392369
4.152320529306838
-6.228180687591411
4.167289105535494
-4.995835203690845
1.6462256369665036
-5.869581879079672
1.3006995620229733
-1.0339884684053906
1.3949391483932247
-4.7397300596057335
1.2819704962494192
-0.2823712417279988
1.3773481849258227
-3.0371985107910366
1.2598221488715318
-4.335140617628634
1.313023337537238
-4.371121898270279
0.03570483865149567
0.931046899332437
1.2528429021291165
-0.5041367835954216
1.45297048718546
-3.472055425410288
1.2976230763707175
-4.0043919318291294
3.090582930707411
-2.959617335726843
-1.7206375164691128
1.2659511489028599
-1.0109385523439804
2.559660617036165
-0.4793736167934829
0.9607211140276135
0.33654749172813364
0.9860255880061671
1.0526546235382346
0.8134156931541807
