Architecture: k-jumps
Number of States: 38
Parameters:
0.8734769229894417
0.7816841130048469
0.5526581236452555
0.6916569792987326
0.9226933794410432
0.3938900736122003
0.7063292708706624
0.6755055871045048
0.8767009045763586
0.4943291306492713
0.33411413630223086
0.44979620661168696
0.6870792792975849
0.16148181226661762
0.0038786207606004153
0.1901458251659638
0.01686774579682393
0.7552677515874356
0.45998334931137563
0.3962610771064261
0.6900724476966549
0.33995957904586727
0.22896944960448706
0.7109370500986452
0.5214276320829957
0.18763443062565066
0.09472489017893626
0.18612173141512034
0.14456464745631625
0.045845365513381364
0.10566366073714584
0.1994368762431229
0.6789952319247744
0.830325422703724
0.6822484066335894
0.9486794981562847
0.5656347282947733
0.08166229653455082
0.8854081242458263
0.05548719275859937
0.7817738833502358
0.7423047372395151
0.9674233575874835
0.4366153268058103
0.8668789767133546
0.656063896729383
0.927293924418261
0.7987098948353205
0.2960513978010706
0.6393319088268063
0.7192826478285868
0.7144168364363156
0.27039845824466124
0.6893279292409216
0.9000172008839895
0.32996463835790146
0.05543857050747414
0.6813419033456081
0.6644242462287552
0.9635965597798042
0.6430856219483077
0.046093185352098054
0.742080419829255
0.8139443705120892
0.8800607055650694
0.3463630899590687
0.9209826735195438
0.2586439849243797
0.660390329801328
0.9452209482261313
0.8928992206124123
0.9010497550795745
0.5025218096436302
0.7344743283405484
0.41662863911563763
0.8296401601512478
0.33501636351051434
0.5089811867544886
0.03989061529257054
0.5378516453135128
0.4526281942836595
0.6968540245540463
0.5189718410134471
0.16774561395639864
0.29674822887050345
0.13683352055932285
0.02047167348052481
0.7772549672770062
0.15404488219426904
0.4743434977244191
0.30789136121643257
0.5321452156643601
0.09025864338270007
0.20097537784568276
0.953231305758773
0.3754901629748205
0.7275851565907024
0.3526875644569505
0.27918736641684505
0.024334094639678172
0.8842766117595808
0.5674716566126106
0.06712801609445396
0.17164187141418408
