Architecture: full
Number of States: 22
Parameters:
-0.6097456905481257
2.790774763642976
-6.182122476879543
-2.0979651088879803
-4.6302483191690325
2.636597969521564
-8.439688031664168
-0.9649130351888845
-7.420820129386791
9.399204424171241
-8.786778454418094
-4.890539587553828
1.4021466491515058
-7.81273516832786
8.34145132726219
-6.765201783010228
-1.0360510650191543
-1.6419394993454435
-5.470702081037525
3.8840344705231247
6.780735472681846
0.2024919051806064
-0.4766513781067097
2.1051455358885245
-0.041038922914716995
1.592271729224491
-0.6910860509012989
4.080501414395587
1.023467368699072
1.2094604008542016
-1.7708288384364355
2.96442477240618
5.172670920125423
1.1414555541818232
0.320863852412203
-1.2196723622951804
-0.681005320608635
1.2039085027088665
1.1398998977752892
-0.35366224528324164
-0.22597532370388515
-1.3698209458235577
1.4403530242542186
1.3840912923574338
0.7054226397874009
1.3696764563268025
1.673676711300969
-0.018592325038479206
0.44417168379547267
1.5982672900464576
0.03155742983810134
-2.838475891371566
0.26513729640744144
0.05835216473931217
0.7588219425032923
-0.6534002568225513
-1.7064680938268306
2.86400777431227
1.308888771750378
1.5428100977883972
6.788693525014002
2.3505609265450276
-4.133697743237115
-1.067840646277892
-1.1513473678503612
1.7638991948642075
-0.777531665342676
-0.4803378768866431
-2.069324200831367
2.5591758195939347
0.050345808228299815
3.3801505620917625
-1.9280673381267137
13.492688510321091
2.496207663018073
-0.8774156967447845
3.6120590326433857
-2.563437129322636
-1.3873274244062912
0.00971760219135543
-0.2785630661065883
-0.8025354064354142
-1.1890137250824033
0.8959009577848488
2.187495024713169
0.3179444253396745
1.3547834251843809
1.6085125809762768
1.141610462560083
-0.7801521818403968
1.4157098402233323
0.8804920302732889
0.8258276087499038
-2.3906168576743982
1.3845074739856502
4.713776752968902
0.9158018235873805
0.4543391763694915
-1.7535312676773298
0.7558823060751308
1.9386980261974611
1.3445684740335542
2.0757668753195206
0.6401595086804078
-1.4535473115434672
1.6403624019941596
1.535880052092448
-0.1724603165618595
0.5950032845980355
2.9777617037974964
-1.4267562231242599
-0.28346176323033034
1.2094867883449214
2.1757865224451276
-4.0764626957430945
0.3286694130014083
2.726351923553398
2.9817350746716693
2.1341748179261413
-2.779053401345364
1.2933809836597026
10.629242264022482
3.4546054973191804
3.6578261472144886
1.7661061452906672
-6.678397207553304
2.724877606002995
3.9076277487655258
-2.597563271587822
5.290994628694104
4.533068831008738
5.678497381746229
-7.812475098313725
1.145969583259148
-7.251770295973698
0.16936726120598827
-4.412922291778236
-2.769152152354195
1.6301111262930157
-4.982037792937998
0.5144660267385321
6.038518888610455
0.20989133418002154
3.032534799544639
1.711220558822706
3.7003709776161164
0.5728571440728394
-0.8544405507372939
-1.1705340386138887
8.75949365784897
-0.6260849635021162
0.05876713290425402
-2.2353402949812877
8.209512281159089
-0.10394995830291533
4.337279656488876
-1.984002389079124
3.253633458916832
2.3610872176095112
-0.7911716536446415
4.381967952681367
-2.2715537236157077
-1.5177173992736044
1.0890542567057067
0.4534274953875699
-0.6395609422822348
-1.1243016855194674
-4.231347281856181
-0.23223904307633372
-0.33910204767033253
1.4112091168018164
0.2424184960818264
0.5484262048865229
-0.6913717701193705
5.240929779102592
0.4553736333924908
2.1429389279162336
-1.252592124943206
2.333021275448383
1.1380868003390106
-0.13828912653619446
3.6344842648515145
-1.398323613395361
-0.1840006758060581
0.9863694111921651
1.0200766243222503
-0.028664812281193223
-0.20361037535959284
-1.1284504639660369
-1.3455867137926203
-1.4434857118725934
3.0254045159214766
-0.9618319416226738
-0.6088392241073705
-1.8505726217469904
2.134983082454805
-0.2569668633863924
10.39874500114711
-2.8417163967071977
3.422772146661021
1.9602726312229675
-1.1118919768580648
11.032173164758103
-2.5966380791239896
-1.7660178203304444
-0.04642181048367537
-0.22116927237431133
-0.978177923607733
-1.563888778574713
0.20635439173438092
6.110717288264636
1.2424098424840504
-3.366095415005989
1.7521266058235074
1.3119487459940098
-1.4261312180678696
-8.475277150797458
2.1592548329678967
-7.180781181843153
7.244182459370116
-3.670266155336002
-3.0951706285332534
5.876596617215351
-5.2229740281684
7.576257632336918
-0.0321718335172817
0.10955743903004853
0.8626535645088543
0.20241903395438232
3.4413756173586147
4.312668971585262
-1.04442357992073
-1.23965243518856
3.3796459681393456
-0.749074169450274
-0.173685490613512
-1.7307137422590113
4.3033400789843625
-0.15697150318760658
11.34809096171831
-2.036047425974352
8.486223759484457
5.253681166014319
-1.1065094238875641
5.569300067679415
-2.9718845034344996
-1.8789220223831784
0.4487449263417749
0.05824177725708949
-0.6937320798365316
-1.2425987249814843
-7.95902406557852
-1.3805561996089142
-1.5272734823564973
4.943461011099721
-1.0780850851427504
-0.4983713909009798
-1.8889420955378036
4.899545112007264
-0.3003967830643735
6.5733752705586435
-2.2225173065714796
3.7380376578672885
5.144999276378876
-1.1130152473622636
6.729191552433278
-2.3601806375216787
-1.640184306565943
0.26618113585920633
-0.4677440345876055
-0.9371284745248052
-1.2560416092033537
-0.8983631851326693
0.6540190852494484
-0.22724513183213962
2.6274860257455583
0.16834820453842994
2.2846017334021425
-0.566698184261599
3.3876875873587338
0.8650567169214805
1.7686586858479767
-1.3870272676249824
1.309697176546495
1.0121026315847532
0.29075201339993256
3.225869695859642
-1.258464407038139
-0.3120939312285074
2.0438612816839794
1.1955368134920838
0.3028591454960063
0.3723285179473705
-1.994544128147913
-1.4034823183915213
-2.130091652333425
2.671831990877935
-1.3617437113823012
-0.9490126470330669
-1.9871979489025442
-1.0322427858757948
-0.574783321004601
4.358957458384295
-2.0448272975720125
6.8051520805491545
3.06322336976091
-1.8397619394593476
4.646028804927183
-3.0319533795965143
-1.7320901825476245
-0.07890678185979044
-0.5496771223849399
-1.2477522648791253
-1.5560289291086564
15.0
4.7922719752770435
4.22513402037283
-8.592480188543563
3.8433890154391337
3.2471437255398197
13.734809218721287
1.4149434641598533
0.26282083972058584
-8.928322679990734
2.8439076112397057
-8.774248258916616
-7.468923300756495
3.2804550405432984
-9.003986315177203
13.513421920185493
0.6798386623960792
-0.8698425090558065
0.6541109351270941
4.540180301224044
5.018547606559871
12.419625943814832
2.0166671984007754
8.942373254811704
-3.8168319101859396
3.965509674510493
3.2773102020635583
1.670868261659644
-7.8660880240905104
3.0149914822947035
-6.363649008671468
-0.7917900651611055
-3.4284546623566796
-1.5153813837078691
6.946058408669592
-8.467223303496004
-4.654562554383933
3.094353200974135
1.467910190184016
2.500576778875993
8.655678980533567
2.880840718491112
0.8062394616059041
-0.23851645351409745
-0.5916543812477094
1.2583105858273045
-0.08814553490986365
0.3460021250823811
-1.1497067794345732
9.518745974928457
0.4785330314939291
2.3373645078832106
-1.2418941913008172
1.5478093631419
1.315830377870752
-0.4659243779807211
2.550470833959066
-1.817245109413924
-0.46194502125384096
0.9176084899694719
0.12020055651619194
0.06578924610381773
-0.4891452914012422
-0.05234964367986386
0.35972464505795493
-0.07161429782515015
2.0859293856304033
0.14102039941550856
1.363522215024242
-0.6596265206088981
5.510573526081649
0.3182090901954405
1.6173789367060991
-1.154397263118194
1.5840098709009385
2.8767076576986947
0.30655567114273424
2.6057488412133023
-1.1871679586992525
0.10273706942543291
0.5953026871700742
0.7230386600310659
0.7948834657212336
-0.05461092161841917
-2.7116573344832986
1.2675938926609305
3.1006781910292083
0.005308212922183536
1.6705681399589944
4.321850277112154
-0.7091958332418031
-0.6951873957999516
0.8707112641468551
-1.1082530730190925
-4.578611284573526
0.9353544886015007
0.5915607726640066
1.0652273736794171
-1.0749209221336744
-2.602614828314853
2.7893422328660713
0.8172277352541397
0.933441546755051
7.998990035410518
8.283560876187142
-3.5186433897700575
2.4715192334808336
0.6094941072821092
0.4762422441493781
1.6572269089301532
8.82358797856282
-0.7519479348793121
0.494468810268767
0.773559679403787
-0.05880112735430934
-2.428058383377168
0.8684861255121669
1.8458481116292973
0.4528781078519976
-0.42365325967596146
-1.8364477719793062
0.5595389760406693
1.6590811327483406
1.0481761941882588
1.9907823822417183
0.6938526622949958
-4.0684733048933985
