Architecture: combined
Number of States: 20
Parameters:
14.97482063996409
-15.0
14.973220603892402
-15.0
14.97259274432499
-15.0
9.274713996545678
-14.144241666836498
4.777480864131319
-8.548074045059224
-0.09127631033118676
-15.0
-0.14254606370267955
-3.88221946575718
8.008986126881556
-8.616808543606274
5.900571895228613
-8.996767137045257
5.471173782852035
-7.100423227491005
7.243944906622141
4.296218942631808
0.8483012087879691
-7.5879515122424
0.7189883091870838
-1.4664817593014503
0.9621852233411178
-0.5599108980098294
0.6238469627851225
-3.888470496023309
-0.09331965102416599
-0.33679046098779686
0.32943218642872685
-4.485957524236594
0.37484497517891296
-1.8222872613727095
5.320434033281528
-4.164936977241274
