Architecture: chain
Number of States: 28
Parameters:
0.22351084610761462
0.7797349710512753
0.25674028718131425
0.8043457758521224
0.48782488423387105
0.7905974581698955
0.5974855312271067
0.27197989763683783
0.7398422949829081
0.273904318579152
0.9087269390593281
0.6173703702457284
0.418355145465818
0.4741222601999757
0.9770632463236948
0.1889126293351071
0.9977339996406437
0.787133591342232
0.26941664823652633
0.08427292510250539
0.6348981880286397
0.16951445576351676
0.005199399469347665
0.8680534034302007
0.8839640509364495
0.3731746755158786
0.22756242034625584
