Architecture: cyclic
Number of States: 34
Parameters:
-7.660729833670585
0.36090313611831915
0.3380544371373124
0.39589063139148506
0.2119287463199776
0.8724482680381713
0.8266850793296014
0.05665541083067449
0.679174531046718
0.6073035308300678
0.1285870826106018
0.818706424618287
0.6457212478019264
0.10073272602006333
0.4935752920246551
0.49671762850513423
0.5038613328312465
0.425072315989786
0.49067619558682063
0.8202919077534954
0.05883000847630904
0.7172933862410874
0.6413992523522412
0.10174733065102493
0.7524332832543909
0.9219830137291446
0.5937410586576136
0.5177766123133717
0.8156361086350573
0.22188759924869195
0.401290408425372
0.5433580299980484
0.13251898390298045
