Architecture: k-jumps
Number of States: 50
Parameters:
15.0
-15.0
15.0
-15.0
9.694983596523773
-14.861542590686025
5.669835849963597
-15.0
6.456140854597317
12.635055097827271
-11.538965652525864
-2.9876902377079086
14.96753959582045
-9.420209847019258
-7.515585725827807
15.0
-9.273409301571142
-11.419180624079111
0.25408165388644866
-3.369601833439288
-8.176520403794136
0.09102361020616052
-2.172847096421439
-6.601755530735268
0.16698454739582866
-1.482895622819366
-3.2524519239524263
0.2707908630657702
-3.5044150248416877
1.1495136456399686
-4.8041516443911
4.326040313360263
0.6811050091601657
-2.781711200692591
4.473754244667684
0.9748829844597131
-0.8049536168535698
1.3096002373995417
1.1432268288676923
0.6360996814584625
0.2648048825260851
0.27195080166121227
0.432914851121362
0.31530227257897286
0.8525082469764867
0.4875917878330057
0.19930939009793752
0.7644471893273679
1.000499233112306
0.3923555391843372
0.9286881998589288
0.5945337659771629
0.00512925576570189
0.6780664887295001
0.7893946592503062
0.6925076160506118
0.12519222128043508
0.7464976066787316
0.21265182945318575
0.4466435877200507
0.7478322218245229
0.2640850989250949
0.18560180083951602
0.45866452663938334
0.8626312955507018
0.9741235761233364
0.4891561105752891
0.3794187999941373
0.46167605690979097
0.06641542375761418
0.4939313773450428
0.4505357911570568
0.7712319540414898
0.4916462588729076
0.8083471401979676
0.15021177047658166
0.9732262712537298
0.6594030337414555
0.013156899493006025
0.41893188215566013
0.07492258821555675
0.2793896771521953
0.9647512946963367
0.24185104814947378
0.33173443378096035
0.4343238914062202
0.6814687952225769
0.5722497231253227
0.6515710428514995
0.3721431405575619
0.5164765570974119
0.23251651161561582
0.7019767213808431
0.594759262807692
0.08121515594196904
0.31870184942559054
0.8524363710134705
0.21707571476789211
0.656458114214389
0.20590992527949892
0.48067871106285487
0.36503059923160674
0.650561685055653
0.2604396149211138
0.991746794348904
0.38811996235955826
0.49710715573590014
0.6005909661642908
0.3854084863946602
0.4257314529109847
0.8876664707112621
0.23331921704470215
0.2358411687064924
0.6651998557040161
0.6833819056840474
0.7105696835104351
0.6559615679110338
0.8036004506966936
0.9732583193354457
0.2098980716052583
0.1743062859255894
0.2904275390492871
0.9974794193267255
0.503864105413169
0.6586405865921271
0.09091654539437966
0.6689862318071199
0.22600227440225384
0.5143805844324141
0.9039313357353937
0.3744276007738131
0.40285519700652894
0.13728356406490905
0.9223663323791937
0.5991036813514594
0.4376851592077594
0.6080403875584602
0.3295363330025214
0.8879905937839268
0.4942993384969443
0.46598401017438584
0.5985625831720491
0.4211542860998009
0.20131338696382062
