Architecture: combined
Number of States: 28
Parameters:
15.0
-14.805053511308463
15.0
-15.0
12.97075937931199
-14.976749006663043
8.833022872815697
-11.579030234302113
15.0
-15.0
-5.088502952477193
-10.528470656995333
8.811581972353876
-9.696716574705198
10.647171733206182
-11.127142757801048
5.458072931956498
-8.815840296138415
8.119147872632068
-8.383743395095832
6.471359157837599
-7.5581974802306835
5.011981286939817
-7.9203035098517915
7.171323778239155
-8.020103904817452
6.511498567600243
-7.217297913784414
4.316678472749924
-5.186650019052238
-5.654216805497693
-4.465074757215437
-6.79115345044679
-14.793715538826948
2.333119958714907
-14.999947002303657
6.358779409540934
-15.0
-1.7961335536002994
-14.999799395947617
-4.452450552473089
-14.862634117891423
-15.0
13.01021435536876
-15.0
15.0
-15.0
15.0
-15.0
15.0
-15.0
15.0
15.0
-15.0
