Architecture: cyclic
Number of States: 48
Parameters:
-0.0016761032632028267
-3.240431088429072
-3.136361524879061
-3.7750403699319857
-3.0146472024355933
-3.3656233830658224
-3.1783629722301123
-3.367866208041216
-3.4479836918711606
-3.0586181881490777
-3.034952321831967
-3.2397599427124413
-3.9835321430547723
-2.978352290945066
-3.634561881452765
-3.087387211983586
-3.095625836516103
-3.5934012931390735
-4.200452454045488
-3.0657987662291863
-4.049119112596934
-3.0597518922123434
-3.8586316421386186
-3.655003362562324
-2.989537179376363
-3.317539492177891
-3.0880184415703256
-3.6229470110870525
-2.998555831105032
-3.434370133464231
-3.2648562498396068
-3.165279342145049
-3.119412002841187
-4.229163105718758
-3.1815019586735436
-3.2394113598623124
-4.157855781511839
-3.268598244724584
-3.1137910891107254
-4.364773051259003
-3.140648094655112
-3.4818325008551083
-2.992512435578842
-3.059835292049928
-4.438978012517413
-3.1981880507650313
-3.744485299879577
