Architecture: cyclic
Number of States: 26
Parameters:
0.000909853097031869
-2.3708713149555
-2.368978806659087
-2.4002575642911754
-2.3637477268009346
-2.5733049077290704
-2.4207325409112617
-2.4994594328314026
-2.554076817811203
-2.3645722740447312
-2.4757144221083505
-2.365497880653994
-2.424324526596124
-2.368049549095098
-2.3837278914799636
-2.5097477201427285
-2.3731036916503996
-2.371086123777689
-2.4671865782300366
-2.3645647493627835
-2.5639230429904942
-2.5230312135613238
-2.4659428569558886
-2.5524136571486005
-2.6608584084621367
