Architecture: k-jumps
Number of States: 36
Parameters:
3.501261063666127
-8.791535876762635
6.412444837635619
-7.402009764299952
4.754887400708096
-8.397669922447967
0.2699038563854158
-13.639981641900075
4.10945230840636
-9.097097563669788
7.641786901358508
-8.824424170455035
-3.940906268113604
4.101271787810354
-0.7801325361774567
-7.5285773949579005
5.289969979903201
-7.490093084812216
-6.658853341520567
0.15300712915217887
-3.848476208798884
-8.539695071332014
2.2133892712972334
-3.153061877952148
-6.724771480332473
0.1188650866713975
-2.767318208363439
-8.580039181053657
0.15313165514421734
-9.131813148254615
-8.633584080325747
-0.1174879365177723
-1.4789574052043857
-12.961567707609952
-0.30284749314712356
-0.8586430725011267
-13.966942677198864
1.2143146106692804
-5.232068518039656
-8.407622381226755
0.41083250080381184
-3.439725770671979
-10.83962749839594
9.02355463426633
-7.572947692298964
-8.59360696076412
4.481014826181017
7.334506551916769
-10.085070071202605
-2.5165955920161767
10.711959537336568
-6.826969381055018
0.41845574937430763
3.2149276133542295
-1.2864300184079396
0.15299932445490183
1.3846220561644647
-0.3298594918325222
-0.03959867296389515
0.9004175162787996
0.16521595701860714
0.13554494155737926
0.11404310783368492
0.8167326968799985
0.14865384825079198
0.8879050619339776
0.6998396129417888
0.11972049676340916
0.9913421082948274
0.7079712595282981
0.7983425040717302
0.9691248180003087
0.8127868855801695
0.6373306201550446
0.11958949484919891
0.8794356397280932
0.5749191051496335
0.6424326545281928
0.031249328706898054
0.5342750304786803
0.08106397195415067
0.36708317746298375
0.8385905634436991
0.8962249377108777
0.4120109856521761
0.4693833884854962
0.6965414153959657
0.9851668078075526
0.26630077061590596
0.6731439981653355
0.6961437471060503
0.14691556389481097
0.3290398300176366
0.31560444505108665
0.9223583851573159
0.633610954665961
0.21121711739571514
0.4090877644611792
0.7063549370491717
0.635483932209087
