Architecture: full
Number of States: 48
Parameters:
0.2510454726525211
-8.42736868673083
-5.936458385274291
8.861646677342405
9.204169405680666
9.981136003565627
-2.765438804757304
1.7439682939996828
-15.0
8.635942212799634
-7.344242761716578
-1.7932435076644202
13.622569185558863
0.3799066201799359
15.0
3.055789709774967
-1.5365154540623671
-0.6824230562196445
13.598923204411987
1.3669350366844941
9.180567054982145
-7.3663270212896
-3.593985621428943
-1.4825055251130692
2.4814924417942352
1.3565121463956693
6.1893131810744375
9.195675326875213
-0.5962053894945005
2.725645496765322
-7.822640632432635
-2.590029505810336
2.9606171952717784
-0.28499215778659925
-4.888608889345079
1.174420786102492
-6.3923330062420884
-6.6930117598821255
-1.2768443063727137
-3.4736244038131723
1.0795207709979464
7.640172095247475
3.0648240876401345
-8.806147716451207
-1.8299170746402025
-0.8826904389997382
-15.0
1.883324870562685
2.145259957468172
0.3155075380073517
-0.3513016355163368
-0.5501061966523673
-0.5694982695082331
2.0303925323256165
-0.1035379473926536
6.139356442717476
-0.07977667465239201
2.2764245653795494
2.150377999193393
-0.8874515672378953
-0.06993375433777563
-1.2586355362335195
-0.66415385013246
0.004573762419485712
4.473248843577226
-0.7408274239343361
-0.5691422196350029
-0.5247447624413475
0.7215845363916739
1.7182589209446513
3.2676027665933636
-0.44898334383729666
-0.5429838242472119
-0.019515719185419667
-0.43606342761980826
2.234855007676111
-0.5317565134803972
1.0175283993537858
1.6098986430784268
-0.20129324950610633
-0.16369568050342537
0.3828343637320701
-0.797856259503452
0.783942691428787
0.8745701165076094
-0.2270145086498275
1.236803812704516
-0.6001808935824449
-0.2367275551553223
-0.2969229553064235
1.2567606581844
4.2414866820721455
-0.17604711820130264
-2.2612845720706742
2.6052003603527782
1.3463869217734683
0.5365009676533403
-0.18546855602958748
-0.31804130961722543
-0.30472457456629615
1.9381254863735022
-0.1716254496758947
2.7798206309333473
0.3145591422361137
0.8938461300022813
1.5461971999771604
-0.6976395928084811
0.1738265149991566
-0.9964937604927593
-0.4110729999934148
-0.18961102000876132
3.956630092683939
-0.397427034653411
-0.267719103408663
-0.27207571198739366
1.4967508659978397
1.5667797034369344
3.1973528738539128
-0.33975227046669254
-0.3623169838864495
0.0925684681820753
-0.3238116273256493
2.1038936681335847
-0.23516996845130184
0.45298750557274237
0.9452446313201809
-0.09802806543838759
0.09718367997361724
0.3725010994069331
-0.6236350133900683
0.5762090082195344
0.7191533607500072
0.1961750462510389
1.6696511110431709
-0.36623388856053446
-0.31667850707474554
-0.30777784364622096
0.680148588832162
4.184385786791467
0.03216962823653768
-2.1877967476256344
1.2841022400748718
1.0706353393991492
0.9696912480914182
-0.1300562235711672
0.03453212852590736
-0.1872928459289381
1.411811155063645
0.32760023115496073
1.2411039151092988
0.12784910175682523
1.026305542870152
2.099019554086283
-0.24768867804162975
0.31225534961684104
-0.46080089423240017
0.18892335505762076
0.2985638162685561
2.794304418623768
-0.07411278901352318
-0.12695133634433273
0.2212282480552904
0.6629080022162495
1.739416319417102
1.8344420413237001
0.28571133219689593
-0.05908922854723518
0.5967963908204389
0.1657198363734535
1.3709409629733866
0.015771735697522347
1.011520847363797
0.8075071193906804
0.22123400914104652
-0.005555547263529305
0.1380376418730182
-0.3652949986346163
0.9027531565873074
1.5692037166903126
-0.11176937809219388
2.140750552297267
0.07455655339624581
-0.18018393568629398
0.2609903415174106
1.3508866692747015
0.7284723867130025
0.4420581039095228
-2.2143465942807867
0.6022796665855421
0.13680954833182662
0.38489188037207234
0.44039231146932856
0.8526201450349284
0.9206909734898281
-0.14207356027331836
0.4056221017122473
1.0295745160603218
1.5048860058252367
0.07381211983498694
-0.3336262348669317
1.5995854853541318
0.7271984929260431
0.7215417328985884
1.6822068980355582
1.4534037013302068
0.3744779245110057
1.8443143946181868
0.4825235651639729
0.6616185177718867
0.5073639093386278
-0.22699793627711304
-0.8259908397222998
0.8774407818513241
0.8009066015230711
2.140738539264708
0.43546894424774685
0.1376463782521002
1.3390574464526823
0.7857684255429926
0.19109180814421436
1.1886509829791978
0.41663018707499155
0.9164879669337924
0.8390598718784076
0.45955462798049274
0.08697143726207125
0.4869690022117057
-0.3069716296693677
1.210904104681605
1.5359751936121757
1.3011524098148082
0.8589906003122605
-1.9345513932637624
0.7207743155159748
-5.9269519502269565
0.25301921081728485
0.5296821176981016
0.5380026147658481
0.37471684957164003
0.25044890106203677
0.3732822299444942
0.15775031600825812
0.8255950079975575
2.2423508611960092
0.3402211441262111
1.0153128520614583
0.41846775353115445
0.28540994321071267
0.7278287368055205
-0.05607533583453854
1.0147679099298563
0.7744242489549286
0.7074618800902582
1.0584059412263482
0.44620965821355857
0.8061366192109205
1.3259629134418116
0.721297551808861
0.14880760112656582
0.14276107503808905
0.9950463730902196
0.3338243907579913
0.2650175533035335
0.7892912441296214
1.1530409059521172
1.647103750524992
0.245954257310826
0.02179643914565746
1.0091912025718162
0.28009620132472796
0.5439110149793922
1.2242633373750258
0.9480047323150212
0.5017152671372774
0.4817931176253963
0.2101832697071664
0.03902988447393991
0.3945276110968423
1.5744898497258146
-1.197720028764091
0.563611990388375
-2.7190602154674544
1.1179792373331274
0.2161762559336417
0.7897279058271388
0.594210692603357
0.7213354900031926
0.3521692243687749
-0.14004677469930754
0.826094829343835
0.45112138030962806
0.6974808272398563
0.3825707718911912
-0.1846082611585288
0.35395077119578405
0.8757290578860129
0.2900034839236732
0.8969181302079481
0.9776251160542693
0.9325510993709589
0.613732989505591
0.40019100899055976
0.09106469728571966
1.0522410975937826
0.3785449290888241
0.16199842678507176
0.24351623149862767
0.5355278702755997
1.5101425765628318
0.4301797870325603
0.8171165198617228
1.4115933022181744
1.3184820408434699
0.47016874010182025
0.7537055188759325
0.8945325578435992
0.8876832627655312
0.2197664264916735
0.6387832032098282
0.5922365393426656
0.5738729184252589
0.4497642536880736
0.4265177697226339
0.6327528357991109
0.28192218783024015
0.7081373033749749
-1.1746177832804874
0.6727811203000533
-3.2761020491619646
4.104550950827433
1.5821293598996606
0.09253564046396592
-0.6342961047249054
-0.9519947503547713
-0.7329536582693948
1.8488632906762286
-0.472349261281647
3.3958848127424015
-0.3949390088905993
1.3618861392148711
1.9896215191480333
-1.1574699737075356
-0.2609710134430703
-1.4864032389575492
-1.013124437555724
-0.26427710437173857
2.950456037990932
-0.9646777946578463
-0.8218172076428121
-0.7322632735778833
1.917618992984025
3.727024629774521
4.00226495820083
-0.7145734012256073
-0.9313015148385602
-0.4580205349479214
-0.9448313790174228
4.820039293506679
-0.9139203293937368
0.1687845959853056
3.793695680324832
-0.6000936808446036
-0.2772919712612358
-0.17090164321394816
-1.2084424333303863
0.3331469810072584
0.6183425562176044
-0.27215480719465496
2.7999857867112223
-0.8628773812072726
-0.5483985108545535
-0.5888890079501359
0.06988421838113903
4.056904335444611
-0.45304609237165777
0.9352086772583518
1.8770678731717727
0.9279123626200797
0.32720734016835473
-0.03681420864698907
-0.22497959367689058
-0.2828998798658108
0.9078792550630244
-0.23136785283633937
3.568955370648896
0.9326003118078094
1.0482002596582616
0.9783090221057608
-0.292929811422599
0.2443106539703798
-0.502302683967818
-0.2702036339380345
0.22801359025303564
1.4911127903290609
0.27315814108143116
0.1537332387907415
-0.004035278161629963
0.9655503044725311
1.13802665451967
4.023589817480268
0.20925351872599146
0.24865805335677865
0.01186739645873188
0.014557732891129646
0.9736041522547065
0.019490167230074372
0.8211892635983243
0.9576938921248824
0.02349506991652924
0.01812466377339418
-0.08073868940781848
-0.3793300339266475
0.858996332165097
1.841373952105105
0.04273140554215064
1.4033914627161148
0.1509938786520908
0.1765963505911915
0.2212155333721477
0.9321541252014124
0.18004545846857606
-0.11142795304752694
-3.021199492916506
1.3396479128278023
0.4953888628718994
-0.15466277025473804
-0.8732970018403006
-0.9198089969842566
-1.0531974751624056
1.4026735603343314
-0.586836044251557
2.0638263288173424
-0.7515968599107098
1.5620802654463553
2.3266710483280595
-1.3771895018051021
-0.48180060263854585
-1.6853003366075783
-1.3966205089009927
-0.5262409873758056
1.4120164435142737
-1.5236322985889936
-1.3228445402322866
-1.0815399189734323
1.085012849530434
2.5446008603170935
6.729998185238464
-1.04982924644156
-1.094096580792416
-0.6772274641991337
-0.8603136897487402
6.131920091584581
-1.281943321453455
0.41437348018456455
3.8414890985399586
-0.6859351897053865
-0.5284584898938047
-0.3073125613680915
-1.5419925678994553
-0.027516489654663162
0.900202713445149
-0.5035772343776771
1.348474408592045
-1.1260293206207306
-0.714016450591858
-0.742846012173301
0.1555298585444758
8.591004823818341
-0.6468399447965867
2.16137960160548
0.29602066871158655
0.38387129161472
0.9554524560363585
0.984278754442452
0.6171431499984152
1.790755912500797
-0.5482515820658974
0.39721424489430013
-0.24431888746544309
1.0404798344082444
0.3824733191201633
-0.3875802389292793
1.8520568284212493
0.5176730770544521
0.832927412015632
1.8875384268238087
1.0875256288621258
0.008633837427152527
2.143491093225259
1.2466487279983638
1.0480444152585662
0.5933638093520001
-0.40548438768442585
-1.502562307900765
2.159951581781616
0.57946312406158
0.5822810982748269
1.2854187633865493
-0.3663701658075486
1.8458807911679556
1.6771339643532608
-0.15873264353022687
0.48123064239444163
1.2006904588737772
0.7397578616376683
0.4192389056823733
0.3887445140017527
0.21089850381859782
0.6502976239963792
-0.6779240877004122
0.716305975274378
1.147809965991263
0.3703858948243344
1.068780825601559
-2.0138997558479605
0.32409474482291073
-4.102114319192276
2.4911156278388824
0.40210874330573887
0.18999592312803784
-0.1644613189445786
-0.5116347731225972
-0.4101798970534357
1.6978436942614192
-0.1121027056023425
1.8195861944857596
0.1293797357994128
0.8244026027272979
3.7230248054557076
-0.7013558065511855
0.16336411873904116
-1.2110563174015614
-0.4719473532984252
-0.11877020649336838
1.910343529663015
-0.41913040091713394
-0.4189060352160927
-0.31974735980548524
1.233254362136983
1.4205261626294137
6.5143421902940375
-0.38425067121164075
-0.36061545054140526
0.27578105728759633
-0.3525562327763185
1.5279850699456818
-0.33750621125127656
0.4132247407710092
2.936413622851914
-0.24010939332638406
0.15036677713617955
-0.14247573230357605
-0.6659354614520868
0.737298548837106
1.1119428564591438
0.15180137303521246
3.097505032385619
-0.40918916683334694
-0.20855828170929563
-0.12857291289075828
1.2819577739661576
2.9931742099683505
0.050039018926215255
-2.4182884928418855
3.882994049541261
0.9437087523622413
0.0387147118868309
-0.6084964635404607
-0.8394159132943949
-0.7503385256939823
2.129428461287461
-0.3369331153508752
4.075058634802222
-0.3152434050842302
0.8492343219144954
4.008913683886106
-1.2370067759033736
-0.23086552247710407
-1.2466766575152342
-0.811411776430231
-0.3444048753591611
3.9425672831000784
-1.0893032349107552
-0.7496754850281716
-0.689094044708009
0.5097189189625578
1.3266057816217764
3.171997933172118
-0.6024184228208038
-0.7664801704635329
-0.2951926522090049
-0.6270801875462988
5.308288801331322
-0.715977733814739
0.4817010944531374
3.4542296534587678
-0.5608136065464013
-0.19428975497107515
-0.004516527757873194
-1.002849540454106
0.30571310814261127
0.8051621959203914
-0.24912808443994258
4.400871954179386
-0.786023183056569
-0.5623368342468753
-0.5091261878837224
0.7825490776121685
2.84734740920297
-0.3195025887770805
-1.341032817965157
-4.654711553784516
-3.11996110040217
0.2242654010100369
3.0415833959263736
1.494159704245867
2.639976650837154
-5.810785065273552
0.007435075933497778
-4.8787282272585415
6.927222046530888
-3.4313306782639303
-5.206972193636986
7.970989639435183
-0.6299467449423929
7.889491237606957
7.776782329827784
1.2949302163179814
-4.828543707479538
7.702522235267988
7.10894524436567
4.635735484586595
-2.145717359129997
-4.757151200707359
-7.099518997977019
8.540649135751137
5.157119943561978
6.0845607535249755
1.4789118859526227
-5.624944036310864
7.620173531739485
-0.6172368329716968
-5.289924673932892
1.305476784765651
1.04632924577567
-1.431557227941649
3.742413637689281
-0.40557152764969906
-3.4056436086701734
0.527205604070305
-3.8161276522846834
6.154417643327227
0.8925227979781816
1.37579882097579
-1.3735683081942276
-6.6452837724046425
0.023401011732840732
-1.7535560945222426
1.670783953004864
1.0663316202378013
0.1570003494119921
0.044785806198747745
-0.2500590074142407
-0.36338774480066083
1.8203735444102276
-0.19935922486451918
3.1236720802962
0.3862650610439145
1.3342430543073964
1.8514411825029247
-0.5168398440676664
-0.24703930255273504
-0.8850621577467785
-0.2500299593372455
0.22300062232469783
1.147264428769893
-0.2687130358634119
-0.1646788272422245
-0.185320247364582
1.4321915706471566
2.004412733784759
4.616471135344973
-0.1047112440181204
-0.1175697014746386
0.03082572869254343
-0.37182686556149924
2.060841653132045
-0.06786162147145643
0.951554442603912
1.7156899128722387
-0.06237676532240653
-0.12159066364339302
-0.13805342232002213
-0.539579806387644
0.19802414568664564
0.7419440134152575
-0.10633421318917606
1.6421520271283814
-0.1729113018746602
-0.11070347889683109
-0.18469153820758247
0.6724020955401437
1.660344331068187
-0.2722744121047952
-1.76506186629268
-4.5680427823666605
-2.8347919485273816
0.870426760291362
6.526197990578297
3.717038353299627
4.276795083543007
-5.840979426653091
0.8475304480630389
-5.39357336854049
3.0620797950724743
-3.2952439220605667
-6.969551191004943
8.008923683719512
0.16921514054719491
4.541611357015897
7.921633540869034
1.5035452569250372
-7.108078032144923
8.257548477983873
4.035369924885228
6.421443557094989
-3.4877147597110256
-5.336144713017241
-8.639188910715609
4.621172184881779
6.877331971605367
5.659389664175523
2.6307795061512165
-7.200857342273935
5.919093464256992
0.11771144429436235
-6.684146228684059
2.208190375331637
1.5540239500974644
-0.11385577127142034
4.043162849547817
0.36585511891831757
-3.250681078226407
1.43954786452352
-6.807606880085635
5.758912017942907
1.6085864239599017
2.3628318895063525
-0.482805578163064
-8.980990004359382
1.1400042034032087
2.947923293435637
-2.379148671386661
-0.9333454066278247
1.5523612270977127
2.7308529015575385
1.5525188641451657
2.8604199142942415
-4.03574711091075
1.439919734035807
-3.429880877767163
3.464883659936755
-1.40456586802729
-2.6522824930964384
4.588081251711051
0.36394181944675424
5.981297553957374
3.0435899075414428
1.6481560004176217
-3.429563690414624
7.282554587206401
3.6863598889512064
1.478512453740205
-0.9028676527280047
-2.8026290977987403
-4.30316434493401
6.716029469244882
5.513381150447536
2.698116017766347
2.632774442082112
-2.8051827572668264
5.740649816220181
0.18914591623646662
-2.818031858429201
2.321976717118942
0.936675114295456
0.05655752213326875
1.8084740517198015
0.843397737176652
-1.5982472584060332
1.1242425191458034
-3.083694175991901
3.060734762239569
1.5299072898718467
1.0528272751454342
0.027224854924957645
-5.296367186166104
1.0428593111122741
-3.1128377070137074
2.1738506306363345
0.5355354388666407
0.863628328541235
0.4341434581808428
-0.15856411303131226
-0.21596067965635457
0.6627895973752087
0.28056125743576876
2.6131540598086973
0.3150642500220192
0.2525130498353112
0.6449177645422157
-0.23899621378031174
0.16246155934066006
-0.31165740839428274
0.3155994913475917
0.6834595234072484
0.9385804366896878
0.2395217819634463
0.23044330479732172
0.20725041180836473
1.0968979618804664
0.49351951109124165
2.1631970417589526
0.09698123713306941
-0.0036377659945212113
0.6949794578302041
0.11156085205816499
2.67543043750729
0.278499238813636
1.507015516067703
1.8614772962732102
-0.15202101593492376
0.5207344346832855
0.5364315743503416
-0.13879820382788266
0.6615636613280989
0.5850756784214133
0.4191306494956829
0.5780850345142764
-0.11404284842662751
0.21252467542304798
0.23645115465714572
0.5652968259469595
0.4048651299708441
0.053824404918321356
-2.707225551695637
1.1886897750069223
0.3260400586874278
-0.03405078060107605
-0.800250019877169
-0.8733470409825707
-0.873799778420711
3.9309942579801684
-0.600030472174996
6.54983780354156
-0.6212834627037961
0.6901732103314139
1.9755972705761258
-1.4622873141778048
-0.3914399545086395
-1.7048267723377186
-1.1919969540236108
-0.5163651686910875
3.07143425237692
-1.0972367761576407
-1.1704018598744996
-0.9228399372714593
1.1701006666058025
1.4251203509020225
6.6935966314348665
-0.9168345146411994
-0.9880788971528627
-0.5526526530738181
-0.8479642298544868
3.799643453280539
-1.0079433155529096
0.6715429264180199
3.646917005718468
-0.6723531974355978
-0.4200716366792777
-0.13105681187896454
-1.2381664191853239
-0.03316622830156003
0.7633359759351083
-0.41612998663497885
3.5136979371294808
-1.3563074310310834
-0.7470339067522459
-0.6795277074504055
0.08408649944642614
5.22114579717104
-0.48608637094715973
1.6319145473417596
-2.2777308421347273
-0.6697229209710313
1.4867099310217133
3.3238009492407588
1.8425259125061113
1.8621066927952685
-3.78769467391245
1.2690620184689207
-4.476951767942458
4.456463941884193
-1.1649568136856254
-3.009979014467917
3.9126079557763207
0.4730146389498497
8.65921238002894
2.691718967919164
0.9287549367831993
-2.707326018145727
6.931311920623251
4.581075757883072
4.228798719981094
-0.9289069607368765
-2.2749518305420207
-7.989956820138126
3.7604775951619205
6.3281775120744586
5.087938541050878
1.4963449191737663
-3.3657541371489264
5.6395266249001965
0.8066380562918597
-2.687431964104838
1.0558964269347226
1.205127878251563
0.5785685943503561
2.544467309958166
1.1230506541085232
-1.6043484755569883
0.8254289195229149
-3.266291069763295
4.572200286452773
1.964961094335049
1.0983034447362692
0.39347946188656985
-8.89888076686693
0.9256426434279668
-2.2547977242435855
-0.1234541422905102
0.5470692951952427
0.8766449543245902
1.640763957588542
1.1394507796978925
1.3512911404083003
-1.287186637753987
0.8221330915193177
-1.0815270910127903
2.073064023191031
-0.2981727623948699
-0.8811021939075662
2.232099463334255
0.5987269763405386
2.0835989451488084
1.809834266917986
1.9424612033887287
-0.8217183334460436
1.1603131255066306
3.3728951781844203
1.42143742323676
0.1621120804362157
-0.7562031416659594
-3.712003386924037
2.0928075805266824
2.222162934659443
1.735846529862504
1.2977354388738322
-1.0631080909372737
2.6686330602407584
2.08261758499136
-0.8079741830383
2.2165754723447333
2.2872227422340092
0.7408740298152122
2.2608922312229263
1.4445011759741333
-0.23184975291879256
1.4061036143554466
-1.2348670964353077
2.7577057201644295
2.354241028691314
2.425183028959828
1.007351268662655
-5.5182211312423055
1.3406468614180884
-8.939072547256657
0.29666939981054613
0.2030078110901122
0.47484679772570326
1.0808368740065186
0.692886342521303
1.0138516242529545
-0.28102091744847735
0.7237107006392205
0.612305958430979
2.297940577804149
0.24217702191234974
-0.4750216416550276
0.46353865151535917
0.6962979835971117
0.9733198644091003
0.8242317619242991
1.329378296440486
0.04891186330475701
1.036704887683142
1.0621519431300064
1.3695731580873711
1.0373829592128094
-0.060783179999746986
-0.5601983535647569
1.9624707176313796
1.3584988849230315
0.745115731533855
0.1859789980436996
0.09433647671578106
0.7666344709555108
0.8020663604218786
-0.29034021253320114
0.5249343729601805
0.8300392961845865
0.7587622048052747
1.3991463930081236
0.962194577962624
0.23372419223173257
0.9273344081806124
-0.05401227347753659
1.2611126090148406
1.1692100683629842
1.186285101543775
1.092461796601274
-1.8743597596380885
0.7454713910022401
-5.852692095234293
2.9803557899156585
1.6628081071589478
0.4384258579831455
-0.21687052649937458
-0.38845610930439883
-0.49950374471448883
2.876571323360973
-0.030169012227952388
3.544253606791909
-0.020695204907469913
1.0834720234391668
1.0635781509154905
-0.7140006552002449
0.10778931883421147
-0.8905529841239495
-0.4821698414474913
-0.11356464893030667
1.9908169290972955
-0.4931974568220411
-0.35634249778093485
-0.3977656535829076
1.5664708884537
1.1579149516211094
5.5070065859338575
-0.2399120915688448
-0.3621884818242773
-0.1724844118135418
-0.3330839311265271
3.40568272542091
-0.3329353477842324
0.770933308472286
1.199241720605746
-0.1331860992055766
0.1609673168634832
0.26882007240916184
-0.6891063217246558
0.5054568194356919
1.7917031715109104
0.12294285267319256
2.2439733382284084
-0.5105713278081778
-0.13621331981944104
-0.19889419147808693
0.34453929546197387
2.0433065783342648
-0.22272455640797398
-2.030045005364755
2.1560552987355783
1.6169724057323231
0.44383894147342706
-0.46308915971051134
-0.6322259750857778
-0.5686349707652626
1.891301729511066
-0.26882089822681615
5.399339801073839
-0.23021483367291995
1.298000723300754
3.569277985401662
-0.9551188341033563
-0.06303951196240185
-1.3397991223097632
-0.7349856858233443
-0.1423064896069435
1.7459106361878367
-0.8660113513335507
-0.6116256112166591
-0.588493505498898
1.4008665437039278
1.2876302677053462
3.084224157311589
-0.5403484972008001
-0.6726519221279028
-0.042535139025332805
-0.5922982123502116
2.844257846722655
-0.605513000185904
0.5047029838441367
2.786812191704703
-0.4532746008816293
-0.05213320165189596
0.21198226040112778
-0.8633141840083041
0.33489058870895244
0.8218806556952313
-0.13719068927355593
4.362694725749523
-0.6556733471145557
-0.4037674703429841
-0.36826366508957803
0.5124859605841148
4.532912739873414
-0.147336570379692
-2.1205999901113914
2.0518482711090895
0.4658915077693998
-0.381216935639181
-1.0736654583992258
-1.2866144628907026
-1.0327626910428442
4.695867460102113
-0.6803210141154334
2.9805032333370174
-0.7921253021434466
1.036730157821355
5.060172287599588
-1.7561947847925932
-0.5453017794550031
-1.7392707280390751
-1.4326965439382804
-0.5788046698473512
4.797577771225073
-1.4829724216002593
-1.3967168209340766
-1.0274280956933444
0.9441421588053194
1.806810884912136
2.910607020632608
-1.0518554308737802
-1.1196365442778748
-0.7329506462889902
-1.0198968592082938
4.886170053824875
-1.2472654043482987
-0.07383904393139909
2.9973568399104993
-0.7729346187769399
-0.6546473790021281
-0.4402434320872246
-1.3962105960333335
-0.018132613130243058
0.8830856912018974
-0.7047659222345877
1.5813556259289752
-1.1593167631350054
-0.9772640081128978
-0.8955537829792435
0.3876234211310633
5.092600118024088
-0.6740314130419275
1.1542462658766035
-0.5395169234946738
-0.0629449904692049
0.8241138371818086
1.3932952228137077
2.7381373176518053
1.4630031095866736
-2.4415436975737395
0.9616821384498063
-1.2301840023740458
1.5402189038127674
-0.13697300433864068
-1.6474361846988352
1.8386324430737726
1.3690983541049915
1.4935416460695525
2.777974870240187
2.4842790187877677
-1.4033530982993312
2.8376233481906143
1.533605548606756
1.1518242261779117
-0.010653114623142675
-0.9650124083719755
-3.9503351302392082
1.6267739925694633
3.289250710363546
1.4370593860658167
2.9934052239142206
-1.3479738110113844
3.19842609238875
1.0447886767908199
-1.0858384062596886
0.7239014252967545
1.5198222612680072
1.4793602339083385
2.134462228448643
1.570542957384026
-0.35592134995361924
2.5164047823777476
-1.8008185690914693
2.031568802185645
0.867695244543719
1.7919105130516004
0.9141025258368815
-4.1243889267731575
1.3586475924360493
-9.137907785870219
-1.3064374797313518
-0.030075451520209212
1.7869041228199603
1.3919036240539733
3.151697925442263
1.325950218607202
-2.0503189367931522
1.2600351864330441
-1.7160327795266435
2.473505037396511
-0.5476430326910869
-2.0134235362101434
5.3347821274476965
1.2442563710880379
2.1085911128899313
6.297443277459329
2.101425520973705
-2.0203684177759467
2.7033300375186746
4.648332539656599
4.157615097269865
-0.23214812264935208
-1.970513847614852
-6.469879730799025
2.0787608864825358
1.611210577244338
1.634780111179011
2.883632648024213
-3.114548338766862
3.2855255302172806
1.0446076869713528
-1.5443472447271096
0.9382179269801302
1.229265272153275
0.4831619121698737
1.9943333479581082
0.7327686972658093
-0.7022114448807116
2.033139347435436
-3.5820187570934543
2.156163249109288
2.66311321044827
2.4623489625633908
1.7489195129142363
-6.716745798732671
1.8700383634014046
-6.2551250511279255
-0.09329853297908539
0.8984745877272129
0.33030444193540676
1.768439041119954
1.998151372265631
1.2284103104374127
-0.6932855568224985
1.0428037709992273
0.14248475069714758
1.4282979810140004
-0.18806991516141183
-0.5654381198575932
2.3041889248247656
0.8932676013669545
0.45977610900785976
0.9196655401273861
1.1425570718031144
-0.20240787263330684
0.958528469313634
0.7140889495360566
0.5160030440927958
0.12007194989761244
-0.31588188233852116
-1.7297104609917353
1.1114027716546018
1.378161356208625
1.1509495904584905
0.37699296207657884
-0.49134983048133335
1.2675769409603435
0.7547521544045522
-0.49580853232764804
1.1356202106108104
1.5442398749048862
0.6354087976386178
0.3995236806457063
1.4716450044093559
-0.14548699467045592
0.6904606675393989
-0.8481295999620636
1.207649067449351
1.867011831194961
0.5227999201089236
0.45481413737205023
-3.222223384298788
0.6178342968428775
-5.936195525661578
1.7155483208569282
0.958080222423791
1.0836491480741388
0.1775496192577174
-0.11416874531521484
0.3918618280655835
0.7775043853978161
-0.08433671799944988
1.2749528859675723
1.0053284681087766
0.5486761237347448
0.7350060316370021
-0.04726395693047855
0.7222647275933962
0.14674723680924012
0.5672563550722324
0.22188126842594794
0.9740310507239297
0.18777965114094577
-0.012710984401796462
0.11016977468204572
1.0822959798796548
0.937253935506236
1.3241195175944205
0.07953586017334906
0.39921783866885663
0.9430694960963403
-0.0708938305401917
0.7711249784612066
0.8710923082587878
0.9371467590428578
0.785050298001288
0.480391853872083
0.19862194997079097
0.48371894606638427
0.30934131357369216
0.9816740210642956
0.9740248883391776
0.8445287944009194
1.0172334252904776
0.7831427444984808
0.23577286371580128
-0.08317255475292823
1.3028350899790837
-0.5381074899079762
0.7146165824950139
-1.8219840929425926
1.3833302874642959
0.8704128102886842
-0.17546335216179454
-0.8245031353258505
-0.8610880664239565
-0.9255416494227997
3.389483290229762
-0.5793525515599279
6.542313016877663
-0.7301465135366514
0.5014865702186375
1.645142908716826
-1.5842687016741632
-0.40189256572415905
-2.133846987586483
-1.1124746337970555
-0.48502482970414934
5.745438434364525
-1.4425499031916256
-0.9864308575795826
-0.8952677282185936
0.6576414536626659
2.9801423589251463
6.6550698229692395
-0.8844876220285534
-1.0135618061857685
-0.5947895046296722
-0.8091595999635911
2.2230956553684647
-1.0655278329305262
-0.033780142460553504
1.6072917369149713
-0.6382216589319097
-0.49358821208718473
-0.2355900723885458
-1.2184899967854048
0.15228209777672078
2.2031467951833648
-0.41857207416789155
2.6588178994775045
-1.0506987334490645
-0.8652824265607091
-0.708306900764374
0.5464439762937663
5.671720811815716
-0.5416096162325017
1.537197376617551
-0.34480480134255537
0.012930170361355742
1.205647527995354
2.8281920343955558
1.5591745184305248
1.1561357702424246
-1.8337429723071872
0.6318227607723552
-0.9044754885721864
2.4646439000702696
0.008268972522647286
-0.9713621593817561
1.3897595054101959
0.8207531898804863
2.9143344662766433
2.6107881795578782
2.3931301332996857
-1.0099371387810225
2.2609317693028648
2.072777142900587
1.611185538590628
0.15244938587613763
-0.7853371551963707
-3.7237696102551214
1.247241885863526
3.618845187536751
1.0671549651025938
2.6134238261453646
-1.3203651273212456
1.70205802952341
1.2437863787850452
-0.8644616025276695
0.637142550574756
1.1343319571738029
0.3341131952740676
1.1057612560133374
0.733383033757448
-0.032206511283574546
1.0610048972178778
-1.2699524807141802
2.9352047064432876
0.7588653453851233
2.5719775122582598
0.6342254420348079
-4.176775629541408
1.8291675303688537
-9.165749987664077
1.0135715218495083
1.296383174450978
0.4489402748732606
-0.07648332137904393
-0.35213184554478
-0.17330742615072087
2.6269290212699987
-0.1370967429735456
3.7073251053476524
0.025273288958634847
0.8945733260634785
1.0660228747999119
-0.52425728797859
-0.06780812302731905
-0.8183161315376156
-0.32199629839271504
0.32067682234219225
1.4841295756318136
-0.23362493092494188
-0.2579840199456403
-0.3196909967931237
0.977201698828662
0.5486370518899848
3.595667544917648
-0.12014473536139114
-0.28216957414359706
-0.012282618463222806
-0.18597542067293474
2.38788655293527
-0.3593493692299641
0.36643806295084297
1.116424572972338
-0.031062163231349013
0.3325686393135278
0.06462506920792642
-0.5899421247295621
0.10306909761741843
1.3897538993579674
-0.04307425298676875
1.0832652489000456
-0.4002736978836191
-0.17762391675029027
-0.2043844456918119
0.9075611631057763
1.9271109860932112
-0.11770395282161464
-0.9130876666544304
4.563039658941226
0.9192818289308341
-0.17913150974238554
-0.7445830346791495
-0.8243977980596178
-0.8596911577871024
3.566978400227408
-0.3993110690025331
6.4512756818795625
-0.4251151349516451
1.8417441703669761
2.7491836410881105
-1.1893780150809636
-0.3323506741645
-1.2503840006987816
-0.9196284405255354
-0.2808322170876366
4.390984064054855
-0.9364089441124523
-0.8207950792163783
-0.8802503352746874
0.542455832526437
1.0781941849008811
2.8784330001877434
-0.6676028507846146
-0.8387339630251905
-0.3724410272662364
-0.6667590133623938
4.9976739258731975
-0.7607528318833974
0.2570571850961813
3.9621965886462234
-0.6183718924513221
-0.24789402825449347
-0.03370578717389079
-1.519758131462168
-0.1480537423986066
1.257687825670671
-0.379672262256129
1.685389739542025
-0.8310642694272427
-0.5939203419781762
-0.6124966147057973
0.541283484503121
3.063935002392271
-0.4420600844925252
0.16357400126513716
1.1326324269688623
0.5640801636561431
0.8277147414740466
0.1861687854793395
0.2839171181291036
-0.06424834528250738
0.9929531561299636
0.16678665399143575
1.496592823413929
1.106555199279108
1.1608940020364413
0.7581928059166146
-0.1774354369962537
0.41951595210852927
-0.27568026344934027
0.3414239355118943
0.42668195003531895
2.1700653872253772
0.5691006772030135
0.5484988083992325
0.2908912755391878
1.4006814937829881
0.9968428087377906
2.081548905490079
0.5651121660417422
0.11787863294909375
1.0932196285912945
0.310800587993817
1.634410321409077
0.26687932061353914
1.347658850126552
0.547173056772513
0.5472599465692034
0.5491939034623071
0.2378701940659018
-0.029001811609352272
0.7052475915644375
0.9297973056088348
0.6030106628016557
1.0451001596611293
0.013121466633134566
0.25955696004491857
0.33637052925472943
0.3601736464932545
-0.05842669236162265
0.34965902497777224
-3.152106978497147
0.5196266614192242
1.4135354714700976
0.38873725592567676
0.4131697292640493
0.2012658988912203
0.2981750078709457
0.5739621139211049
0.13109804406215134
1.950696758001039
0.24909086971195907
1.1208504328706252
1.5277418062191324
-0.19848165026290515
0.35316237939600825
-0.3845008793992348
-0.0985353919332794
0.7211816695852598
0.8050772136064718
-0.0563940668996821
0.19338573740382917
0.37695517115777283
0.32016472101032656
1.514563789129385
2.8680950536683687
0.7581927668745988
0.4510899326656748
0.6639492924436263
0.14054195068658742
1.352979054893485
0.18409561541434738
0.975820240784443
1.8283307914762408
0.24042335379602356
0.41888321176985405
0.5515172911406547
0.037561843446928964
1.1749294484713306
1.249870352141733
-0.026353701799007475
0.33757718242927803
0.3535689434558947
0.27096973865872476
0.48193028348797756
0.4469061237244274
0.3139979025691973
0.3941754958957354
-2.421101515567435
2.5452407502292536
0.9236036953849862
0.44378313606486475
-0.08171588216234302
-0.1651048825501974
-0.10407940708380281
2.469494888966083
0.15041380908554938
2.4030615785475167
0.3381049088160133
0.4112130187963056
1.9756969118083905
-0.5244558540454455
0.15664274931870112
-0.6362440341146687
-0.3018967444050004
-0.09539568575254304
1.4593639265846856
-0.31922123125648905
-0.035558280078302536
-0.1354320123752868
0.7255407623686064
2.303590422922319
1.6211096641493306
0.15820574983692354
-0.11898455171931865
0.7303052260601802
-0.10978807100925378
1.6178988510132277
-0.0007722047805170176
0.7380439898783727
0.90726907153309
0.012126387759573646
-0.017664147450723647
0.07193285783514244
-0.470447195113884
1.0595460849689442
0.7284235103949808
0.25549673201485507
1.52114078803941
-0.056801730771264713
-0.11868359689855934
0.012946149628925256
1.077782263964809
2.4690747102877224
0.07701295838349694
-2.8398036403565134
0.38162600167087474
0.17487523342335914
0.47699543593265104
0.46814773573531054
1.5731058952285395
0.9487077568741208
-0.5265318523900008
1.2645224385564535
0.10629978177832572
0.7524459510490703
0.307946694151109
-0.2795847692976954
1.2740301614570388
1.192648008156137
1.4113098856329347
0.6582904560098765
0.8286029211121055
0.0920571021280619
0.9261595710549886
1.8453613682873935
0.3352885088984984
-0.012632909861317456
-0.2540062141445902
-1.252678904395074
1.760676100108275
1.7511478833695913
1.7952158108643308
1.3868217215665266
-0.20370698803280662
0.9196470230694811
1.316087251496351
-0.18657392733268424
0.3983793477310349
1.405771112244248
0.8146966478211023
1.004712235148257
1.4415369343194695
0.4707712542743754
0.879604294432724
-0.5583274655054813
0.6876217601827602
1.6815328228372357
1.3672821762129164
0.34658019592664524
-1.9103260060760632
0.8666080318720109
-7.125134553725218
1.9961798794668013
0.4679672035773946
0.4954236900486284
-0.11940910032539037
-0.33745819662720167
-0.11132609424597194
1.4030818169515853
0.17954796003290105
1.2860684194026055
0.11302687379759717
0.41764413612687795
1.9654699357098195
-0.4263473843224154
0.22657037689701878
-0.8581684436175808
-0.103219671493668
0.019416672636977418
2.9889751306823795
-0.1436940731844386
-0.1843896958724357
-0.3650169501903041
0.627509102113718
1.5319341739331238
2.053536661715705
0.11226516444041934
-0.19385698883458943
0.13616924393113722
-0.0712775600217014
2.8878510724663666
-0.16839012739074719
0.8119131973735291
2.1979099702185323
-0.13563411652837049
0.2910081469123123
0.21844209292353417
-0.4609808740332737
0.3256929093015151
1.4293237745500902
0.3474007970502992
1.9534908472991868
-0.36267819543319535
0.0842930774997366
-0.16964977689678828
1.3418593874588562
1.724895534489608
-0.16866668031219698
-1.1515524567377677
1.9557363887359502
1.4045618867484846
0.5909881145380631
-0.17350340182071164
-0.39314377769902226
-0.33511150052151867
2.2243024140838834
-0.1422324632252419
4.287744898161729
0.1866919028952679
0.603146610034283
1.865572273341517
-0.7002687846648077
0.011180806321716561
-0.8970272126535427
-0.5270687545438961
-0.09715690083166652
3.4430832154953386
-0.4365662327284013
-0.3456230927240694
-0.388927159874724
1.9441780751879074
1.4882573998451738
3.4811949658300794
-0.17519044239787385
-0.35912537200594785
-0.1169271422905282
-0.3072427785391998
2.457997500716822
-0.4665943706007707
0.8789563565234741
2.7139806710804275
-0.10498873973113877
0.15070790926199323
0.3402938664787764
-0.7111143898569162
0.30706984053811825
0.8541412746201968
0.16353549250954982
1.2550119548938834
-0.4184661704845398
-0.12279084846124638
-0.20910972941935008
1.1330812981445588
4.1070224280634715
0.06937606157340467
-2.085195163546983
2.0332758637752715
1.1557333673907026
0.11795105881885565
0.5025865970556431
0.11115194868232645
-0.11774594609490378
0.5814174839771511
0.04558442141732583
2.8662762256534013
0.4913151510995324
1.2609663004666054
0.6643032779933249
-0.12394565640635533
0.36145227001154695
-0.44030718056374873
-0.16439353466722964
0.15191797984804892
1.84045088634862
0.03253856160970399
0.29345736868535793
-0.09699142030157615
1.7800336310931264
1.617499030014794
2.1769869529993757
0.22747449867362526
0.2635861378001533
0.40068656088661003
-0.01047157117631018
0.9333567830145255
0.04400488779497239
0.6876833059532781
1.5750896758376853
0.2469540876238957
0.16553817943225588
0.5357102090948921
-0.17863275099742756
0.16339781231786274
1.9360212325007022
0.4604835526415231
0.9898314502120836
0.16158460053721468
-0.1527413965143672
0.07705067529714943
0.7273061143089947
0.7526959391826967
0.44057768030377387
-2.7027771404857415
1.5687826036793409
1.6047402115182428
-0.10189867508114231
-0.7112724522781962
-0.8038907865796971
-0.7879433643007258
4.511924731611053
-0.49204780574345897
4.689954340430145
-0.4934233820342193
1.252034952459531
3.3253256186663838
-1.3475505443460836
-0.3789211746705876
-1.3092268022438422
-1.1271526938581458
-0.3858134400698059
3.9761051415586612
-0.9471480455649368
-0.972876583218154
-0.7788011098806833
0.9701362817304642
2.2498487353319483
7.209789565534753
-0.7349088701650941
-0.9774418905694506
-0.39894024914963533
-0.8982395165034476
3.4703821227894647
-0.8576658538844335
0.5863434803710195
2.9294427389092217
-0.6761144864205425
-0.42034249049340044
-0.17977348325566378
-1.0967686147861362
-0.05093861695775123
0.980669928662406
-0.4055138403712401
3.9545836502720357
-1.2259659010460473
-0.6152670921682678
-0.6237377010502257
0.00421861375833213
5.231539910344942
-0.44914347865699106
-0.6997225024200759
-0.3620822275233434
-0.005508175589248498
1.1800238829316794
1.567706272947455
2.7991814064021083
3.1638370009996306
-1.9371564539369523
0.9126718141818843
-1.1729018718198547
1.6127359795979135
-0.062370936377694114
-1.0000362960851281
3.6538484879603317
0.8166066789990711
0.9991354317154244
2.622753919981147
1.3621383447216597
-1.2792951548116471
2.287404913074176
2.7582870976441076
0.8886516349768329
-0.056108863415376235
-1.1002400771341854
-3.4329585816594514
3.325074213311579
3.5982365032668633
2.8055900809044307
0.956458555749523
-1.9775473450673973
1.2838012113561659
2.3279349842246875
-0.9492560276745325
0.9334951481053708
1.0382217415730752
0.8954994450008136
0.9601462198528214
1.9730183553366378
-0.467324503935313
1.606635947903542
-2.0522439597972504
2.8301220366762134
1.3956542381994612
0.6403280189427107
0.9061127721669598
-3.9829736641658346
1.1333873854257395
-8.21364831652247
0.673076914086942
0.3516713074903287
0.09472682649554029
0.5883814864071742
0.29469624182965565
0.24869196976022798
0.7365159324616664
0.16048705713252537
2.839866755635302
0.8939078206397005
0.21416387269862297
1.5178174757222909
0.1507587235956541
-0.03528859112927842
-0.3416388162120884
0.3544077410235092
0.44747612935650005
2.0276497796849817
-0.06249786755530773
0.0167899406867976
0.5150011335707628
0.5521764895550805
0.8675235806421207
1.473213879351804
0.44177839755794607
0.08882485562370582
0.8368870709570936
0.09811248054466228
1.7888142577524537
0.4113525149408639
0.42212194251933366
1.436951885895193
0.56301523154325
0.23565801259620206
0.6949404482868359
-0.2049989443285997
1.1112341908768328
1.1326800292044144
0.7349755032789294
0.08174448834794795
0.5638402888310835
0.4230101531480715
0.4465635789337097
0.18634306650934465
0.07251103932062732
0.4395588642715603
-1.2160677539584657
1.5363126939392089
1.3782963963270949
0.38909694789164045
0.20494582317914176
0.029783911804040473
-0.14248294490515795
0.838591492063917
0.131474347220951
1.2273054866727535
0.5008502348473445
1.0045707076505257
1.6984040066518307
-0.22857191415922973
0.018128856172937326
-0.4565084408651653
0.22313897313836184
0.5186928789414299
1.6808315600666404
0.3690304198346723
0.026360426014250548
-0.04948811425311955
1.439310942814374
0.5237331810586136
1.2916943538915346
0.07811347834633799
0.169420666964621
0.36736372818487123
0.10010962133952225
0.7925841444725266
0.07185763719782433
0.9494100981310007
0.5683864920602326
0.43421539184780206
-0.025343839720827446
0.13417429705969014
-0.14266197991274465
0.5540083838571154
0.9002885475159045
0.5717373272856896
0.9458209480462477
0.11047909010731535
0.4420446782784019
0.2955422680948519
0.963756239221247
0.09121613814217408
-0.07247658228299798
-2.7317442939103653
1.3949214746924443
0.801475403997655
0.6947711296639575
0.19491687610205352
-0.28129808455016514
-0.1656288315632491
1.705475255335521
0.15164099214113805
1.654998046911368
0.25388006489146875
1.0375939043516869
1.3415989439824796
-0.40175760491703155
0.029953129613485324
-0.5886613129623096
-0.07450321401366886
0.2921415134069366
2.6750924057076646
-0.06903662586506888
-0.02947032031588854
-0.2742524410926455
1.164518688714812
1.5261716119242812
4.688639565199019
0.05681876803718002
-0.18717226733756473
0.04026745504878032
-0.09738444286166698
3.1764995417459088
0.08155333392318549
0.6410896649327467
0.8117337356068021
-0.18893625613836373
0.469941901236368
0.3247915955388002
-0.4120682316605787
0.5668148443714796
1.101354757548861
0.3782494972358539
2.155392713534003
-0.271923742580661
-0.1273557157222152
0.12295492090196682
0.48266774372516885
1.2747807091105554
0.29378340206146214
-1.7295892834158144
4.868072350056248
1.0394251957024634
-0.2647361251548067
-1.1830957420595605
-0.9889270798710591
-0.9877929222469062
2.647700518327198
-0.8579965549830311
2.536569119896446
-0.7828469790122156
0.7756522241363458
3.929221746236518
-1.50173399340051
-0.5545357623961658
-1.8869784924993738
-1.6192252760359558
-0.5851563383488485
5.913228638249944
-1.5164767531557237
-1.2278146059099222
-1.0072514872906102
1.433367425181488
1.7895809766082493
4.787157004697564
-1.0657096584915702
-1.3729725842825253
-0.782545076416223
-0.9343329516745527
3.928488018516179
-1.5905721946131255
0.24570752875476148
2.146141654454346
-0.7675535388924687
-0.6079925916155398
-0.3272670050757934
-1.7611992560046057
-0.061822717005842
1.4891044914433158
-0.647799258777532
4.634093132080842
-1.5028280182202873
-1.1581206629316096
-0.8003055131797774
0.12034928192272738
4.832484860251113
-0.6253467031289698
6.793075745684731
0.9087974829886647
0.44659276826922545
0.2056551380652913
0.4202122608384035
-0.06512434230553349
0.2375712113970277
1.8566767159436783
0.3052124780506059
2.118536383874724
0.5703121104078172
1.6512568375578716
1.6812990899160516
-0.013978573717640871
0.2896056747740424
-0.2694669529539168
-0.0406233095667556
0.3622732317576169
2.251190451522929
0.41071805280665014
0.33377498708954334
0.014406985108736541
0.6192949321175748
0.4518555221481675
2.7687459863664885
-0.002141972240575823
0.4692053832671954
0.7393609068268974
0.1721720748691689
1.6227483721970661
0.41200548986960395
0.817395948474358
0.973652498781253
0.2664433001284797
0.6611208577237396
0.6587457064679749
-0.13312569771723365
0.9036673965802947
1.7678466737546115
0.5945443846270385
1.7553654382754216
0.1017752125124304
0.06460278914687047
-0.030988819985457536
0.27179539708195366
0.5724306485214772
0.23536002374606962
-3.7692022123995836
