Architecture: chain
Number of States: 24
Parameters:
-14.999689440620608
-14.999688599821772
-14.999689242170172
-14.99968963071311
-14.999687915438958
-14.999689832438392
-14.999690842522128
-14.999688150019521
-14.999687778079204
-14.999687615131524
-14.999688841905684
-14.999694662571056
-14.999688241213109
-14.99969367602907
-14.999687878392486
-14.99969073933572
-14.999690831786475
-14.999690746973531
-14.999695887734257
-14.999692828341127
-14.999695887734257
-14.999695887734257
-14.999695887734257
