Architecture: chain
Number of States: 46
Parameters:
0.5368287635879697
0.6388526671947784
0.5110078580912927
0.7342479218725617
0.08368263121129416
0.47819833844146964
0.4645819546626293
0.5354828021184322
0.6620187892717516
0.47549863357540867
0.6739875515566156
0.27389121151080664
0.2543437486090524
0.7748403755629018
0.064015350028505
0.060866717609085685
0.8113530403215771
0.762898619967478
0.08497034534190173
0.2534522571747053
0.49937575912106236
0.27347133280807
0.019591925105692742
0.926984587723411
0.2171111416553203
0.041176520136789185
0.5967596386477895
0.2364028986979747
0.018220595441614917
0.6097415203694688
0.7459087649086046
0.10001768128630828
0.8730733445677519
0.09249032707419547
0.5971712722329604
0.3849175461764822
0.8725530711875452
0.8773880347433668
0.4566875138687734
0.8877652647577913
0.2513933106611018
0.53400376380356
0.18985344638592383
0.643998806038987
0.35351490095050675
