Architecture: k-jumps
Number of States: 30
Parameters:
3.036544499897898
-14.999963277337804
9.95358885553249
-12.767967325802362
10.224363295826778
-11.090542816287773
4.572211076700379
-14.502475120205004
5.329864254245615
15.0
-11.600438590690912
-6.2742313520778215
4.905127297839553
-11.315878311019512
-10.619783977004138
7.740606492688317
2.717763708080011
-13.814849407198873
4.617238430644683
-0.3268109566509065
-10.881989898211794
1.5918025775341733
-1.7083874855357093
-9.16359877390498
0.6431639391290321
-1.555724836852491
-5.938859834200003
-0.2716765227632297
-8.027218317041337
-3.061991276481654
-2.9544754087674376
-0.1452167062741451
0.2753604023750023
-11.695494575382483
15.0
-4.075852275557754
-2.5693593016318887
5.739207096094946
-0.3025892342353483
-0.4177604105086856
1.2290574800683742
1.1703111278886063
0.603115172848262
0.2677443128116404
0.5466733741282086
0.8920297695902345
0.47333362465701684
0.7161286666441244
0.31217657387306325
0.5650655062662622
1.0143438138314298
0.1937941017941392
0.5630113157636276
0.5270133799764906
0.16361121517062505
0.7921456193987259
0.19296654240045596
0.9346035311972888
0.22582578124231134
0.6018413473623055
0.15232754989849728
0.4158334516876503
0.1713647653144892
0.13593885702815325
0.6043190321933013
0.11496624806085712
0.6383353124330519
0.8555285060343699
0.2279611488001862
0.7784094098827529
0.1945717799214086
0.5255692812648908
0.22651148672091892
0.26486154062485945
0.40848312760056016
0.2259677774714639
0.43037983699723453
0.7773022841203721
0.21608665491459844
0.20256285828545606
0.16876925977678103
0.3900157280102845
0.5985350113415574
0.42327378597788246
