Architecture: combined
Number of States: 22
Parameters:
10.52147308957172
-14.301094752644651
8.65958553097885
-15.0
4.44289284279606
-15.0
11.574754190320723
-12.893012097245531
11.386384966052846
-12.597346196458693
10.105771506722151
-11.801007204854141
1.514050119597367
-4.673611447539351
12.583225900984948
-15.0
-0.13719561844232925
-3.508079294938539
5.1367469737391165
-10.54420955044669
6.395219136815532
-11.819110721047926
4.814851994077746
-9.007313521139835
3.632504948284271
0.32252070277018846
3.4134964266244174
1.634311308625478
0.21026531784507818
-8.470394272414557
-0.293558382703678
-0.9723901790931727
0.3400029797177745
-3.8650754886488596
0.5086233111011164
-5.539251676697935
-0.7299000656730238
0.039794760128281044
-6.7942579334254924
6.3208999958316205
7.267408048950106
-5.944335312891177
