Architecture: chain
Number of States: 26
Parameters:
-2.4603415815508063
-2.4603415815508063
-2.4603415815508063
-2.4603415815508063
-2.4603415815508063
-2.4603415815508063
-2.4603415815508063
-2.4603415815508063
-2.4603415815508063
-2.4603415815508063
-2.4603415815508063
-2.4603415815508063
-2.4603415815508063
-2.4603415815508063
-2.4603415815508063
-2.4603415815508063
-2.4603415815508063
-2.4603415815508063
-2.4603415815508063
-2.4603415815508063
-2.4603415815508063
-2.4603415815508063
-2.4603415815508063
-2.4603415815508063
-2.4603415815508063
