Architecture: k-jumps
Number of States: 40
Parameters:
1.1321535043135034
-1.5346944968324463
1.0846834111468335
-1.4993205447728188
1.0780065100749203
-1.4346537000237665
1.184462011653687
-1.2512953455952258
1.1077571963583086
-1.2283468799263926
1.188641610812085
-1.1330037193476268
1.0429941849186388
-0.9103005255615305
1.1163890232593796
-0.8755921180411079
-6.956989181456507
1.1720023991996722
-7.21987160892834
-10.1938003412315
0.5743304324513001
0.32288414246112435
-12.344905075722433
6.650954326402937
-2.7379355616302297
-5.07454406035676
5.117205148455331
-2.578172416853609
-5.535049866534835
3.8956880375591925
-3.935643419949198
-8.415885546945399
3.0788301959195685
2.6801847389213123
-7.463186854478552
-1.532027484508022
8.228704392607437
-4.578999173570598
-0.2623432130710424
3.792241994183229
-0.9183645813383944
0.04177003545646351
1.6796042627951435
0.37966560560109963
0.05119799131784418
0.7322014382809164
0.428670070397308
0.5785245353524332
0.4532008967304585
0.0992592628313501
0.3759705254518546
0.359493449173118
0.32168807705472335
0.781192482913297
0.19370695784998893
0.4349084583751547
0.6537718504549762
0.8449923933629945
0.15381272238736443
0.44807701335097627
0.023476537829480892
0.09565344913131346
0.2211561721748564
0.2218428775323804
0.3696598364912177
0.6042742660289815
0.8151309579743016
0.7622854780862519
0.7434003773580595
0.8696597246448255
0.7904653185083351
0.38122802446173354
0.24054607873933131
0.6773213334160827
0.8907481605396308
0.3170168384030507
0.13110189677491257
0.9011452856545208
0.008738315417368359
0.8482238832104247
0.5128376742242949
0.5686654085786038
0.760691505557632
0.6774836291407976
0.958562432570169
0.8151452371898978
0.34157763835711874
0.05531524923666897
0.7295273797435303
0.2840551186607915
0.06252974400716182
0.9390956941811586
0.2970902470578779
0.8180912883026302
0.3566271240498381
0.04892209376035295
0.14695526486306965
0.38591542041999805
0.27834400828716555
0.8640800610890793
0.5144240833166812
0.9555576291537475
0.9930911923529218
0.5529651666730515
0.39311824230031056
0.8672887558893367
0.693689674906159
0.3940476221044563
0.9861874669422347
0.4675301913271632
