Architecture: cyclic
Number of States: 38
Parameters:
1.0984216877068713
0.7929783509072366
0.7928447886211301
0.7906214021123114
0.7903420842483273
0.7920218135417907
0.7905234288877961
0.7919551816856388
0.7902978723137187
0.7919770028847564
0.7913014833783797
0.79071236357198
0.7919595680877697
0.7929070233993442
0.7912138640309775
0.791220091511011
0.791491569303872
0.7904112469804491
0.7914513625212205
0.7927340875453425
0.7929287538438319
0.7919191960828866
0.7898480792020988
0.7919845647466014
0.7903206972412552
0.7924616988303075
0.7913079775358028
0.7909092808021213
0.7908668200823543
0.7927130615068959
0.7911300221963717
0.79204867141724
0.7917620533125237
0.7916705108431373
0.7910388178597793
0.7911212525572352
0.7894864376091055
