Architecture: escape_chain
Number of States: 50
Parameters:
0.1079436618745575
0.5572929552433679
0.41106041184229125
0.5816556793677674
0.15629462924421889
0.4505841377379838
0.3893672122229074
0.20744002495825498
0.026044345492153398
0.27346569727779857
0.4289194566022547
0.37569245833297127
0.882071208418745
0.4932840184110484
0.048156786825450104
0.6604649720272637
0.05561564178488243
0.7129755960512648
0.8702027575706273
0.2888413330504158
0.13153305429915063
0.6377355291976236
0.1964630034251157
0.9892514858652158
0.5868429442549445
0.21173687122102658
0.2417273680842219
0.9853078489128049
0.29207320342528686
0.8186733869151535
0.21003130077818155
0.9252855363329081
0.5037853104406026
0.49321507764957795
0.6126910871486527
0.869287369726281
0.9964420095809852
0.9907867862333454
0.2621977555816215
0.20086062336259924
0.04197691054789454
0.3564810080808676
0.56789333041459
0.12983753386149832
0.34840067260127494
0.00028441706215054374
0.09647942717279989
0.712952000205429
0.9488486760738106
