Architecture: k-jumps
Number of States: 20
Parameters:
0.6516547194294566
0.7680652134025008
0.072100597064923
0.3486675486674785
0.2442892049545501
0.3238943674674857
0.10575780304248228
0.646631102327337
0.11428800949150197
0.5857150373266162
0.1109233241705565
0.5729267837603309
0.46404548632536824
0.6642946507243145
0.4123813173922184
0.651317481106006
0.8294876027209347
0.2291639327183963
0.18530900155195407
0.8750913237759615
0.5562822765003683
0.3559037550361305
0.22163011586529535
0.9342034663749852
0.4390727672088772
0.23736241070712283
0.6162810367257835
0.900934311055097
0.3925675417390705
0.9411710690470437
0.3281409981158987
0.25260690316742906
0.10961787009526613
0.2007894203827839
0.701698672090104
0.3603170681757828
0.23916278506338107
0.39127645482789675
0.15001958499919532
0.6012268135182733
0.17186340659989674
0.7666866600844221
0.0030866796814267294
0.7186187208472985
0.2279307080939984
0.7863586823089306
0.43419273544402814
0.8762130933740976
0.45113841021799106
0.775669079333174
0.8937368197921538
0.22430848672575976
