Architecture: combined
Number of States: 18
Parameters:
1.3024552787769015
-1.4019339406882982
1.30358740948014
-1.331439004422872
1.2659492253254703
-1.2934691989849407
1.27161564657506
-1.2044407463159104
1.2473440501369981
-1.0866856130838716
1.3221625843130702
-1.2425199932635043
1.2046396868550855
-0.47125008314588257
1.5419117980551422
-14.779030053113125
1.2607658217263322
0.08104086322937262
1.4277542527599607
-4.683291898385222
1.1479062027263651
0.2106156266304501
1.2581907826584608
-0.1962956203670865
5.486669768222902
2.5047788219985185
6.554826540561192
-5.487253436017923
-2.7163011790895903
5.207327770811806
-0.8608705420827799
1.927417237676493
1.384166710898889
-0.15543391417506605
