Architecture: combined
Number of States: 32
Parameters:
14.949048231931101
-15.0
14.949061527853361
-15.0
14.5506167547133
-15.0
14.990270134468542
-15.0
-0.1486344793720048
-11.792708737336849
-0.16280384049397623
-11.215583633743387
-0.21383144968087503
-2.986338305305184
4.1230921158055125
-9.640562524085073
9.077489890198969
-12.10661122497892
8.40823331830673
-10.59002847020931
7.280978912945825
-8.34168709134168
1.2965606813427968
0.353457970664479
0.4891134229502347
-0.5354722363117189
0.2020819752551193
-5.831520902298696
5.4146276283890105
-5.431336287426321
0.3233150311159066
-12.373104963817708
1.60788633422524
-13.072006377019232
0.09786879935959154
-9.26558255553425
0.02038918736560843
-9.377011251721767
0.5096248576107794
-9.756183703281966
0.21720078615247101
-8.746263649947013
0.10727119294353325
-6.633844185773132
0.29680407080024707
-2.5206804378745273
2.9549719713393863
-5.28314402325427
3.075048042396904
-6.587773595596059
3.0369282168187093
-7.512165749180339
2.060621735726956
-10.632552864797365
6.408631540519917
-12.897539236331317
7.201014996524237
-7.643247953492468
-2.9635051991760917
3.3698885822017988
3.4803250708033056
-3.052050870506462
