Architecture: escape_chain
Number of States: 46
Parameters:
0.8554479973738773
0.4633672377867333
0.9289451190274766
0.9323241926355751
0.898492431596819
0.5539565123991084
0.4575286860307971
0.4097197433109837
0.5279989905547977
0.7038280118703172
0.20465036189087604
0.7615922517389585
0.5356329973941863
0.8649717125316152
0.5101997335615833
0.8531095240226003
0.34412850740130996
0.15520663878604468
0.30246024960975226
0.5652621150687668
0.6265492071768282
0.4358380624706013
0.800010997191969
0.29962247577469825
0.9236233371277228
0.8654913313201743
0.2117395045469761
0.6584258555460809
0.2676018100804638
0.32848337095518765
0.47812410397891314
0.7174685007000556
0.5103909831305723
0.20289206274019578
0.28609289010226646
0.619334250029991
0.8545964793382105
0.7230782027844033
0.9386992074196528
0.527805079018897
0.3833939695601326
0.4584057683426882
0.9963724172082864
0.2090262650179654
0.942204073109821
