Architecture: k-jumps
Number of States: 40
Parameters:
15.0
-14.370627973066084
10.274119239135114
-10.645307542736969
10.50519344615932
-7.793298393902109
6.600129296585886
-11.369240520417343
7.362479535472917
9.030643997712477
-8.56439236932259
-4.719985040154862
11.282764580268632
-8.472335511679159
-6.565116627414402
6.138546931444165
1.7296802855712277
-9.31734211143475
3.8946368027137512
-0.031642701622071716
-0.007975042701278634
2.3056925218059248
0.5676805162787125
2.9210654195210632
0.8797597337397501
0.5982253291031436
-0.41234436654176826
-0.3596236411615203
-0.10257622557997358
-0.8986841847054557
-5.314879415902867
7.694934179459885
-0.6302183546224794
-1.283836686448213
2.61134628428415
0.8930489939382484
-0.5465423086968284
2.926037981300421
0.32372317152329017
0.7463366735133913
0.7156044554785967
0.09217632042866447
0.07569016174301245
0.6777411475332029
0.5024723265608094
0.3517453688861863
0.6730476198963472
0.2803749405545232
0.46070859006482556
0.9515097244895945
0.12031931779626662
0.4927748011423671
0.5562656470159512
0.9836453751366553
0.17811821316520135
0.48757259484235954
0.9115417093566069
0.16345823834988152
0.7697101046566382
0.633374103846361
0.24799522080266667
0.15657266957996618
0.8910906503623147
0.49923951521589655
0.012255983929837396
0.6431882603397728
0.8809962748014611
0.012316063416695758
0.7603419754374156
0.5534225839007421
0.051813332648833386
0.7948178803476277
0.8409652132157247
0.8268615238091563
0.13720551561711838
0.7488977312774346
0.12282539090988535
0.561337805909195
0.5835951057094445
0.8083332125739947
0.7911829674355348
0.21404697163433162
0.7558058217571862
0.7106379662970222
0.13239326594023493
0.6929030361885643
0.5080532596257485
0.11937043810279313
0.2374687510239618
0.25084840556697563
0.1593497199879551
0.7338922855298288
0.6433125634059539
0.08774729933841696
0.31124857908520087
0.04118709972736301
0.11997968098982792
0.721010548137961
0.7438548677194403
0.2106621303777203
0.4174905021144978
0.5256029204291768
0.6684145090694465
0.3362366531991404
0.30241412620798425
0.6654298926291854
0.22396677731244874
0.5674012304897449
0.5342337708116666
0.9464868534778056
0.013957750645686273
0.41065598613817333
0.8316699295597384
0.750296834787346
