Architecture: k-jumps
Number of States: 26
Parameters:
0.5679538223340166
0.5508202424788284
0.14687241682147123
0.6199028315894733
0.33438665235511866
0.25833763775936314
0.586265244459427
0.24584053837168474
0.45014579387286446
0.3271975273378057
0.759778506547174
0.5649291210018262
0.8729398475870365
0.21926394438943464
0.8293649579069334
0.6504381145135344
0.035775996456147374
0.6280414907546408
0.5053704108769816
0.5452395026449735
0.1295937718172009
0.3651381648164529
0.7799671631591298
0.2915957019401624
0.1328357244080418
0.23262051072272172
0.29671176389125775
0.4800646925727744
0.13448621624757495
0.8946142529681654
0.9507869861565003
0.12158176297119316
0.23857802402321626
0.441081556288339
0.6787380446130624
0.34393378961882304
0.9343016784761647
0.7071533408484311
0.2371675957711129
0.6922415615129838
0.15758474097420183
0.9507486743262823
0.6051646884027821
0.3590812972637427
0.8970610294244007
0.971719696288844
0.6177060502522008
0.9737719934546794
0.759032285034691
0.49882542987301526
0.5051921657466755
0.006445790477176083
0.6767291950601697
0.5256091720189874
0.03072706350080423
0.3119806302586511
0.7903393638398138
0.06761217140375708
0.2685055574927039
0.25556795105328745
0.25459277685914017
0.8270973152665732
0.61517691647655
0.547753894498927
0.30614762048081823
0.6008759078969066
0.6346020295551938
0.5561984089986565
