Architecture: k-jumps
Number of States: 38
Parameters:
0.5028833965054671
-1.9696674126563383
0.5065128008119463
-1.8609581323312838
0.5254290699490081
-1.9266290672636985
0.4050060387887425
-1.3021639026394634
0.6928583569761531
-9.731184005818404
0.414155401086532
-0.8108342512560428
-12.441785943316868
7.054407344096851
-4.393684525383198
-5.16684255016467
0.3047615307165936
-0.5278921005503667
-7.882694017341858
0.6031366148645366
-3.1434674368812328
-11.955220325234956
0.6507328583853289
-2.8893501873281706
-6.928150123042451
9.399709745867854
-4.901944995732183
-6.09977987117352
-1.3569651264633127
6.9354498767659285
-5.111665297914169
-0.19946671993169418
4.615257484500773
-1.7961828094208268
0.2807790366018668
1.9858266302131586
-0.6969175478057793
0.17093884500282655
1.6269565151407983
0.46848489419703293
0.837569053230228
1.1618083781850117
0.8035125919678324
0.8869727443961951
0.2917933645731699
0.40387697292325103
0.7898124117595144
0.3757850693414176
0.33921479084291023
0.6317692752493578
0.4120221080470678
0.26118606322432825
0.5038915045497665
0.718997074757548
0.254374636596595
0.6474826066495837
0.7152617185981704
0.747947322589005
0.3702013996931134
0.17535758700980453
0.298243483082519
0.7963772282550523
0.4854849627621529
0.47959247564582697
0.3010640299381524
0.08370631850514054
0.5855617210721475
0.5397639512201187
0.6268870206769898
0.2925019865750581
0.9006747993418782
0.6468248623981239
0.23318321967053846
0.4139325842538627
0.7657058106454888
0.04121890982484466
0.3799699964208202
0.6589087949750593
0.9373356249667739
0.8938785804637692
0.5501838435332622
0.8069071994728637
0.6568418206357614
0.7919203170418381
0.6926318438065301
0.6356618854784358
0.8409673289440618
0.702679307304451
0.9759319177170651
0.36447808888474253
0.4757706985472038
0.8438236478861958
0.1849132308150141
0.11395187726511213
0.9648796725418973
0.5391682369901677
0.3807706783401482
0.16638644466239272
0.7225629267655344
0.6779997834099558
0.1789643365525675
0.2534453630954099
0.10502855550515744
0.8079919698059737
0.4058332447885842
0.845576417084303
