Architecture: combined
Number of States: 18
Parameters:
14.963355470497058
-14.840202001094797
15.0
-15.0
14.514338234220235
-15.0
14.553794334859255
-14.964131813297408
0.08531981601771255
-4.6871200040065855
-1.5486977324649795
-14.214768509508671
14.93471075568053
-15.0
2.7154904614744093
-8.802457586775727
0.6450182971934644
-8.470127861195278
1.8755147730784043
-10.24465355774682
-2.6988274616506955
-11.695722202649758
8.203851112160454
-11.520039615876144
-13.673184518047126
-13.365541585101196
-15.0
-15.0
12.549122876952175
-14.706612516594667
-15.0
-15.0
-8.429116282648716
-15.0
