Architecture: escape_chain
Number of States: 34
Parameters:
-15.0
-15.0
-15.0
-15.0
-15.0
-15.0
-5.507663369658862
-6.181863971046993
-5.08816332992156
-5.079767992953739
-4.231187247989947
-4.37265935233184
-3.9490783857523803
-3.0556871714797826
-3.0587106895779947
-2.6166590321638177
-2.302856410723327
-2.476480117541714
-2.082336341578131
-1.6154674877272586
-1.802054032848424
-1.7653672441436403
-1.357770524837014
-1.134990339671721
-0.791000637352594
-0.7537917734141628
-1.6789438765461981
-0.4248969042526844
-0.15392287416809167
0.28710009192425096
0.6925136403520723
3.2556746846657605
0.7976557493213462
