Architecture: combined
Number of States: 28
Parameters:
14.824674951131795
-14.979490893807768
14.81946363547433
-15.0
10.411684704953846
-14.357345925113213
4.809403307652054
-9.284605373084212
-4.343766734800279
-15.0
-6.115877053069586
-14.313057268936054
14.420277840072186
-14.836436954516794
3.8568132370749373
-9.94567089588035
4.297549208263513
-11.158234030067986
-3.887828941289623
-14.906178093117436
4.832500606714243
-14.935232510944356
5.79303592746928
-9.542114271143292
6.132926842289567
-8.925073994352305
4.952891491610765
-8.669208660285214
4.931915703255509
-6.107779604931855
3.804955499702995
-7.864451653939573
-7.049618509944778
-8.355971620526862
3.399331800841364
-9.11769669457364
5.209255155560639
-7.0052811399896715
3.0868738510743374
-6.131092229100807
3.818312111808135
-3.768499712388484
2.688213874279932
-2.783203877019215
-6.995539735052499
-6.871726015177099
-0.5026046315908491
-4.912877554527784
-1.1869392804069951
2.2456025045651096
-2.723678765007804
3.7824363306280224
7.325435557352605
-5.471717505941914
