Architecture: full
Number of States: 30
Parameters:
2.1751566650541134
-15.0
12.477055654119598
-5.3466486123370105
3.2993653504182454
-15.0
2.003513712501127
-15.0
7.934979955454396
-9.897517687907873
9.810542429939218
-11.736009043306712
-15.0
-10.380931751701523
-15.0
1.37969003205484
3.743827566076764
-15.0
6.066815879151555
9.760148793741383
-14.722012534268215
-15.0
-15.0
6.535892609004097
-15.0
8.562583212136671
-15.0
-15.0
-15.0
1.372121776000254
-1.9786029728356318
2.9416865836948896
0.42642666985992783
2.9829856724132737
-0.9513665293122292
2.2339514637791806
-1.0266485699507288
3.597295200796998
1.2674383033488754
3.1022995914502967
-0.6259239818114727
-2.1638261822538287
12.365389547439024
-5.948010501051761
-0.18061609784619267
0.32040510558923807
-0.24833977391668707
4.836621600030856
3.5464786580032595
4.596873174290894
-0.3236100861854602
-9.697057906923101
0.3783014218935004
-5.424459178766279
0.4251703246499235
-0.5981599929316234
8.382559657924851
-9.367252883973793
-3.6533161927382616
4.049694098952437
-4.7963367473267375
1.4971678455381618
0.2752460360891453
2.7250404119737563
-2.02969423509935
9.155436422973613
-4.123491252296411
3.496733721560912
-1.2963417642223523
2.0305290343923064
13.383796347119034
-0.9726546397746392
8.886698269615433
-0.8216002808138263
-1.2050846957401469
5.949200078269999
-4.852290882855487
-2.9243383682305693
-0.2436924908827562
5.191121922815397
8.45695834551535
-1.1537236905646253
12.724382164176822
-1.1833088437442933
3.428883678861388
-3.5443521779331184
-15.0
5.462775505728927
-3.3301636601303994
7.2923201579957295
0.4133285148841508
4.300799428065753
-1.0329745295324013
6.724921689738898
-2.366326171763542
3.715576289507504
0.8772250313095096
6.099743367632391
-1.3197658942226773
-6.721418316950355
4.284075859408132
-6.907093511423806
0.12109443099028626
1.3171463563767871
-2.666123961019671
6.526536637170828
11.684823968619702
3.759429893798061
-2.6211480740349193
-12.898026075129216
1.1413186915459834
-10.490487817333756
0.8253530500562463
-2.3345498346189912
7.817945076602276
-10.944170572011467
-1.0970696110638876
6.236720964997409
-1.2017318155276273
1.4500288923266051
1.357822545517289
4.3914644423529605
-0.45078372828519564
2.5665984162140782
-2.4016981656467014
2.185419919475045
-0.29091612292451224
0.985489143992292
3.6338287871198043
0.17441633072720664
4.542517956743446
0.28057756908899023
-0.9117271635832958
12.718814031824571
-2.0010955369693617
-1.0577665649880665
0.544341912098631
2.8389667775748775
0.8525019881887442
-0.022870674519806154
4.09841932928715
-0.4991932699970083
1.527620102123438
-2.541078783244235
-15.0
-0.07559591172158196
2.7384210544883936
-0.14019407268458894
0.869590349301464
4.143107231011323
3.7666105531675393
0.5617405072931941
1.1980439373650893
-0.00214320576527984
7.647881991157555
0.8020156700479281
1.8338442716410999
1.5034852411412827
2.508672181100574
-0.061186764351658166
0.14033884469541577
-0.11239091374783534
2.7844473640204455
0.10642326265768004
-0.27856606745177553
3.3640513472222273
4.871605654915879
-3.1643242915827847
0.2355130927236785
3.179492731681777
0.11812982621802302
0.6774409337498465
0.21048164208490971
-15.0
-1.2697339027593004
8.1883184931571
-2.211085963026928
0.9309828025078387
0.532040758990903
1.6701045636709948
-0.6324466877195006
4.9316702157520025
-2.019071798617688
2.7813438844421596
-0.60857060734182
2.3996238075865532
2.620017937476053
0.05111517035076306
5.00133767113075
0.31358990716747165
-0.5497897173498931
7.955997542027735
-1.5897674794549206
-2.6963225837972664
0.8968839030145073
2.7957903048372446
2.889901531768621
0.03459351827864168
8.663013268968749
-0.6275902235914546
2.076988921919172
-1.9645719428470814
-15.0
8.784220415506063
-2.294976711935414
-0.7223559796334129
-0.1847936333290177
3.357568671266839
-0.31319553316964444
3.695738034271447
-0.8866456496402924
1.5774496899186423
2.993102813386798
3.000593671893602
-0.5186561134210528
-1.6689078450718373
4.744063057304186
-6.102309961900974
0.1651568670659982
-0.3917575676156243
-0.4035635044841651
2.3274614528242363
1.8984786734422743
3.7071727350975507
-0.5606516213000488
-6.345846551441015
0.8868325271581156
-2.7960021446288152
0.5940448963112684
-0.6329762812324596
2.5713716575934065
-2.850716789142422
-3.8198528209545533
3.3179607201059227
-1.894523589589793
0.6782413859811488
0.808177639678944
1.9876568841621383
-1.7306600012040614
2.3748632180561375
-3.050250561837004
1.4163940078701809
-1.8069271089843573
1.5350242168324717
5.576215707136437
-0.5295614093175621
7.366048004774051
-0.11772965381939936
-0.9637284629009724
3.7668241673598346
-2.40542529610764
-1.8472623680505549
0.3635115140972206
4.53448111322234
8.21119127609353
-0.2953153704497899
11.222888667409109
-0.9204726068462291
1.507087557092126
-3.9317758111724994
-11.463670695610483
15.0
-10.191711274807217
9.608140379845393
-2.85911411926193
0.9833417591185125
-3.4838768946529317
8.169561195739304
-4.483152382232799
2.7105615127291074
-1.1346369270001846
8.37924269680476
-3.093263950364809
-5.982485929465671
4.425476016337926
-15.0
-1.5432508716325524
-0.4877441581866326
-5.179318768619049
1.7502240458425975
5.192919186077393
1.9436175949644925
-7.594250738545059
-15.0
-1.2055648508918106
-10.80540120792653
-0.06087872752898351
-3.717738272918346
10.416122620951588
-15.0
-1.0507555739176477
4.1476851505709185
-0.9258918956135495
1.7082526132901448
0.7586303920568315
1.9747714904242066
-0.24682374107978067
1.8651382147077633
-1.1411556958413953
3.0966697136878842
-0.07287183359741159
2.503241446019595
2.93799726133634
0.05565915455580945
-0.05677566773884414
-0.019233545691010007
-0.7609811289038028
3.544595944097954
-2.1413679829282013
-1.5925895127208785
0.6606787918224963
14.44952802331144
-4.093533718672348
-0.05184500811402015
5.103379250094403
-1.3447821468891723
0.9104712766677626
-1.098759847230575
-9.972242545009099
2.7274246020516006
-3.9878239517765173
2.117578405608054
0.1204485332028078
2.49511571973989
-1.1585221955182026
5.94114475018805
-2.1461897830033587
1.2231199500930765
4.939043109926871
2.6906893811446952
-0.5295147990711735
-1.7927445528379125
10.058634694798833
-6.242897546879462
0.019354303987452567
-0.2342384472969323
0.1294409910531543
4.205595565380776
3.192846540308144
4.290971688523513
0.685918419692315
-10.919386231245321
1.5395914743964998
-3.6735890573254397
0.852921300908365
-0.46472469633098684
4.18590056663854
-7.615903575032889
-1.8642372330590367
5.544227613749909
-3.413311985659343
0.3417065747783587
0.26424762803958723
5.061223240924175
-1.6063605228375197
3.3647048502164116
-1.8648173986145957
2.055064438121915
-1.0035426183067706
1.5925747672225516
3.102388878155117
-0.5263162550442574
6.07990442694778
-0.4429421441180981
-1.5915105363637234
5.487372099156897
-2.504859131698795
-2.793079778631945
0.0379564679976126
6.48523825837659
1.5996560430690767
-0.6421158787056367
4.31058360056938
-1.6151155986519499
1.5339046241711645
-2.089577565708761
-5.504191099771601
-3.342611576750199
3.5548477819031024
-3.135889341230317
0.589054569054326
-0.3016564973718523
1.439437205073768
-3.549402652018851
4.208608749997752
-4.01144849159049
2.756093541612836
-1.6602453877091554
1.3014213732517894
6.945930757358156
-1.3856032125256226
10.769928453023105
-0.6457262186144167
-1.7851754700627012
4.936543915718048
-5.775065388683609
-3.6075838773380027
-0.796316721456189
6.826638540792396
14.74320207909021
-0.8860551357920132
6.818236363900695
-1.9339885782369128
1.2284707141840123
-4.56001120844982
-1.565347504883666
1.2308934750899554
-1.4788117117388333
-1.1143443161633722
-0.42365696512384826
11.173970314082258
-0.0480033561112179
2.985435024457499
-0.6893684418316918
1.1339008514643774
8.037659036716818
-0.3179044646867783
-0.0888967164930355
-0.6236141353488911
11.355234255271663
-3.377255579592571
0.04880477430861687
-0.7260813224768332
-0.08019772354131234
0.6697608863243807
0.14761018658757588
6.502824807147359
2.2149961217461436
-10.163969929566868
0.644704978282967
-0.6382963322621172
0.3337589046819298
0.1549918823448645
0.8669934883956845
-10.237563805914991
-4.849045016235168
3.8605608265698628
-4.997558617681389
-0.7062933098601852
-2.0186131966316085
2.179417541308479
-6.092652313584825
2.276033614066584
-4.903242394114692
0.6954631238828989
-3.9744146700666487
1.622618513826263
3.714943654794636
-2.848598194838939
14.684086626137788
-2.57486620557228
-3.984960904414101
3.227896039785945
-5.2944175776618465
-3.8405200964295836
-1.8942961089949564
5.51558747079538
-9.281112155616421
-2.8139241620050566
4.122801595748093
-4.291879241027629
1.6853203623886281
-6.152844759642605
14.005419423510839
-3.7107721020361333
7.336537440481315
-2.9546830892236007
0.35901085081271644
0.7702172959886919
1.3861708493423366
-1.1256369455258273
3.8793735748440485
-2.0747059519874553
2.2452829452425225
-1.0186141745185406
3.2581078251449713
4.110717289674805
-0.5867972805333894
4.165124180132268
-0.5754531422016028
-1.2508425070165867
4.02903857363035
-2.1350026117567933
-1.7885204081528034
-0.06547332167986407
3.878789363596105
2.4114572310235243
-0.6659750226077057
7.065040463275215
-1.693078342883339
1.7556151170005572
-2.727234306431877
-5.870185904706576
-1.2435399024159544
2.8587167707085195
-1.030583449124887
0.5059909131614982
1.5319224348844152
1.60350628566697
-0.49378630142877356
5.158639355123008
-1.7147180309621723
2.7097881897117726
-0.4741419364797672
2.078637885697059
3.3281334931231643
0.1415980798541373
5.105563419653223
0.01649308898438142
-0.9281911924928434
3.023064728454163
-1.553831357801992
-2.4787237721354294
0.29505059709642945
6.249239052256886
1.0692817823432244
-0.14908626205244505
2.3017288676592944
-1.28639829739247
1.272560263176122
-1.8650636007171235
-7.522264046747529
-3.4144702465661703
3.3065875764027353
-2.2039681725181453
0.1636693902003948
0.16383326106047594
3.273491232384544
-1.972764551328164
4.477460431333029
-2.90829997646531
3.60788475930207
-2.4715696829557663
1.0161908972243996
11.373786611491333
-0.9628352869062502
1.004092496960027
-0.6707196705569771
-2.0120343839697887
4.074087882294618
-5.370736017788126
-3.2320318636943353
-0.5263868754082862
4.097265552226184
10.106366828561018
-0.7936389914722248
5.5276610201743495
-1.5322291923810476
1.2747670474262873
-3.3905604443224373
-0.7076428598160577
9.788610561246765
-15.0
3.8472084682255847
-4.363550479081499
-6.441089330730507
-12.955946461321545
8.632988424903296
-13.949562538111095
10.619130757889264
-9.586499480402631
9.31672597565114
-14.022188918276601
-15.0
10.246615019095096
-15.0
-5.792383261771335
-1.7067332154175299
-15.0
14.80918689574485
12.08524016499459
5.467289793806778
-15.0
-15.0
-2.741127285534954
-15.0
-5.10394001434742
-12.642160349025628
14.3063933142553
-15.0
5.192533378548881
-7.6260931337938915
6.174696868612085
-1.2763589411586507
1.4145809584392979
-2.710644377955586
10.67144204843783
-3.3286546115750086
6.079510828542095
0.3457980946261459
3.9648903179235617
-3.224112282285315
-3.686407871273251
6.772988411766542
-8.950515394342347
-0.8575077072274372
-0.009154041070630354
-2.3692565043633182
13.483874603532586
12.343743873866622
5.274537956877388
-3.579030614803022
-9.465339365769177
-0.10087793536300597
-5.608072075586203
0.08634735779006594
-3.2920895862475508
10.833653123213796
-13.227163277864866
0.6657915700799429
0.8806182353637325
1.3891990023415515
0.519324732729008
0.973852645395202
0.6251455885892627
1.3090672962335927
0.44777370788100723
1.0868721482357127
5.534432760378353
1.8108488926628266
1.7087614585030995
1.0839535329588241
1.4566555805089458
-2.0754055661685857
0.09752182421587251
-0.2301114844964107
4.217889727952501
1.4822304149223577
1.1070978891429575
1.3067546701515942
13.514331678823451
-10.380984785691261
1.0740210671853505
1.3850617837059755
0.5388914567678746
1.48745856535802
1.6286538719345833
-15.0
-2.675099669399561
2.798860779207677
-4.026518856305982
0.8138730836820794
-0.3155938839623781
1.2542951572768677
-2.672913529610042
5.078164158692645
-3.1483226050558546
2.900796903806169
-2.301877952130593
2.541064402202258
8.85968493763426
-1.0614488103622413
2.829048859420525
-0.7867781475672025
-1.5975909133250759
14.79667637559493
-4.8008663016551845
-4.069354222612966
-0.5960732153359125
6.107637684652454
3.339948095805925
-0.8165893246900976
8.579809712008622
-1.3182286885610432
0.788964127707675
-5.982499768978797
-3.3581382695588093
-7.998590280190009
9.14287785281963
-3.0336693738950253
0.8274688546400225
-0.2290898023955242
4.33422919151015
-2.4313041950633894
8.481035095457553
-5.0304020125673645
3.0460633621448316
-5.086917896255554
2.217735299880246
6.465816575540846
-2.896505123791267
3.810673446608728
-0.5200622014614181
-1.7432941071281998
9.306882955425108
-5.312160383090746
-5.200996572839805
-0.9088216857596368
6.969702637497912
-3.138353132849904
-0.8635595198815982
14.372514552801022
-2.5767544325544187
1.6185770389937273
-3.833940157644169
-15.0
-1.732535202873751
1.7866465937031055
-1.1317150939404814
0.5313623392762762
1.3371515560063705
1.3313914320241829
-0.45025750196610814
2.3803585498333515
-2.747940681359467
4.07137682855081
-0.4734525398417758
3.141640336192046
6.084987273863518
0.09903815091637291
3.158794835102872
-0.26911702976804563
-1.0305723734383585
8.429548142128473
-2.837481883807686
-1.5671281589504058
0.5045035653199644
3.784409357099584
-2.424742747854453
-0.3469033057643259
6.030719828348656
-1.043318691222837
1.3931986664015985
-1.183530006737353
-7.923360765301745
-5.762257290130083
4.6500593908912835
-5.245438641869412
-1.0207825707275573
-1.6088106090836072
2.9341161170221652
-4.964689989957785
3.9381448816320654
-4.283559083679675
0.3284151465268633
-4.905225377232474
0.4879234903133981
5.21205653203107
-3.963795107968708
12.653237329960225
-3.3944887212291435
-3.149898899830112
4.189541270062158
-6.635786948762195
-5.58259326491991
-2.8260348831178526
7.244637868614157
6.91082034972135
-4.006021555885205
11.655098052785146
-5.360041309426132
1.2174984674343028
-5.157757752699489
9.176683375070287
-1.5243628092241477
3.1731017390793292
-1.564915836077168
1.8904285456649939
0.7734250019547241
2.48955557608972
0.08482803939213145
1.3301752641964475
-1.2990596075765595
2.9883873502999507
-0.059376710935351705
1.6733428850522012
5.194539109127473
0.8344545856743848
2.3853450823212445
0.24633203181875846
-0.5665522199067639
5.794002246436553
-1.40658057277259
-0.9958675186091699
1.56755274824403
2.823272412060995
-2.165843379828794
0.06792995300650792
3.3625466323052824
-0.5132649289560222
3.0101656896297535
-0.8804582080964912
-8.219825363485814
-1.6727633954574739
6.09053943302141
-2.180156894859388
1.9005642463427401
0.6649873362865254
1.6969499266544399
-1.5957480992425435
2.504391488309993
-1.7255470297265079
3.078484687512439
-0.885028845181751
1.8878730388417202
3.430940351383052
-0.30470712429238234
4.426295596420659
-0.03512221270408809
-0.9512880880270789
10.637947812715835
-2.067276764914151
-2.701879600142007
0.5351015502874417
4.193717919355483
3.1985026871426063
-0.30064685215342485
3.442491464897143
-1.2708862397465122
3.037542351011551
-3.9108813066488812
-11.80180204706772
13.296410785563197
-15.0
8.48928805309445
4.399823680561724
9.087389908412698
-2.3998722190329147
11.224483379766658
-9.737204071259951
14.109494294818044
4.824109220541412
9.887725875120465
-4.772065871852973
-15.0
12.245413793140369
-15.0
1.080475005506446
6.355717359906677
-15.0
9.797249911667501
9.32751788926114
10.086172648291818
-15.0
-15.0
6.4103218646260505
-15.0
3.6584912364592923
-6.521378919091689
15.0
-15.0
