Architecture: escape_chain
Number of States: 26
Parameters:
-11.633351632171623
-11.653490046345105
-11.663034759246422
-11.657425895725671
-11.65530158890328
-11.664230222460334
-4.4411628621942
-6.0127868539256
-4.648454181400422
-4.640290772408725
-4.22119756568766
-3.680553928586945
-3.8863416137061004
-2.86442240186712
-2.9671140614496347
-2.3320019070045124
-2.189785805407003
-2.1115522517081837
-1.9825180931898878
-1.3313929362698145
-1.4080595330637573
-1.4167451230489763
-0.5863222563708264
0.05445304619096012
-9.305956057236468
