Architecture: full
Number of States: 24
Parameters:
-6.452378487791737
-5.6180582150879745
-9.209265110805145
-5.246149303722831
-15.0
-6.4428800633562755
-4.707431934485911
-5.519038406357372
15.0
-0.5990557936417988
-15.0
-5.3868469158575625
-11.719531369960796
-5.938159051875741
5.6178487869941645
-6.5500780856116965
-9.602090417252663
-5.245560823774008
-4.355174762234196
-5.862366172792943
6.78412296467626
-5.421178700857928
-15.0
7.239419805094277
10.332586762630836
5.44860701172497
-6.937679375581868
7.209586863978617
7.770412157673608
-6.803784757562498
-7.70415408717506
-6.191334095930856
-7.329740841844534
-7.733098980138926
-7.050174130385398
7.394463240569204
8.05686694472281
-7.778367600713879
7.465014573121245
7.044806880869024
-4.577972111631503
-7.947920873099202
7.935728761355559
-7.832785827266479
-7.6241411074332355
-5.216969066512739
8.829643515137944
8.62872728857434
9.199265452064688
-7.456926866866363
8.46576232999211
7.639154523032168
-7.313420539783512
-7.299398118207221
-7.67683085768998
-7.49486052552712
-5.551820569116595
-7.199248133313594
10.301349401110953
8.196778114317224
-6.695286803548239
8.822936776951618
12.898690317998676
-7.53153358378434
-7.979872766929662
-7.603774925545495
-8.172212965520094
-7.757277568746693
-2.8668501210384005
7.372880515159678
9.879255509518128
7.371969310908176
-6.970164207432707
7.879957266248653
-7.709793536944469
-5.980809277937607
-6.433099842452379
-6.666931139441592
-8.535236073725619
-7.915742638101088
-6.618236429006335
8.822750575519263
-7.32466968575919
-6.900197065361027
7.542182978573332
7.964558728144345
-5.6439536328209625
-7.768903748525855
-7.481685589935789
-9.145025162963526
-7.345625578309353
-6.7966748129212915
-6.894758726547145
8.198990279046438
-7.610775128460857
-7.9181582178366385
-7.483167796096278
8.118074381829985
-7.630327053744576
8.370987234689693
-7.199174482468095
-7.760387282103005
-7.7004150709759625
-7.6464632130509775
8.057439906134082
8.358020683572665
-6.935409014157066
-7.53497688369017
8.426896107562142
8.841820887849385
7.518338425716744
8.376713914309638
-7.719798106138738
8.33144195387185
4.1225778142530425
5.477069566744467
7.915064692110344
5.502247892302991
-6.912977958241023
15.0
7.12484212055468
-5.972859262987927
-6.5851909583226655
-6.371419128301958
-6.335783672574856
-6.934775746042182
-6.526207983057132
5.854658315146667
7.688319796026527
-7.788335517269149
6.572420949969339
6.547495756472684
-6.6329336422817695
-7.087353986960988
7.403521035531847
-6.6100017736625185
-7.066575974191549
10.40963322925295
-7.358360711904158
10.795412858718159
8.761015229152568
-7.366947578415273
-7.245019123340753
8.262933453486175
10.09612292161684
9.967587219798538
-8.39606763841595
-8.792639567064786
-8.663008828261324
-7.283203033034482
9.506999412202882
8.706424238037018
-7.984269730007218
-7.729785777605008
9.344012902210897
10.866288078027399
2.5758021211613995
8.207019104377816
-10.011090721597977
8.635682048939318
-8.349668238523238
-6.9658940016045765
10.112348628769293
-7.543449218817941
-7.675781780788555
-7.6267706717079085
9.069319766930175
-7.46140248754853
-7.650021998531705
-7.252261708349837
-6.966133371922925
-7.418002424410461
-7.610530793993869
8.497424709127003
-7.473220685931888
-6.77004652962383
-7.5543851386245295
8.75526331928398
-7.166297344102966
-7.885319368228125
-7.8524145992440655
-7.479092835389293
-7.716141598033012
0.18620087384817138
-7.461666436234373
8.26136306775128
8.962369172013402
-7.300302564905243
8.303783630149908
8.2613464024915
-7.168351395775482
4.862146140832625
-6.787431195856333
-7.031018938202616
-6.804241801127318
-7.539978245612426
9.957160389968662
8.437867552006686
-7.504234219778262
6.958547595249398
8.40968938028873
9.124123655171228
7.060619130637331
-7.55836849621628
-7.993434130482543
0.7600325769810389
2.254374548786473
-10.102360492862152
-6.843862137206492
-5.671449458776887
-6.887358234607292
-6.8262421860986935
-5.235729380212695
5.585359738913937
7.937858670012058
6.344329366642557
14.95707826956654
5.799280328853875
7.892760217289253
-5.254032117660022
-6.095822642905013
5.670133832876398
-5.74145580400072
-4.617826368819511
7.919366628251412
6.7560568134021874
-3.7414969602876678
0.9504868348191249
-6.650573985141067
-15.0
-5.825374027143839
-5.458995939649345
-7.924476477434122
-7.567164875017061
-5.931844427977553
-6.01016782835964
7.188040016441558
7.746297929232222
14.060959477954544
6.193084453446259
6.082420097768593
7.4865802581824585
-6.650992008399761
-6.070281107892993
6.28822906347924
-7.011786230735437
-5.240704263414262
7.918756338033312
6.586921602229056
-6.04612677632751
6.314817162256359
-5.8543982052921875
-15.0
-6.73123735432875
-7.375152190530355
-4.643962677392877
-7.250638360052317
-4.704746730959596
-7.137674693667674
7.842784933505651
8.233100318906839
14.329542357060083
5.996407555846226
6.985460207857917
8.433060938944447
-4.765418590726799
-6.44900113161935
5.946703418760449
-4.721713319338591
-3.8646794750403664
8.22063761254812
9.486805191146294
-6.243408941373083
6.546182958107524
-7.252343671501659
0.4446394506310052
8.28067603666095
8.177464643816485
7.997750318408608
-7.8650161525764455
7.903631895822271
8.228656841961485
-7.739242689531987
-7.791608809917672
-7.160003017129411
-6.10598217129229
-7.383723131864867
-7.010214060122774
7.828904998448954
8.431790706297738
-6.69826157019823
8.10489642739962
7.9491491207072915
8.74008434976164
-7.69281998355516
8.253086477668372
-6.820726266627618
-7.888230472564152
2.973376308705539
7.240551033046453
12.532874292195302
8.14882436724774
-7.179766109105785
7.67694809496553
8.033998132213027
-4.742754528885172
-6.4095630817147775
-8.242241080396319
-8.641604788763765
-8.987714990480704
-6.231793412677295
7.601156623380243
8.86073208149054
-8.533369454530698
7.585651692546009
8.777447592561888
-1.3657439029295804
-8.497654919448447
7.818478141001765
-10.280397545679943
-7.355748744306616
-7.843574824579986
7.769760713231846
9.594529231714537
7.7393226868314136
-7.894353402152867
7.976355542407015
7.998442307865161
-6.808737929799451
-7.436576033259389
-7.421638476309235
-6.341173939141414
-7.091847016236791
-6.802753905143004
7.812228359413189
8.462908113049952
-6.913718824759396
7.912810061475697
7.947633520667266
-7.239466238264086
-7.941037260486173
8.372184481518193
-7.878992172333938
-7.6984652130032885
5.192421395344757
-4.177556510047543
-7.5297876891367235
-4.476111400293356
-7.857906257040846
-5.869097846397277
8.445669249802828
4.680098021155657
7.720268274330897
7.380530910213343
7.307983930374643
7.575879800360895
-7.478528485161926
-6.164255037684157
-6.429642494799835
7.918569398822307
-5.394487092770048
-6.687639044659535
8.462347424631659
8.228521201169833
-6.8340641265970135
7.705271872172222
-7.076944005701558
-0.4139456015650504
7.370575429342372
8.021174944253467
6.844273473702402
-7.794876522651208
6.681412961918099
7.991186458975197
-7.262168364045537
-7.492854996349392
-7.20478466908534
-7.520511715209195
-7.610016064636403
-7.100630128294052
7.452570737081861
7.98715772210817
-6.6869780659508935
7.5987832624547895
7.643539938350515
8.211183197545175
8.221889900584799
8.087826980923907
-7.122518396711644
8.09416109409915
-5.281604848401658
7.007656272494215
11.364301029827104
6.709528962743843
-6.775941815297619
7.255655300095724
8.101037266465584
-5.762034720717785
-6.80205285036573
-5.796168204725014
-7.733512916987868
-7.868291240613167
-6.994632683146173
7.591770964043936
8.072511475807824
-7.718380641835445
7.387289068003287
7.615475062013523
-6.872355763609811
-7.96231233802876
7.76454520340469
-8.104184336507558
-7.715339491180891
-7.33945170943071
8.27959748846676
8.377628761047138
9.218949291635614
-7.631941858636101
8.807771289220431
7.888923542069429
-7.818985441160948
-7.696671025961092
-7.343596986608652
-5.883805794962771
-6.495579246153444
-7.60179690870402
11.129275742510814
8.546901664994476
-6.679777141567338
8.455068202838753
8.767402317626694
5.103212607610206
7.41408982496548
8.21054827883334
-6.952635955620467
-7.884832522778605
-1.7440645417964347
-6.461094063907561
10.483096113176146
-6.5799745717342315
-7.438480562818751
-5.311385229303495
11.293243324434286
6.0340066455474775
9.898720300139914
5.360962578278844
6.3604948358347295
3.4343656424241553
-7.575628896673439
-6.5908127640155705
-4.112256568711869
7.0872016083904485
-5.895904260734186
-5.426254586552398
12.751457060657186
8.067571333636595
-5.911047683951843
-2.0747557137766477
10.58099711699455
-15.0
8.043329899284037
8.150039532230915
7.974913302589529
-7.435358578444292
8.302062267864287
8.10364366849216
-7.071140019670934
8.76617294007416
-7.246877551282259
-7.50798918333329
-7.768226156398547
-7.384517926485809
8.2419425856977
8.316764064695946
-7.876890404046369
7.988159762765279
8.015332599358254
8.576792161906587
7.920615518539013
8.117836062480501
-7.8368503888862575
-7.677439017499914
6.440107121494178
-4.546298091851529
-6.86248002634999
-5.34072300142353
-7.3076651201611895
-5.523061024551479
9.809543814035742
-7.9912682290593855
-6.86914947121025
7.279198615547082
3.88719693156721
3.4062723989166974
-7.507258040549759
-6.604897668115908
-7.142107371449426
7.876167966666355
-6.1940406533855015
-4.908583517965994
-7.7243035684722265
12.86246818781313
-6.880701450129726
7.433956840164004
-6.673194292342701
-3.2438577852233372
-7.310263460809441
8.391445853299055
0.5247592084935446
-7.690327550977139
-7.071212100550408
8.014839724245446
8.696733223750734
8.465460720671837
-7.348652336141652
-7.889138972926175
-6.908606358854765
-7.659225837820833
9.086549489376912
8.357307232794138
-8.05317174432632
-7.662762321630899
8.1658863032641
8.428336118435901
7.751763239887669
8.280181701505391
-8.152303431184395
8.165133710064593
4.274893595201748
