Architecture: k-jumps
Number of States: 26
Parameters:
0.9144394865429489
0.10270389705030913
0.656502449597218
0.7712011972577163
0.022786146912255445
0.5454352985277565
0.3550494345199474
0.854150683414831
0.9585440789450944
0.6486946845187743
0.5172762952006054
0.9765926485486167
0.9444655573729719
0.7415971155370358
0.85157776855844
0.396522141395547
0.011198228636910001
0.8482874174525703
0.3140253111427703
0.5363827579173124
0.0625638943620116
0.09759660204904863
0.49704884086055323
0.06821487153336803
0.3579033999195843
0.09402571245195879
0.14192060138225016
0.5593467800410493
0.4595866749586687
0.10603634697141051
0.6592691253043517
0.3375496785201858
0.12866991988411214
0.35663330269892546
0.9268243550002435
0.6895895002213254
0.4002260014930754
0.44344035549460836
0.7271103134533625
0.0656313590633657
0.17032408924914177
0.33027056935156096
0.8456332558586264
0.3976147373797062
0.81004967384698
0.5500561775067688
0.8644548136402694
0.5335600577316677
0.028183588473617682
0.6132094073293949
0.8687140732527926
0.4328593341137059
0.30567767076152275
0.605376043063731
0.9169650129110494
0.08929795776717553
0.995836910757839
0.9480850864249997
0.7834499331181486
0.9782049064868121
0.7311017754093377
0.7504319821320591
0.9542112922307363
0.6508102392438972
0.15724143774197352
0.944590906935178
0.2003780065748737
0.014283367936177904
0.3655975822673614
0.3643108572627448
0.8678174837679757
0.3780711256820428
