Architecture: combined
Number of States: 16
Parameters:
14.949075674760499
-15.0
14.944349145094098
-15.0
11.70923367054497
-15.0
9.046918718819114
-13.608448377780714
-0.19578928422200836
-15.0
-0.1926287584871711
-10.479179053691047
-0.2260632166394615
-3.8108378347454743
7.411247610243453
-11.529576765142385
-0.19039908171124167
-8.686817896251126
-0.8480871136335641
-0.9268598326500692
-1.3354509941507768
-15.0
-1.3388377764123658
-11.074036052332882
-1.337168299234249
-14.81762065369099
-1.337990315377304
-10.353235572334269
-1.3374203490598024
-15.0
