Architecture: combined
Number of States: 18
Parameters:
15.0
-15.0
15.0
-15.0
15.0
-15.0
9.629688470085657
-14.074664620647928
4.410692054972279
-8.96016412711993
3.7996238132107516
-5.071783519351523
5.348334792783909
-6.5876071180116185
12.359186028681114
-15.0
-5.781115500315281
-11.597935564079442
-12.666843800491458
-12.821257556977478
-14.82694597473429
-14.913513162894837
1.3424966713028363
-7.14473333114339
4.604451258817034
-8.875006574272247
3.9307781951904484
-7.1655169346825165
2.9973131820661805
-4.199386491938084
-0.8005208383011985
-0.028226772527245824
8.572587683297517
-8.11830755954988
