Architecture: combined
Number of States: 18
Parameters:
1.0313927296993892
-7.809467223504726
-1.8251506373355575
-10.072391501189019
2.4724928950915706
-10.744786366430901
-3.432279824855311
-8.646046075092102
0.9674163157908111
-6.898901038519686
1.7753688603695423
-8.451277313290586
1.8464992856448215
-6.877637272565522
-2.2574305293784596
-13.338098696307375
-1.0756467287623424
-13.291829310064227
3.1240763699640426
-8.53179711763537
-3.431560855634865
-6.409190708466694
-1.3359117859714107
-13.03914174232408
1.6593595926924498
-7.333954766075176
2.3023366527321567
-5.411662345641206
-5.654680720276069
-5.194366612605452
-6.924041688599073
-7.91018901659772
2.907711780188251
-5.223119856607329
