Architecture: cyclic
Number of States: 44
Parameters:
-7.655615480135071
0.4713331771211795
0.6277039337432209
0.6099005493558929
0.07752938077593186
0.7447109320184118
0.8374471876871943
0.6376877011370572
0.24913860181013503
0.5207036019186955
0.021854665127229556
0.3346080089916085
0.19987190907886943
0.14535179643419982
0.796819376563513
0.9488355094844401
0.549122184770887
0.16351938147474698
0.9325174673892612
0.5104244701448695
0.5555491447163478
0.6477171741588101
0.45699569598150114
0.10304857924422917
0.34612607481138447
0.8948383131111722
0.6288688811509434
0.04108158217104374
0.6952132632629096
0.038084525235871025
0.3200535414281832
0.21729163118526595
0.34047519999052733
0.9395295262617562
0.07752388672881494
0.7444855921802659
0.3709203511585336
0.6094277197566894
0.30403976140755706
0.449647518074731
0.36893800245303554
0.8599652677499087
0.9024943759173041
