Architecture: combined
Number of States: 34
Parameters:
5.3300636307737355
-6.010742716066655
3.6279673252578464
-7.822277929261905
4.463680896525039
-6.745090007058136
4.931112172152278
-6.268596698976413
4.310486893942036
-6.98496601726942
5.62986754301982
-5.557755219101484
4.290031639057499
-6.698391729686947
1.9458977465547287
-4.06509246673508
2.2590887765866783
-2.3338324307124427
1.3310794498631928
-2.504843012597248
1.4961496487134778
-4.32790384005729
0.9842945029340997
-1.2160547482398705
0.17330332188318104
-5.096826885038058
-0.44750235649894504
-0.8838191442950155
0.22534604701502955
-2.964780337764545
1.0683753794831667
-3.8947534578615177
0.28533908361860094
-11.85006428728292
2.9918442923395094
-4.41002222776966
3.203800499145767
-4.617451713778964
2.539885031092809
-5.382630444735653
2.150227760188627
-5.54570689659094
2.745497127214951
-5.008861714280708
2.886683624669258
-4.263635193262822
2.283544821223739
-4.46392267959767
0.22554385622568518
-4.575727641858232
0.42536319746866963
-3.861587929040001
0.8402557287218233
-2.7430500710452996
0.41355933746589824
-3.279066898652568
-0.03371049635376114
-1.2799535074720032
0.5289489861772751
-1.016203285526876
0.024260145325548033
-2.010625068961762
-1.0547085982556261
0.6414731485728052
4.951333993385405
-5.046638264281003
