Architecture: combined
Number of States: 20
Parameters:
9.880478502901449
-10.111791699032576
9.55981639403307
-10.591424508450304
9.954135629607398
-10.022892961695788
0.6740880105961993
-12.573014945850012
8.208359606820645
-10.611152638302325
8.605535117399413
-8.339755722914193
1.2756511552168477
-3.6112036191723944
4.4708063631727955
-7.207504916345012
1.3880725413678856
-2.9711705928063123
1.7713203085254112
-3.543590038651016
2.0868389081235326
-1.307768070038022
0.6790395911727682
-8.152998601811158
0.4543926381613499
-1.7150618396802706
0.3111118759687256
-1.3441619869755141
0.3721617443820715
-7.551668377233103
-0.3576104868575072
-0.4139944819611064
0.2523243187814682
-6.7751474413645285
0.21797295527581065
-7.762536132216116
8.279563684794178
-7.991279339123505
