Architecture: k-jumps
Number of States: 24
Parameters:
8.61450717950516
-8.361336164013416
4.223678242340775
-8.207877261650992
6.191043189885179
-7.132694932674779
5.62879465521276
-8.818850032930548
-1.2154162862476878
5.99581507993808
-7.705796944125825
-2.5624072842334136
6.363102822010987
-7.47100591974819
-3.6195921365803545
0.3147142218966349
-4.583759215004998
-7.910838153401296
0.2845421011800096
-8.88245085577309
-14.383492720454639
3.514457006404346
-0.4144062684564983
-9.578093787747028
0.8497628995505432
-9.91850989059157
-8.919137624574658
3.9195223122565706
0.7686718701223144
-7.696573127845241
4.903582534527183
-3.792763774900175
-2.6430347957205584
0.08688804237115444
-2.04848133808928
-5.500647814290424
-0.041158771442933804
-1.499569112376596
-14.74234240283169
2.797127678104681
-7.452786454796485
-8.772221227812636
-0.5230422379816378
-0.6442236591160231
-11.396619320953455
8.280180355161196
-12.898555801943912
-7.0572637872222606
9.321324617376508
-14.041037470580209
-2.298146287092914
-0.36758360259424017
-0.46733848506015413
-6.140626584996482
-1.2062704618132922
3.898290392136519
-3.0115501373287232
-0.6550882687273502
2.6523962130845256
0.2056043015568902
-0.2140228372381397
1.6589218733449558
1.1502701296249096
1.3148008386749332
-0.7279754957442478
0.6329388824184828
