Architecture: combined
Number of States: 38
Parameters:
14.469275286976774
-14.795722380908892
14.446377293681685
-15.0
9.134245178905205
-14.83471587522762
0.34393260751828375
-10.500485883110999
0.28578369135536535
-15.0
0.28574672435055115
-5.308847788425913
0.398546176391461
-11.269920400575879
7.792395468363387
-12.20044393638473
0.4443119314990842
-2.195507787460725
0.1831767600811114
-9.452967202535866
-0.44949117439419584
-0.5378513701837156
5.122848381133772
-6.896374862001042
1.794457584731824
-9.79689986410905
4.793202725489646
-8.29774061260033
1.2495721688086212
-8.853725679265398
0.8225082698174457
-10.320597753055551
0.8681978720280521
-9.870974917043382
1.1214817040414529
-8.494272311807634
2.5884764182267967
-9.84548958790363
4.123022308413837
-7.108371186692219
3.566367770750904
-7.275203134655828
1.5706980353809608
-9.364456487765114
0.8814463106454365
-9.022563084401142
2.304485154866063
-8.459967041412753
3.6811689671721384
-6.09249159449582
0.8254758212396247
-5.534744648929939
1.692160024180445
-6.212053180516398
2.672100815582628
1.7910725384772352
1.5238211962965953
-6.102125486687349
0.39528173609140105
-4.77327223604991
3.789184994848106
-10.605756479751891
-1.7474385046946455
0.031111559940252498
-1.3413303155480978
3.056680143815063
-1.2801280453113397
2.372593548520166
-0.6506248408980349
1.360554490242284
-0.29808596840237567
1.3140136285730342
1.5810139670987633
-0.21794613476881627
