Architecture: combined
Number of States: 34
Parameters:
1.7915929663382406
-0.9977029299809788
1.7869583990666995
-0.9409060298492181
1.866313193737487
-0.8048314973758616
1.8050973570616722
-0.7846311035582723
1.7575018694141449
-0.7589577592811999
1.7849380657370466
-0.6256958182577055
1.7768783933295746
-0.5791198715127701
1.8389234299374817
-0.39569400259922854
1.7355651979315463
-0.3468962499336751
1.7403296798959775
-0.399925186427301
1.6265732039327385
0.14777661514385823
2.0258762763831646
-1.4859546450532264
1.437323839613073
0.9572111522942781
2.125664289195869
-1.4370663559879624
1.9585506114766236
-1.7132729548521703
-1.8821242716034552
2.679944429447805
-0.8189233354441603
2.5601338815021766
0.07329619058570327
1.1698897582358836
0.01943588361925181
0.43895679103747803
0.2603696661849484
0.35503227910950697
0.8190174796547192
0.06210042872114441
0.4870339148367513
0.32038311607728864
0.17319373137463434
0.15026757531838542
0.17489212996203862
0.11957206968981171
0.7437410221522415
0.28178356334899746
0.9436592902330588
0.1293121640167123
0.32551993930149303
0.8497379830154261
0.4718500402246011
0.1259182095212782
0.31259034386109397
0.32566718545921414
0.747102013670721
0.6803752363334944
0.5212543252615822
0.037562861532325464
0.15515371512856402
0.8141816983108893
0.6768761599025526
0.4303620926834568
