Architecture: escape_chain
Number of States: 28
Parameters:
-2.944912595111726
-2.891081566333463
-2.833261523148685
-2.7731887176061503
-2.70883283670696
-2.6397712753980067
-2.5657872720496377
-2.485381709448058
-2.398234648401719
-2.302677720026536
-2.1971371644070206
-2.079752304024354
-1.9465824113373529
-1.7930957862808312
-1.6105275630084526
-1.3870912099405062
-1.0986663423581513
-0.6926885027882413
-0.00015280144265251543
9.961019786260891
0.539572364937928
0.676394678626149
0.756620607048506
0.9157101954414791
0.25383126338268847
0.29060575048083226
0.381280843670166
