Architecture: combined
Number of States: 30
Parameters:
15.0
-15.0
15.0
-15.0
11.767058166532461
-14.967861981253748
6.126755222569328
-8.253394585881699
-4.97079166995589
-8.618719242463502
-3.1133215211349627
-10.109533339764006
3.6618447518828363
-14.40156363283989
10.272839340673489
-15.0
2.761770128396757
-7.139730015528734
1.6694858010106175
-7.803603936161575
2.950570407286972
-7.75256719141552
6.832266110134374
-7.381127922900058
-3.2740395786743806
-5.732762544815229
-0.056812089455477395
-4.2225549366833866
-4.243394504334113
-3.7065450388700745
-8.766804928475267
-6.833313032042928
9.884141786140725
-6.250252970480214
9.631743619091452
-7.599302583684872
8.901973205060617
-5.8229002878627085
4.917892991928089
-8.033602613498955
2.6372666698614995
-7.430650560211313
0.530816424695059
-1.3221709979357572
-2.5870755619775436
1.6740601099384278
-2.1329800871440403
2.2366742279120118
-4.08270423184861
4.377590069851287
-1.9400929571527525
3.1651202611091884
-2.079224813161884
2.512942667320562
-3.950543428276529
4.607961545683363
4.843739413366573
-4.011301282201386
