Architecture: cyclic
Number of States: 40
Parameters:
0.00034815182033075617
-2.4406972988090745
-2.236246891522621
-2.2740132682959615
-2.3483206203186264
-2.2259504558288907
-2.453508869521759
-2.2305523557677738
-2.474796096491185
-2.3627966320304505
-2.2294285418029554
-2.216778304852583
-2.4687152171592133
-2.471730265901045
-2.242069798150205
-2.431401591987272
-2.2171541074413486
-2.2224609281095504
-2.425329482801074
-2.2356641257797216
-2.217696653601042
-2.3612788119247843
-2.2196342278262966
-2.2220038160539186
-2.260897718154839
-2.3362324419629985
-2.237261023160837
-2.2293241780825097
-2.3036760048127887
-2.2172114399934735
-2.282636720306942
-2.2820949596507663
-2.3866855615800726
-2.4273574351026643
-2.2238753372974447
-2.4166503211872308
-2.311682169420803
-2.34680950561315
-2.237456850170053
