Architecture: combined
Number of States: 28
Parameters:
0.5713501296017408
0.39134566259129133
0.3515481486882973
0.8891275546284171
0.3842925378565786
0.3719271174816545
0.7829472777859487
0.7518122231247516
0.7770885677581144
0.34939559206063053
0.8402032635351492
0.09389341328476508
0.6952106950252034
0.8495047356136013
0.03624796917716344
0.009558902844639228
0.7422027389248581
0.9100763726764801
0.025232674051486326
0.5669684088236269
0.21401389265405546
0.7015386660963356
0.005816060912656074
0.9435086665195084
0.9654125215049546
0.2970955647367073
0.5951768943635687
0.2911614659274495
0.6586212634722303
0.38603961897023487
0.3613255755058036
0.9455364449849133
0.6203525968053767
0.1209946796876945
0.7426471752143022
0.11493542040304205
0.26134230076712006
0.32053400338309535
0.8557596901428528
0.13020892755369629
0.9128568375421491
0.06485948289315469
0.287977717596012
0.8207404800095099
0.534224648483408
0.30011759622707745
0.3005602870626608
0.13771849382147983
0.612805311712983
0.903826093035648
0.24113682702372885
0.8804001846442179
0.7228486182273148
0.6720096925360483
