Architecture: combined
Number of States: 30
Parameters:
0.37068147634169424
0.41376190905346033
0.2745680056282015
0.9786297593105103
0.42865655511542566
0.8224720671592333
0.24897053798753865
0.08908811729783961
0.5028478812079047
0.38571965634586136
0.38487117831992657
0.573382661373414
0.2729435820678322
0.7921429165559927
0.0912400556080677
0.04541634858784649
0.18360452986949993
0.7871541233816977
0.6545329874253771
0.9693151529739428
0.40950579891342953
0.49644375873801216
0.43129803590179827
0.8511945405524904
0.2603636932620361
0.10162649876564978
0.04939293951713852
0.242785210251674
0.5835850890351842
0.067130738622598
0.15331195553074273
0.43167862365388443
0.6879770158636221
0.20552042241096513
0.691426581662175
0.9541658519398483
0.24340320620239253
0.3727158518170677
0.7230675414039435
0.5128629684319324
0.6157040823982703
0.2606497090299529
0.05797165369774404
0.06070702946823625
0.49670728093153815
0.4265493519073006
0.47867437048178907
0.21773789485085548
0.5795140674323033
0.5775891977137884
0.20189736666696334
0.13876839544653918
0.6600215594807347
0.10337647546448026
0.20991694815734507
0.28657132975946364
0.2203730462994492
0.9128806606481368
