Architecture: combined
Number of States: 18
Parameters:
15.0
-14.954690147638557
14.972488343955765
-15.0
8.17876967991938
-10.080279272544697
3.981915610420644
-7.520593903627083
-12.135909654433073
-10.956137240947623
-14.954855277957304
-13.16635461095819
4.337191899547568
-14.230691806642387
7.458166861693228
-14.177132191867102
5.219676412006408
-11.812072109146234
-10.075088452396752
-12.454143562005546
1.9970807109276296
-12.634659822730198
-6.426791312832684
-13.041170245135088
5.5389849847940535
-11.633851769525752
-8.95658326330896
-13.045434630289549
4.018159853704966
-14.990770878456116
2.3371391054789648
-11.725071140700482
-5.455211604858755
-13.911057264983572
