Architecture: full
Number of States: 14
Parameters:
13.454823826410161
-15.0
-15.0
-7.525037392797753
-15.0
-15.0
7.815651821121745
-2.2297834918433255
9.450579679053686
-15.0
-2.717154725444827
4.272145072979266
-15.0
7.088744434278812
-15.0
-7.240349730991074
1.1568857100356376
11.352466854476335
-15.0
5.096958399117689
7.311167072283986
7.124396466743819
-6.988785423135256
-1.4082517303063122
14.456901475918198
-15.0
-7.345419467448836
11.468686031629655
10.969074105521702
2.847735028715478
2.6989730260245977
0.20301858505400203
0.40532098243926185
-1.61468073606975
-4.522663721757262
3.874976297629646
-6.681448893291102
-6.163237976987697
-6.079834738512603
-1.915104766343963
8.00515467349786
9.369027422218242
6.001077530570621
4.4828102943725865
15.0
-1.7540368742744354
-4.9310240164393155
-4.192160751230735
4.5950397004188845
-7.103103108753027
-6.922264967889234
-8.758504565845106
2.706846045444525
1.7290828599359451
-1.5798874977200017
-3.876865499500202
7.88919224594861
6.901918849895765
6.133905692081033
4.6310190316707445
6.792486365136458
4.934654920626793
3.4746791482888177
3.5346883680057464
-5.912937810499323
-0.37321027486531305
-4.464510991969489
2.436827507422117
-2.0956165545477203
11.964802102002045
2.3162381418820965
-3.3875669856169233
3.075571147505046
4.854664305032849
11.476381669405088
-2.6104695735178804
0.1805758804364122
-15.0
-7.975186625385332
4.036975782394086
0.1114320440776579
-7.41858103008345
-0.0974998755370854
15.0
-7.356694232265753
-8.142806975484095
-7.822839173499549
2.1636746128450057
-6.979180039519277
-8.261158942081229
14.481183596310432
1.1745511898249348
-5.9303268427617715
2.9036115944948326
0.3233807366114756
8.533334261833696
-2.534293618796961
-0.8262038399358702
6.458738100893196
7.379227558293306
8.815633097180475
-0.906625496524035
-2.351023409176108
-15.0
-9.304347949135783
-7.632454277057415
-1.495621268249028
-6.449072462546669
5.742039837792953
-7.752141407296242
-5.6824038804835295
11.102689894579939
10.512468596047986
-6.507146549691142
-3.6556119766045825
1.502015616596384
-15.0
2.614210431902482
-2.4687882576033084
5.446401189560955
7.272018560459717
14.210106428737422
5.239533327543035
4.615487326054667
4.531430506056266
6.82430059591395
6.163977456492055
4.068651650996539
3.6167692522784316
-12.57567944900279
-7.185636089662148
14.342187575126948
7.289699185296893
4.499395879234844
6.431557179676807
-3.468749553083152
-6.808337899729219
-7.120345535211937
-0.49469152464585625
14.823602525795334
-7.236057599141228
-7.068830701130701
-9.146263365760763
7.091947919354055
-6.750051208843852
4.959663231610792
-1.5241730078150808
5.0356372391660145
-7.278997370400109
6.399661504080087
13.712358712635336
4.517704722278085
-0.9848546492406789
14.276223657348217
4.766339025425561
-15.0
5.569035143000264
-5.019331985744832
4.920743496535506
-2.565702820699989
6.953233258441249
-7.643385471741886
0.953258258187835
7.714696913692677
0.8343026059644332
5.797754810461125
15.0
2.223601328782557
-15.0
