Architecture: cyclic
Number of States: 34
Parameters:
0.00016675633697086907
-7.724423996773337
-11.483433101818791
-7.788314860222141
-7.725560493508421
-8.420377974710739
-0.06877102709023954
0.7295161930453935
-8.202895585457455
0.7291114748759813
-4.905363751474554
-8.526822576094652
-10.625685648329412
0.7774084554144176
-6.799482242428605
-6.78457499238526
-6.94616127861018
-8.20453177746091
-6.059047842904123
-7.778991498982235
-13.173983179071774
-11.431945207159929
-11.002677854402332
-7.713068868051162
-11.581189411357718
-7.03929535011505
-7.742859859122326
-9.129972686422876
-8.139509840718986
-6.26862604589718
-8.933701057809587
-8.475282928937379
-13.600749198294901
