Architecture: combined
Number of States: 30
Parameters:
1.4888576230877748
-1.2522751947549562
1.4893316080289571
-1.188414325288128
1.449009045420447
-1.1472154663873038
1.449661209349232
-1.0746758251204278
1.431417892710879
-0.9969789726830042
1.4777294508321956
-0.907665841783303
1.3827348281911565
-0.7387755910138871
1.554440111863849
-1.0043492398924856
1.3066817580892456
-0.1136790601611655
1.6906702138205847
-4.970892304382512
1.4266436369582276
0.176716965791636
1.3426872347547458
0.35992458601298316
1.69001303407602
-2.242656248471711
3.9331368614618167
-1.4218162742909763
-1.8621635738171205
1.5560063049467021
-1.0066359140858483
2.841892791464201
-0.20576694466828463
1.878353717419614
0.45157099697316494
0.7442186861338106
0.6234439147271478
0.3177264018229491
0.15553817737889208
0.3031542376802271
0.25010356772369285
0.07723087085367368
0.5694176031941326
0.9593676986619215
0.5714932840980854
0.5644986352568127
0.7671204638790581
0.1665167641046171
0.6623221433024521
0.4796214501716223
0.6007677802908197
0.26055823687047563
0.5037835352934654
0.45903353155194854
0.03247039841595108
0.8122371192481184
0.12250128120060251
0.8906827928380882
