Architecture: escape_chain
Number of States: 40
Parameters:
-11.166438182707433
-11.1315913728531
-11.168735967844977
-10.969801164063187
-11.202879016135238
-11.172238943594113
-5.836106942240189
-5.832955625750026
-4.335095647210423
-4.046901203742464
-3.7266097257140602
-2.986265366487485
-2.5951572115100476
-2.08614949998724
-1.9221917116179625
-1.7633259887456483
-1.7862276627746272
-1.7636110406828853
-2.1820092265279754
-2.2279568655291735
-3.1959129140807025
-3.1536386541201624
-3.942421313377444
-3.9229692413111867
-9.997048025261172
-5.238067032053967
-9.9950714873204
-5.233254325227079
-5.227503158966031
-3.8893120212772327
-3.481889521203263
-4.200367078120008
-2.702771244482814
-1.8589161563570882
-2.021234468576481
-1.3499142736314995
-1.0021723974195822
-0.07597230305825223
-8.440783772666268
