Architecture: cyclic
Number of States: 46
Parameters:
0.8960147735262957
0.18535046605073824
0.7182390517017292
0.706607664022324
0.8707026005304557
0.8963384155902187
0.8008328771174055
0.9347503220057544
0.1118436562913816
0.8003606850816622
0.874802241225696
0.10521249030637803
0.16250717043483753
0.3556159385792861
0.43764294535033477
0.7217402655971121
0.08476394380802588
0.5762746534844064
0.45715311720841234
0.5247987337007526
0.45633564442779373
0.23391929171470172
0.36018653230941855
0.6482893157263137
0.42035221989955895
0.7635024358832929
0.5171557186719724
0.9854802071698151
0.3662959989580742
0.9021112432390642
0.5256667837155207
0.7370884078276607
0.9299919277176185
0.8763136395573368
0.8170013654194044
0.7873471670658343
0.5830920324852588
0.6231556526857281
0.9355470983948412
0.5489983236386562
0.7816711107756923
0.35072441407015775
0.2653399127526318
0.8188431919219844
0.4913025002994795
