Architecture: escape_chain
Number of States: 44
Parameters:
-15.0
-15.0
-11.901071841775467
-15.0
-15.0
-15.0
-5.499433573150882
-6.1720440152897496
-5.143377359469963
-5.062626442248028
-4.234725310841619
-4.383019425040436
-3.954848342595203
-3.060169067877356
-3.06443902234304
-2.6207152590045384
-2.3095167862856236
-2.4821682625856303
-2.0852564933827153
-1.627385534932413
-1.809818263253632
-1.7764225299674323
-1.3690032115977815
-1.1570051445593865
-0.8196758456007501
-0.7923150043109478
-1.7233539606068926
-0.5016392156391822
-0.2817894898567537
0.0011355160490169281
0.010892220218224722
0.01984754234448022
-3.2358090125518815
-3.2396441134391463
3.225830124634037
0.7675001647261719
0.05543253495129219
0.2320511930604331
0.08779149470540226
0.21484905664205423
0.08206883412167998
0.6825035173041668
0.5225743480300614
