Architecture: k-jumps
Number of States: 32
Parameters:
0.35270121920496833
0.10130432394573463
0.7794336422823832
0.5985901073873929
0.44091425539242846
0.34254967815945336
0.19742992703040496
0.7217121154377315
0.5618467314256684
0.6488012954138391
0.9425838851406395
0.35689658064755514
0.7340452789257175
0.5933935312651574
0.3732201832094372
0.8626310489612276
0.692404726021489
0.9467309414721442
0.7249386060912886
0.6060834099394108
0.0902214055780668
0.644063228039929
0.6177691650096468
0.40409724103045463
0.5870691372080413
0.403101334369815
0.19240239166346984
0.5299758071562779
0.2527305916768273
0.54938838533188
0.08378478001661493
0.6024990319728557
0.0027690173656759187
0.549253659943459
0.190912220155955
0.0014236970227857748
0.5192898761644276
0.5520076111844305
0.15102016687280329
0.6386011993845111
0.22774259338721947
0.5423098886307451
0.4627340981119328
0.9815020780854187
0.27009140698760625
0.4752647876624361
0.061984285790589455
0.6101215856158516
0.7430965163820065
0.48786971420802905
0.3405647642468834
0.971737909902618
0.10870432857657386
0.606940161536045
0.12500326610598578
0.2590149985776581
0.4297882401036187
0.2207783079165777
0.5316125020394594
0.7462463410000579
0.44377243487468043
0.19818621684102877
0.4827445701693449
0.43756076650051323
0.5575875190347536
0.3052660377264458
0.831997674102443
0.9228898312502812
0.7259213329719064
0.9471085047992901
0.503808159553415
0.8604027800161272
0.8513032911650449
0.3680224368279653
0.08643074155709096
0.4767504566015296
0.5538564132526428
0.6836814239538987
0.6002475821764254
0.5269225409682037
0.6646894327568822
0.510879888412135
0.08969890195515218
0.818528275561571
0.8574032622184774
0.5217953003086897
