Architecture: combined
Number of States: 22
Parameters:
14.970089858908716
-14.952558115984731
14.92181281563233
-15.0
14.908448869163669
-14.920650883676409
13.446606836131712
-15.0
4.318805254060986
-6.4491793453139
5.865740139882664
-7.734642228829262
-9.129425045649835
-8.334629365748198
7.8032471590974
-13.435140031979946
13.77383995011883
-14.965465124860549
9.259749288331541
-14.957417608154675
3.027785226041823
-8.159943546887835
-15.0
-11.565601309374225
11.829186852501714
-14.912981374713569
8.497448375370848
-10.659394640320889
6.621693469233547
-8.836918691148153
3.855375454961869
-5.292530793115267
2.5966785479509737
-4.032835247473506
1.1255854317000964
-2.1816744512805677
0.009590233375578044
-0.6525903767803312
-1.5142074889844535
1.4159697671831561
12.84528453643314
-13.551666044407444
