Architecture: escape_chain
Number of States: 42
Parameters:
-15.0
-15.0
-13.745249415832035
-15.0
-15.0
-15.0
-5.514864110508204
-6.207522214541041
-5.108194579274967
-5.097005390425922
-4.233016547099475
-4.372414722822047
-3.954854827452386
-3.0597228023420056
-3.0636380159526633
-2.6202568222330234
-2.3102195341033114
-2.4812692050517624
-2.0861558398505213
-1.6251532360703165
-1.810632564707691
-1.7766924592113997
-1.373648237273496
-1.1555516921403755
-0.8173278097758381
-0.7922323079272464
-1.7256258994001892
-0.49894464067151123
-0.28761505169890683
0.004137640973662688
0.00012495742291909913
-0.01110932959479539
-8.631466711310663
-8.622922342609769
8.616405745010853
0.917709447680329
0.6288339633530794
0.9171907316631347
0.773204807762251
0.08169276410120241
0.8369871888268322
