Architecture: chain
Number of States: 42
Parameters:
0.660030264800416
0.4677241276316071
0.050472174253771485
0.33374880696133624
0.619070497779746
0.7820358325372493
0.9553086453085617
0.4372862406838264
0.9986510701224118
0.3394747760928385
0.4119592122439507
0.9874380718585372
0.24005721583752626
0.5521026913942553
0.6206701372691249
0.34886634306113373
0.9916504520926187
0.5307383746924423
0.42399727466436943
0.9471018335420687
0.29385143324206364
0.26744657692875795
0.8324819515242231
0.250532428950197
0.3626097885431432
0.879730208547966
0.15624505818058054
0.6070036967161061
0.4394358969185057
0.288768883866821
0.536364612800279
0.4838116474763282
0.1803275428872183
0.5914408495884124
0.07446183345244706
0.403835816937234
0.5117219190643248
0.08417951134502899
0.20855673510919925
0.8846364929160988
0.11751465897980551
