Architecture: k-jumps
Number of States: 12
Parameters:
0.17666870755722028
-2.155077743281271
0.16409879666194171
-2.0791002964004317
0.1530729343921002
-1.9165422764461952
0.1350453162333941
-1.7953916469250435
-15.0
11.567880106707321
-5.100891467883227
-10.470546478704984
-0.14993575907519385
-0.8262208397889288
-13.14032350392116
0.32741103424240164
-8.914269788197561
-12.16843136388475
0.3263454448360109
-11.144698877278039
-11.477097115768427
0.32805290627569267
-14.999825453340772
-15.0
-4.384060776878775
12.33268985208864
-11.543644176965959
8.514835322303448
-8.383179793982274
1.1759123708428865
