Architecture: combined
Number of States: 22
Parameters:
15.0
-15.0
14.918858661665272
-14.932382053666874
15.0
-14.958436405913304
4.362539004387864
-14.607440856810445
-13.813106441210849
-13.386414035880675
-15.0
-15.0
-15.0
-15.0
-15.0
-15.0
0.06128333716296639
0.3347721585901247
-0.4304904336177304
0.28889609961677243
3.1487424651261517
-2.921356331799241
3.8681137172023994
-3.762978953995407
1.5998498294871712
-2.577614107847605
1.037805354011177
-1.2405553400571525
0.5469578189480705
0.12398178994286926
-0.06279991196169969
0.6800895211515094
0.06845027468785626
0.7487937653130567
0.8971977187742094
1.279869365170878
0.9090381122312804
0.8065361037666195
0.7834666990836361
0.4115530445394905
0.4741900099656023
-0.11227677317169386
