Architecture: k-jumps
Number of States: 32
Parameters:
3.82626511772276
-10.34217813347756
6.693663251903108
-9.560940595356012
0.7632423066728836
-15.0
6.220477988184543
-9.82470769882264
1.2267973179852725
-12.633307947257881
6.760000240027643
-11.159218243015658
-7.963131667471398
0.9439194938698945
-3.8114207644988536
-14.0938344842109
5.199599766790973
-9.304696383602309
-8.159929476009209
0.4282359500868674
-3.3739769291040473
-9.842789085984402
0.5556324746939272
-7.581344761022462
-15.0
2.611269334675441
-0.4625101874307617
-9.1322623292447
0.1256550668910287
-10.05676887466757
-12.447320128688528
-0.23638075582792195
-1.045708779289664
-15.0
0.4317077573785175
-6.325046112503265
-13.078733130493475
5.127179286971549
-4.672842727511546
-10.724010926531438
-0.6126301286726595
-0.1673839501834944
-11.061472523225397
6.497943667776494
-0.2555343476121185
-11.285779782899622
11.913861729869769
-8.132007424342357
-8.802998154509634
6.387509207503802
-1.2748455300059935
-9.400147157803135
-0.1840840464578971
6.9233252026237935
-8.105125006106832
-1.9394366654670079
5.729211559865877
-2.65455070462787
0.13225065982710776
1.6801314229238034
-0.049786467801473264
-0.05182405011854046
0.7506098256487312
0.5235759688082628
0.39071456645697433
0.7529114934927729
0.6525082959629407
0.8091061892847085
0.20387529130610763
0.9122472229921993
0.4848793844656512
0.037417602855579754
0.7495090936944685
0.6579996695272827
0.6826235222547132
0.49079093282655384
0.15548194754063677
0.6136288731662904
0.920377517691574
0.4370293148531217
0.35143277359790126
0.32217600427755816
0.11666428263468576
0.17315421028921124
0.04351105411687872
0.4683567106209353
0.0930525645499315
0.45162233532827323
