Architecture: combined
Number of States: 16
Parameters:
3.571769037186999
-3.9806587795250032
3.357538610453939
-4.186405329435924
13.7242616820513
-14.941161133553626
5.736311462119803
-12.276316139475572
-3.014908767054636
-8.52536423145159
-3.0250305251294565
-15.0
7.821398574900242
-14.176830533963294
6.0031036395616795
-13.005838084480155
7.225008145653062
-7.080092400048203
2.3936775311065484
-5.862653733685567
-3.772967841527567
-3.6705903171994287
4.1330125228317325
-10.223725777136092
-7.526695737126181
-6.6738196390537565
-0.4014815674279406
-12.964540220798773
-9.264898358143205
-15.0
