Architecture: combined
Number of States: 24
Parameters:
0.6422720792127073
-9.522885701057355
6.231263504702057
-8.266233427032258
0.6310861055572529
-12.499298069521595
0.6364879602625872
-12.218231327414015
0.6320877364165601
-11.286757876635397
0.6584548594299998
-6.880623393701164
0.5990917236657004
-3.7101072199227283
0.6150449087852654
-3.4270941315004078
0.573928105528979
-2.1812377647061796
0.6050546620646624
-3.779649645697982
-0.04249204909699638
-0.11357350450839923
-0.07566732864453932
-8.20696438910496
-0.07121272063908543
-10.554452978675899
-0.10658038406692551
-12.669713564753577
-0.07378483355270965
-8.362948920205818
-0.0743977710376346
-7.847872188655161
-0.09520288927375899
-10.106386759701682
-0.07525413216412374
-8.484589488492452
-0.09701642242566413
-12.371584337511194
-0.06670995236257402
-11.367303993114568
-0.06888427120559672
-11.07062249936015
-0.07051930280984421
-8.025173239014201
6.588456046942706
-7.823370056653966
