Architecture: combined
Number of States: 14
Parameters:
0.6137292823450335
0.25883178786287675
0.7303599801978472
0.36801685309655807
0.6477905633611977
0.590572783860791
0.5519407033826125
0.11719321119675752
0.29290899447228425
0.021341110327792512
0.8718007453336779
0.6830564072983779
0.9740318641357221
0.9844469689898104
0.6515735665988119
0.4618749914141498
0.5045892272645249
0.1940797317163513
0.17892277445277804
0.7914097553904397
0.6836697304996525
0.4145281162688442
0.6288558547951247
0.6630183141836915
0.3528956576010388
0.6604013171257723
