Architecture: k-jumps
Number of States: 30
Parameters:
0.1210173240341742
0.5057698668483064
0.8316107204597892
0.10850015069616636
0.3926636712984847
0.5801430550817375
0.34874608697604803
0.7149132289259953
0.31787943008720343
0.30443387571289937
0.9126528179715339
0.03394008285083805
0.2582689603505052
0.2695913489210594
0.2776177975410291
0.853281599084541
0.2283565227478962
0.4980091748418377
0.6967468935754063
0.7968839751041226
0.6332647952788091
0.9464624834798269
0.724267761733512
0.7728227367849345
0.4021070808603171
0.7419236160366891
0.05419565980691121
0.5932131677730897
0.09533632685645843
0.03825980624912806
0.8646506686930894
0.017106099666478247
0.5517256494377432
0.5321601856418114
0.47702048691005994
0.6774904875819207
0.8067325664927846
0.9396996603104923
0.714342378296833
0.7821946271425029
0.7732781303226176
0.8792569495328542
0.5494892922522958
0.764315322075036
0.6931311937851511
0.6230848306162169
0.24630695435598848
0.8670573996238766
0.04319921131927862
0.012365826944696012
0.8551204418799776
0.5457978668434925
0.6419968816675485
0.6782562665730263
0.17980588465357006
0.8187444304003497
0.8404177605635283
0.608316595644128
0.3370942247725869
0.4890167588616574
0.721358949788505
0.8405208593222159
0.7283626703560461
0.7247945094160804
0.8249360531486827
0.7747192994555152
0.9056985630173924
0.03618475842672442
0.13217058465217013
0.20000161182320297
0.8430318307362125
0.5630878182028465
0.9453635347553921
0.6825504766565819
0.9633353546989105
0.35166303655686304
0.35549022470857394
0.19910772994947334
0.9699908824976692
0.3871728726453787
0.41421153604963723
0.28643655870655627
0.12219598424853961
0.5490751230946013
