Architecture: k-jumps
Number of States: 20
Parameters:
0.9820556447220107
0.8912974728229561
0.46566203669516226
0.1755412715948581
0.9017892461375806
0.20233434567717146
0.044938505387215
0.19831590196125282
0.6384925496444441
0.9931195753396966
0.5812834891390294
0.5397427189803812
0.29268921019558714
0.9810440582515277
0.6683017843059731
0.7870840526184758
0.537912950441975
0.783254710383762
0.8485654515747789
0.34045400458734953
0.007323259003666149
0.24637319920998813
0.8375997191675412
0.6843675947342175
0.2155123953491045
0.7352906459672773
0.3080402713859046
0.7821632504225846
0.19275441920315117
0.04008878921891046
0.4831485959959636
0.6145182844008914
0.7665547600343342
0.14090938130557806
0.5582785097396614
0.2502023628013572
0.11198016246081122
0.054729696432999964
0.56789591228598
0.5266083266794419
0.29317616653008605
0.07474682503373387
0.11752516634699539
0.9435346611827264
0.6824224457865603
0.003105633147695297
0.9480112457522313
0.9304006954864549
0.36820692723750326
0.22932388954511784
0.9774808831138365
0.7468705648590688
0.24150685308494046
0.45772182014587914
