Architecture: escape_chain
Number of States: 36
Parameters:
-2.9442734117955376
-2.8900601238323618
-2.8331612679508
-2.7721806746209796
-2.708020312380409
-2.639130929727441
-2.565052857563743
-2.4850534649594875
-2.397850415699446
-2.3025297481104623
-2.196968452310638
-2.079619084012079
-1.9455404652561448
-1.7912894746773382
-1.6092036072525184
-1.386611616586384
-1.0994063944315702
-0.6929631913221442
0.00019511178149662076
10.411510684845224
0.15385250113478333
0.8264764011697575
0.8599406916793307
0.25482530185750896
0.6868784102330743
0.3564853858791318
0.47471171499272746
0.7109501867683392
0.020529501446529763
0.730684038118773
0.041594818909459486
0.17304508620162062
0.7209477238901519
0.784188267560388
0.06971063375785758
