Architecture: combined
Number of States: 18
Parameters:
3.254120461388128
-7.538615744775339
2.6431225265437757
-10.066446258308538
-2.5491450364629396
-10.62332175761852
-6.018922458256941
-14.131525742506815
-0.12894998452737583
-7.193200886650161
-2.029451247449105
-3.434294626371589
0.06583593574366654
-8.417004592336166
1.27261782366271
-4.275615041082042
-0.2937172486636731
-3.815087027225858
1.3609725791155058
-3.3113058554318013
-2.476393477673303
-11.737165387067256
1.2820777751942722
-3.492240902847037
-0.26013763066071766
-4.828930348778027
-0.7954577763344334
-4.317626709355634
0.4911735184069822
-3.022971723469344
-1.4251356567741782
-1.2596053884563845
5.244139536485184
-5.931220653365608
