Architecture: full
Number of States: 20
Parameters:
-4.9345519518599215
3.117080936333213
-1.1092645274665938
0.5948381824270454
-8.078281184059334
-0.7037274442272293
-8.630650359027834
-5.629754712662262
1.1206422596235361
5.989384409184833
2.3750950056366618
-9.195142236261932
1.3216120164458511
-5.39516512006022
-0.10053012473988505
-3.719927157522268
-3.5305338332631004
15.0
-15.0
2.885728049967899
4.423639217399271
-0.5559185413091859
2.224230475449009
-5.675703226484489
-3.0358526988644146
-4.612841292137019
0.16216310926577027
-1.5102988304764533
3.5856634637491767
6.19005302568999
0.9028740123525405
-1.463982770518805
-0.5401476237086545
11.021787037667693
-1.630198712519449
4.679281453224953
-0.35643230349157484
-7.876473942147044
0.4245874811614549
1.656164679104012
1.0481952772346685
1.5662688807740703
-2.2091921065052804
0.42599427397727463
-3.5799615916294236
2.717746372485768
1.357670144105313
0.7736276238504091
0.6999219320180208
0.5548772366106616
0.6583925839909154
0.741236143935799
2.2606267346580764
0.5742379552551348
4.158401684045419
1.1717329515658013
-4.420675600215358
-0.7612033424486829
-0.42322255767419314
0.9833852087496606
-0.08245007867785502
3.3484809986873096
2.0704481429305477
-5.59103266244234
1.6150797830288957
2.541658134395067
-0.5952657265825666
-0.23330138502582473
1.1290316860299234
1.2897486885440934
1.2524936907473925
-0.027998300824147858
2.7098810265502173
0.3451673374148761
1.190826609084598
-4.279551813816432
-0.2640341118371207
0.44043445438891365
1.3244402424540531
0.4777328197181963
0.43824705702342615
1.0050132598294155
-4.6173704998097165
3.835646564178438
1.7761121265406685
-0.22639867415906512
0.5805738224133274
1.938939119780192
1.3516007227573337
1.3458027919875188
0.7079822305103999
2.285561979541096
1.363938737837138
0.955388679550801
-5.098335466546343
-0.5823881169265845
-0.28001225682613146
0.522837269719226
-0.1167487306230483
4.3409194723970765
0.3944471883200967
9.216558459577888
0.5232063261489903
0.3038849129557422
-0.33900733838901514
-0.3228259575512496
-0.6074224118187203
0.07434052223728195
1.2260573618449297
-0.2892088727797255
0.5017784659422004
-0.18286925456065953
-0.6418420338220263
-1.974918203059334
-0.33612539693260274
-0.22559297382784899
1.0350022978472602
0.6464265583406751
6.074949382261729
0.5387716395840381
-5.648724971937772
1.7151223060130425
0.7278302560643777
-0.21950795179402705
0.3008353731939832
2.0662989115537957
0.30099437794048345
1.1247983214734076
0.04880092571017293
1.1765422805653476
0.5981523980258334
1.9314288957379586
-4.50310823975538
-1.2745314694504244
-0.9270079341230318
-0.5548023389007309
-0.9309583937771958
2.250068455584255
-0.4317891582804202
13.900096052529062
-0.37812332932207543
-0.30747003006198237
-1.1464569102960656
-0.7292821297900149
-1.4436562637120056
-0.3998979355367005
-0.44741550583235945
-1.1029611128011871
-0.0011027803333878827
-0.8248078344225659
-1.561719610490226
11.621031869419676
-0.7802300056129604
-0.43177711166318666
0.8108843750316006
0.1427611320424191
6.9461916577114255
0.8107340756068795
-5.38990617877183
0.6113466652172226
1.7527433414320284
-0.7941082406937984
-0.2802772119933856
2.676953400903255
1.2413472889315198
1.2697198422376874
-0.3657761090459878
2.34105869319642
-0.18262127110961782
2.7747635450600443
-5.73615148617934
-0.40504625382956416
0.008872156244624339
0.4830537755737391
0.5400393041966494
6.40081805892744
1.5172756847761169
-5.129439543695611
2.063274895319806
1.2498736184866073
-0.4326129014753909
-0.06071048447911651
0.7100196916490964
0.95865500991523
0.9052489210227161
-0.2344970602187357
1.394739933509072
1.0926744369968941
0.6641225838445051
-3.5824534468746387
2.613381193871419
2.7592484656791605
0.5858193373645308
1.5637528783774561
-2.5364935732299734
-0.4000304378741139
-2.8128949844171744
2.3330048797882093
0.41435972108617375
3.3095393719336332
1.6885435312102102
0.8317457882636105
-0.003878133441496637
0.02094248443665753
4.989856980685742
0.07309002252495374
1.7384686873115252
0.40448644132005473
-7.304432578560042
0.23905407339102086
0.8086582903575089
1.917475956449517
0.8718555847339611
-1.236712615093104
0.6175887528738516
-8.381293538464515
1.5219615998096245
1.0886334922980825
-0.04548416855157241
3.061285095829308
1.7270158855972721
1.2360403414831556
2.5272926060039964
0.5761003617917239
1.462451615920548
4.822381553027473
1.7009699192856278
-5.624968664456106
13.239467145740212
3.464738613642264
-3.901203873258031
-1.0001479669134923
-3.343433806955259
-4.869994508129609
-2.462799458584698
-2.321129636519175
-3.963435414877343
13.889781183624999
-2.190109577852438
4.8512850521529085
-4.863173011690308
-1.118304497355615
3.5486786855664247
-8.932329482193957
0.07017002385987814
14.551807644096554
-14.004854521236664
-0.25530421467264397
-0.2295278141012047
1.1405328223230848
0.8297798888690584
6.147921177752222
0.7926620508028516
-5.2341840344134445
0.8152631136285725
1.2128982191054134
-0.37147765434648367
-0.06308735856078666
0.8616284192326537
1.3661226421607915
2.26447545807175
0.28963284106532466
0.9825849731452578
1.0201032249185025
1.5000365898069383
-4.531235160182953
-0.4727402903370127
-0.14494601390424744
0.41154920294165465
0.15084453607794565
7.794076587253909
0.5065553481392718
-0.3508118942780353
1.520165756519794
1.3803649102617552
-0.3836079199692689
0.05353495624379111
0.3860840386745663
0.45964003659627556
1.4227952717623202
-0.21052696409821053
3.0776482044632374
0.3503765764119659
0.24786320722200617
-4.843200088924151
1.1185707875968172
1.2243114809879039
2.6138845521206786
5.429623397821941
0.29500674649857944
-0.10350695846577927
-4.615042926343308
0.9351640896083906
-2.385691968516711
0.3897128948070372
9.082451982682011
1.4418303589074144
-0.0571787094042159
-0.32589209460103064
6.93181590399668
-8.44103993204386
3.651993338900022
3.008313928947203
-12.893192216807646
-0.3819814967573569
0.04125275138356473
1.6719743708978478
0.07296015249576747
8.161330060681125
1.4255465104447822
-8.932282258931794
2.0876518765543985
2.4118248292111812
-0.3667612565018314
0.15466545831773532
1.1081684744854667
1.4690887751779187
1.899716264135464
0.014158963126059822
1.5988645847519243
0.13906728482827507
0.815126395825301
-5.0091428974362575
-0.731498800106202
-0.11743736181014895
1.3232286127569177
0.21409009701455578
0.08344042785653692
0.47873993377674423
-4.424743188639174
2.543103305716907
0.6365983570931208
-0.7167493983547187
0.36904646524083434
3.5730061731171023
1.3332016822691668
2.013352156046852
0.14011212288864114
2.815198323636085
0.5198920780375179
2.6909786689348834
-5.913235147531698
4.176880524999845
1.4207279213319448
-0.31060398779391274
1.272962049199845
-2.550895103715784
-0.05665590390760406
-7.567346414847708
-0.384029706482206
-0.6217680818212656
4.067939258558249
0.9360364204170961
13.381965532449023
0.29395282134143574
-2.027955943476716
2.5610604922240223
-0.09408625574135494
1.3979764333149522
3.111533187306065
-11.864899973547407
