Architecture: cyclic
Number of States: 40
Parameters:
0.9309488378970591
0.5186791973789131
0.9041875038586952
0.4961513912319808
0.19991902808151885
0.8070854619510418
0.522016947963728
0.3991314620746188
0.837389931137206
0.33264902679532216
0.4904222741389084
0.15331286936377697
0.4459309060056762
0.023682521412349167
0.5428529518911084
0.4596404976233571
0.2802917195347361
0.5533221482860632
0.4161004661160488
0.78734879758545
0.9859840128125428
0.5116277886163204
0.6690388472516714
0.38391554701935016
0.40776196509338725
0.3596755595118796
0.24087319107800353
0.24840299561878365
0.31732861683773417
0.49629292784952994
0.052683209290373956
0.6515163167932101
0.8445955178397436
0.5053986071000108
0.2941759166178891
0.5517098886511269
0.8788837440799356
0.26464295666097404
0.6485539111025651
