Architecture: k-jumps
Number of States: 48
Parameters:
2.49573817968973
-9.110575480219927
4.105693888775322
-8.440676228134627
6.3645240175511315
-7.225715489629583
4.3157050697083355
-8.439064570336928
3.970187380243262
-8.555826531231707
4.656982587164873
-9.965858079152166
-4.608147885111981
0.6436259160473632
-4.334950897983276
-8.710797612541713
4.398235526445446
-3.5373358467847655
-4.566907173779141
2.8189755572543285
-1.8156204302984262
-5.7402673000189095
0.3013975479349606
-4.162128018387699
-6.909380714242951
0.4410356651405799
-2.818164875809636
-8.284819366270868
0.7408329073167687
-2.449427680795966
-14.41788533827346
2.320062062349276
-13.024183813670888
-11.085318278723227
2.3530131683492015
1.0680692627564843
-14.385741225636943
0.15373175950750875
-11.459200052187624
-14.948986020189244
0.5639132526413442
-0.6113740438956592
-14.186267143206013
-0.06500779887615557
-0.17436128217358499
-13.360610428895878
13.139064629781197
-10.924386342651752
-12.24188424327775
0.6300587854585411
-0.9042816018054918
-12.771916868323752
8.278298476098048
2.390103173283441
-9.576016948351715
-3.5647098080250403
9.758577798220184
-4.385737352027154
-0.08848592836991637
4.520070413320803
-2.390685989213881
-0.24319007875758253
2.7309841184498467
-0.12570707927781188
0.6821017500505722
0.3034401667157204
0.028530477016155954
0.29843574722543803
0.7704849740725105
0.03793545563064001
0.6301014395412975
0.7097731446813849
0.5841829053429465
0.4200490722684234
0.9359881949935391
0.22007290375578817
0.1582778668350112
0.15766756974303303
0.3850623928389375
0.08016176109345853
0.3664622477970953
0.15818469810861294
0.20400352443691355
0.9473081195615943
0.08493658368801353
0.9691501177204508
0.2569971338348879
0.8907418789567618
0.7169218192740866
0.9995690831913518
0.7882465898391692
0.6465542054331412
0.3514451014909861
0.7688800610816701
0.9182964401790875
0.6167560535187668
0.7015939501113304
0.9347230303051698
0.40816846883875335
0.9522665937173564
0.8402426490151328
0.5591176593387475
0.6843088901750859
0.5607963887499361
0.13604947308414994
0.07083452402652113
0.4206360137083093
0.5023502723540872
0.8114696348037753
0.7643633970338317
0.802971620174255
0.6513820200626579
0.5229408297442842
0.39892852486627095
0.6557088990098898
0.747087901010023
0.24987941927457025
0.6320921441043463
0.8553491634554319
0.7015585576226502
0.33158725729842564
0.8530640033221023
0.8064823720734654
0.7622316711237993
0.87523756754445
0.252634058569173
0.25389597812269327
0.11518256804602223
0.47397247347345406
0.21845150732173113
0.9964720377615085
0.9757728815545029
0.1053445416643336
0.5340608567030789
0.08832043700674863
0.24727106962188983
