Architecture: k-jumps
Number of States: 18
Parameters:
0.3628232310123418
0.007820296408294514
0.987826926768004
0.06764130664665835
0.32128115512249966
0.24597391890760523
0.9081568340386436
0.24622986188944573
0.33897484938191336
0.9182764259316402
0.7443199174133543
0.46342042710399867
0.29803734127838766
0.4574186551566589
0.8574312152853492
0.6171103164069293
0.5339577557378388
0.5211696264374148
0.01907899645594291
0.4764247923546754
0.12860904331822787
0.5809041542197001
0.6987448771407039
0.676164077019037
0.44032558347102546
0.8653876145095378
0.061776219455025316
0.4797105608580249
0.5579870110313854
0.9653942546394283
0.05192094519648427
0.33148351717777635
0.31952980361539973
0.3259990169964172
0.680986412819402
0.28708787772969635
0.960037646748832
0.011841935727244124
0.1704702811246438
0.8265595652464932
0.4658323196376979
0.69999337652669
0.048563979953983316
0.9259949747762207
0.6727096144231131
0.9228213706332425
0.588094598420377
0.4674354442723455
