Architecture: k-jumps
Number of States: 46
Parameters:
0.03647801435033238
0.06608732709168597
0.3350869131036279
0.6094613204550929
0.6374945923749921
0.9521032219938607
0.07793835504139135
0.4389179917776882
0.4998571552166955
0.47700557751582173
0.04577751584839762
0.23331516890916082
0.09805453372682793
0.15302326096486485
0.14068589283666144
0.35178536066777677
0.238996893392735
0.10644724568785147
0.7821629244018647
0.0638129850454795
0.9321710077718068
0.2821502570591412
0.6184542056302703
0.9136861571147672
0.9852136481754862
0.5036937779267118
0.3667868900870699
0.12890374609690958
0.2283456067295434
0.1065862961131181
0.001974611002789506
0.14012668640425474
0.7294858965292945
0.7110570182123456
0.7116678245618079
0.8676171148011854
0.6415493267154648
0.129105979406532
0.6595443152158028
0.8814578956955258
0.09719231683564067
0.4378707001646671
0.8912804288414532
0.3818175632484071
0.4011715460160933
0.9103367021338097
0.89036118868096
0.3798951132003746
0.08256984598132566
0.25454023762097155
0.7524033102778427
0.2642139663825629
0.5137787093507143
0.7165628151315838
0.04157112917059236
0.9099018809520846
0.20966480573604773
0.569260107980188
0.4837727916630543
0.076339866476972
0.7891195018808341
0.5187526321162006
0.7554145819359877
0.5881554685625698
0.5161759096891941
0.019912922237191655
0.13552724729434362
0.5409324310517797
0.9276164670280427
0.5251890854736636
0.21815996273355476
0.8262771748310289
0.7924789243129217
0.5681289993486875
0.15657673190424148
0.1250514858173316
0.39741946945155204
0.49695578673301566
0.09546493876169926
0.6231044090321183
0.8685552720529838
0.483641461421791
0.08377188485646081
0.07509596548522568
0.8346740070181234
0.6350741643108849
0.9396433604165698
0.05228696327795235
0.13932731356415273
0.45898901440970086
0.08998473950600405
0.2550490145892591
0.26376281561746984
0.736438679580312
0.46752393939903547
0.5063252536631956
0.9767379394183041
0.46061526899044103
0.6472742515610502
0.04185803075187122
0.8862312384546291
0.848537108076888
0.6174950672783589
0.5492509836232782
0.7278806484809816
0.7025056189577704
0.721548507132558
0.6141381256371631
0.923046446209905
0.12216433545182814
0.4370515593823163
0.8980232834849587
0.1591041186897958
0.005365970047379709
0.628057457621997
0.4252365087619987
0.5824878449439627
0.05759605725030181
0.05598808759427509
0.2989713168550453
0.9619450335848833
0.12835132075677258
0.5397387595623032
0.8595246683313337
0.6308043499621605
0.11684350628843321
0.1648020004338563
0.12365816313340905
