Architecture: escape_chain
Number of States: 38
Parameters:
0.011525561630038705
0.14055877065682643
0.2324151778345407
0.8827374421859301
0.12326601822038685
0.9966271183892106
0.17587655270384295
0.569336656362677
0.4811320977805865
0.9631603223048647
0.39063684025009593
0.8734133685535113
0.2384046769713506
0.5048070923438968
0.019840168588432072
0.9823194641301679
0.5783289280839122
0.6184124556604882
0.685619183778614
0.8964402833401285
0.6418904146442825
0.8584557012629462
0.7075265101016963
0.2517382617364887
0.537459520175613
0.9148392773803556
0.2938415003025465
0.01007509734093881
0.9694806608261736
0.8925439003727755
0.07087403317484464
0.8171177151414211
0.7970866129094879
0.7611244372767038
0.36984136725365513
0.6138266854025409
0.900662438228916
