Architecture: k-jumps
Number of States: 46
Parameters:
6.676032611953752
-7.892228521082858
6.952747339641255
-7.55013558582143
5.2727429235325385
-8.02990302883507
6.222714464905364
-7.256681554469424
0.6965452111004076
-10.579797827242185
5.581160927958198
-8.259313377110917
-4.030258276555175
0.6803996682474841
-4.13047954244992
-10.547536752326433
6.459067523583505
-4.653953839761303
-3.7165233011303362
0.3410719544743071
-3.5556604859601406
-7.455764243329905
8.777416264505957
-4.749896323993164
-6.634073266576432
1.6001250094602764
-1.6415973541396927
-9.320002288459223
0.14914809544970625
-11.993162064315738
-13.345188001311177
-0.08419158450921281
-1.311083695832313
-15.0
0.23835973582458075
-5.395937089853801
-9.990350027500543
-0.21293133769173933
-0.7298991423548931
-12.4701031161352
-0.08326707409399225
-1.0279064387823287
-11.247121124463812
7.905952516978972
-4.984839815624995
-10.667738576712683
7.647302933890507
-0.7982775421378427
-7.732908889109215
-0.3381205119058628
6.203470574719268
-5.505987808723313
-0.21214008623244962
4.147247774303552
-2.1614086744772116
-0.3672658247618462
2.964503386360677
-0.6322223981047373
0.7663823977552419
0.9759020108520876
0.7599149098247853
0.23866151446098982
0.3822476846071963
0.0564976526642188
0.10383273486691864
0.4027988214282872
0.5914299843313652
0.4267772504561333
0.8768516452629102
0.6885588762645716
0.4128260871967471
0.30660444246952173
0.2527116140655288
0.22697628464443692
0.8733834801698239
0.23333289804508905
0.09117339050679382
0.508801892597036
0.3584530120022891
0.03677922700567204
0.11889751985239098
0.7321258564875783
0.69562639565473
0.44571388707050685
0.12871797031504384
0.401867168179194
0.8639211704787796
0.5014614354717243
0.8271660408083513
0.16058924731918123
0.16019367546756735
0.5012350783395251
0.11285225492223205
0.4509522694863808
0.8594060295799425
0.12139918307543696
0.253481637981839
0.5527568495564117
0.23993290453501837
0.757004612982631
0.904818529767573
0.8417815640595663
0.6872324384788436
0.5011206093365522
0.2147289329952652
0.2738908109179182
0.38089360769648817
0.10335271033823479
0.6968144487512812
0.4293629180969881
0.41785916870834106
0.06668049731691073
0.13912328496515858
0.059748832032581634
0.44957710231926673
0.1388158641939603
0.1375613586730432
0.04577936292288187
0.8717148080613881
0.5701835699503948
0.9777601256309993
0.7153290154434596
0.233804414267879
0.6818902493592275
0.0551645460071416
0.3774511357098991
0.25168188438140926
0.3038728850441592
0.5558442676416335
0.39688661481153986
