Architecture: k-jumps
Number of States: 46
Parameters:
-0.03154310845081408
-2.2705196096606275
-0.040767740069021494
-2.1578622331263877
-0.09090270832447764
-1.902772121766025
0.04054026333813273
-6.020708090573342
-0.5260131837293187
-0.7867176802532531
6.872119781657054
-2.986365155089268
-7.355315895598843
8.32818153797859
-5.930411318939492
-5.877637765742034
6.746077339749371
-5.180208386800615
-6.9737614460296635
7.4320189110784955
-2.921075437467768
-7.134088886140306
4.347617164278461
3.209420476176935
-6.8866917764565025
5.400096495703826
1.6613487900954007
-6.705854471438822
-1.8805191414968585
7.055449280135613
-4.189424216626135
0.34899424581228405
2.596344589878543
-0.7944463159818975
0.3048746870773963
1.939653752411573
0.14539606167140853
0.0036061380173221472
0.7473609485940391
0.4476588181802232
0.3619631237996083
0.5676443393464423
0.962337263120777
0.7353503020241974
0.49051068429002526
0.06498977612262494
0.2186667214938446
0.7837262813042163
0.1203181771834964
0.8347585479922834
0.7811766746587002
0.7839828698892927
0.7593061418620581
0.04543259331157639
0.20433231261243862
0.17009223894660652
0.6111793363284468
0.08048423274388494
0.798334889197837
0.35242323976942136
0.8158963564569908
0.7834546053306813
0.0198247328018345
0.24802337401751873
0.61698860905638
0.4812906051165313
0.05866273867688432
0.029832218254525977
0.15387117953841034
0.17222389452138076
0.5301842873674582
0.7620249755110664
0.9799126687810922
0.05249644746519744
0.6940007881824288
0.20193417372212918
0.2826404135746705
0.4590499761807145
0.3921172686187815
0.5062874554899756
0.052562867603834884
0.23451254338636063
0.9081714743058166
0.19371739993249193
0.18541067215903662
0.8186499834490295
0.6713675429929113
0.18420695529729114
0.6806384533501462
0.4211995294722721
0.9841744963338845
0.45550345953794746
0.506103140342949
0.6127020705771559
0.355745876563337
0.6752596009324697
0.5975497117580045
0.6547891423644443
0.6105042079758997
0.499649538871913
0.6180126368270521
0.03492191172939363
0.760096190940797
0.4258854315011533
0.7267309917652093
0.8075932216131918
0.8561219902666134
0.5486204519047123
0.6628528072999683
0.8649468925950586
0.17629088951289207
0.024681739288867965
0.07705829738633863
0.14085624666397845
0.30422793064579023
0.8865156090431586
0.9168078057042239
0.3991960934389409
0.5802760826710005
0.30886338876480957
0.9129753533026982
0.37024674904027954
0.7101572165188587
0.5097922062014107
0.15648749275212692
0.9593516217266169
0.28408017080318615
0.7029913036282415
0.6740480123487192
0.42932802605974707
