Architecture: escape_chain
Number of States: 42
Parameters:
-15.0
-15.0
-15.0
-15.0
-15.0
-15.0
-5.514700109531663
-6.243721447008863
-5.107608571757217
-5.100935831645241
-4.236211730524192
-4.372598463057296
-3.9534315284357247
-3.0603065765695123
-3.0633774397786304
-2.6212500491675894
-2.3117776231151144
-2.481631991863397
-2.085435880902675
-1.6260756036439648
-1.8079708146419058
-1.774736308577201
-1.3702211023280606
-1.1536622139636865
-0.8178345032369069
-0.7922613847116202
-1.7280573335066753
-0.4989633467709465
-0.2887082096625681
-0.004031793149743307
5.9883904724427525e-05
-0.019625467816982954
-7.797817660727924
-7.562170750670777
7.146731376496743
0.8418004567495356
0.3654454862788814
0.7154978586798543
0.5813532293189244
0.22907736080947294
0.394946447288426
