Architecture: combined
Number of States: 26
Parameters:
0.04694805453662554
0.8356619777178813
0.7558925738122925
0.30860286464927933
0.10776972498622617
0.42541560886306207
0.6093419249561319
0.8003181548042255
0.4900717024756639
0.3177894515387425
0.2718002658260631
0.31800423567090885
0.99026174471629
0.9355864931805065
0.6896427729109416
0.030551821343394847
0.6159771406348081
0.45475281456390115
0.45172312046710694
0.10938242754017924
0.5106763510929675
0.6618471285589613
0.49541545849283986
0.7646008799309868
0.6606102171612472
0.6733927977045793
0.05285991626951558
0.715305885974396
0.16041464656193893
0.38033603671754745
0.9555433468994988
0.06942555320677513
0.4906004909118725
0.45604569786718685
0.45403929701791723
0.194441103930851
0.5738063166265872
0.3499546863165387
0.04494546511577724
0.8919440533509679
0.7071079466423948
0.6477157478388061
0.580103844620533
0.06755605965118983
0.08598232111957305
0.01082871535773311
0.8668238474294166
0.04337915672991255
0.9784843740786935
0.033348183871331205
