Architecture: k-jumps
Number of States: 30
Parameters:
8.248762824524343
-13.933797844665664
10.515916603227039
-12.019136131322743
9.315761516446905
-10.908555705722852
9.524888961951444
-11.29492607302144
9.25183384474396
-10.408401232453048
4.384359191852306
-15.0
4.606733108513245
6.043559338318132
0.4954277369084044
-7.6645676571622365
12.713799738450005
-11.190264878555793
-6.7086211637280755
0.14708713435924814
-2.6445778566908027
-12.82744278715549
0.19754968822428343
-2.5448001604886565
-15.0
0.11142440366783778
-2.1186713829900055
-14.135654295948328
-0.7668031459543349
-0.3058600259146578
-8.925772123121503
-5.789375700604562
-12.296976717522844
-1.4590161272765758
-7.209426101877123
0.6392632435858734
10.57176913056094
-5.8199303941683045
2.8847479222770365
8.015846931208529
-1.340699268362648
-0.0006332361751400332
3.751677667493931
0.03725856596841463
-0.4547169434129071
1.6039478646825187
0.7179760507655003
-0.013127358521468048
0.7287888548543711
0.6277954057603367
0.2838408643513452
0.39343938942735773
0.19637574041286873
0.40813872135149565
0.3372404824398515
0.9064119545240391
0.04448402714641528
0.275935750526385
0.3916159308162504
0.1104458408681758
0.15534822935234185
0.03283431646600959
0.9814093805738168
0.41686120523932263
0.19316197103652283
0.28860741764603415
0.3084380292486127
0.329028537677552
0.41864373583759573
0.8046930533764582
0.8187444422199518
0.01633530494447143
0.04103811285032213
0.8866851504860881
0.11486947172317412
0.2705006021873823
0.44704241522100996
0.9515200909112919
0.5955505088498777
0.493026810191641
0.5067006977990075
0.5773564348302158
