Architecture: escape_chain
Number of States: 26
Parameters:
0.4543114654565561
0.005177625099519911
0.3812442096343853
0.362225447790243
0.5723650120746154
0.4599821032554062
0.9069334239737948
0.3412790217292
0.34599847344272294
0.22016159674999158
0.8053563472496865
0.6563408684004993
0.7184284583149468
0.8849872565826853
0.25745885256143586
0.6512125488806613
0.44733546625434695
0.01646354760661417
0.9546365360157715
0.7741046485408756
0.23601663705771714
0.43451159629445846
0.27064341891250576
0.6326052864315332
0.1628368769712515
