Architecture: k-jumps
Number of States: 42
Parameters:
9.577672770628128
-10.382837062206299
6.983678070635052
-7.543253024323965
5.297300026020019
-7.392081556080244
8.551542876258688
-7.132941492128346
-1.8302579913756332
5.855600489018453
-6.6113919362769265
-0.7084596728014461
6.513879333177259
-5.660812731449469
-2.2751010267928455
4.139426620522063
-1.3241480285363614
-3.7573187985942975
4.1636946517686955
-2.103850113226757
-1.707318346805044
0.16713273412759205
-4.295208360745016
-10.330953759124561
2.940107113270913
-2.147855089623274
-6.562841210086645
0.5642814530069012
-2.714761824756299
-10.59547519156988
2.591429803901726
-8.261713024923083
-9.38322874687564
2.212192548019856
-0.8143441937887503
-14.985238345893167
-0.01790561613319537
-1.625751054098136
-14.999800976526181
-0.23731700700324332
-9.602336757023407
-13.348001954298768
1.5413963647310407
1.2479630327211777
-14.942326587843766
14.51481542449182
-12.311269060015732
-9.751566514499988
14.380721441374128
-15.0
-6.257855259889594
1.5069582196717106
1.5285164268889078
-4.117609951717234
11.49159596760486
-10.957777513350141
-5.090072724554284
6.1200588996377565
-1.853916047866984
-4.547643573929002
-1.950242137653858
5.342833745155304
-0.6314159655030748
0.07766070130806003
1.6438868679608638
0.7360549933890042
0.5642463311637245
1.4491307406474843
0.6811869369168346
0.5454414708513643
0.8484473947341041
0.07898580774355082
0.8602981458420216
0.7782360163400998
0.5739986515395379
0.2956000132586267
0.8250339883175882
0.6923847355443993
0.7415396044709487
0.08605905687908205
0.20374508242352524
0.8082582381463899
0.8905827045558358
0.6818920616526828
0.18607776150164124
0.3296237778483529
0.853644696640443
0.00592284429399484
0.12205292310197868
0.11468103229372474
0.7335858623409319
0.7596485747999814
0.7285323319627728
0.5698476052680924
0.6926417377221775
0.5679990184368291
0.13637779239314396
0.8925132949222946
0.9437275275644488
0.18943514678382067
0.31255077071987336
0.04039676621572652
0.3006135160098192
0.6671430035122058
0.14186221465810178
0.5179696712440419
0.043591739333038615
0.18730032533616514
0.20658380879899263
0.6080917645952317
0.34474890549492176
0.1002235386783461
0.6838575444290673
0.632649692187113
0.8633722976389309
0.18291861181614488
0.5527451900787494
0.5387280210173924
0.8370886419356959
0.18402369619280556
