Architecture: combined
Number of States: 48
Parameters:
1.6388084827277731
-1.1273516576210738
1.5844599754059192
-1.1033059318015475
1.5821755180383603
-1.035290026139015
1.6623287314401036
-0.9032993010603406
1.6323594140665783
-0.8446923254995984
1.7003285061931108
-0.7035369533863527
1.77129420407475
-0.5528241825057763
1.5588613218767713
-0.5517628081356727
1.6343152099743483
-0.8089370048722355
1.4064180171462421
0.08202238132222167
1.858235445513386
-3.1455024151246183
1.6009938889190025
0.3812447270813947
1.4479312462431775
0.6604772622764319
3.6585407003174937
-1.3172274865564653
6.752609973072967
3.5388630866213076
-2.3021681781797754
5.78147172073416
-1.2262761225917846
3.1911679281336487
0.42101657130990655
0.48977861779196186
0.8170734362814317
0.22137661362499253
0.24914174863889813
0.7903559873862419
0.48853858293123464
0.730011228517455
0.3052610725877368
0.1821750777903801
0.5910875403703442
0.5360703059912021
0.9288394547319839
0.6240672957259775
0.176996423480683
0.05890090330430209
0.9407851961396548
0.4370314098279485
0.7314038914749953
0.5170171333463417
0.1534581094865226
0.29498007628586753
0.4695375386899642
0.303559582314745
0.7434547172270451
0.6913140697168296
0.25092981443927664
0.518752325825145
0.9597870444840554
0.9708201080056275
0.6420440202600766
0.04156680371845578
0.531506010252139
0.05977504284855273
0.005219234789190508
0.27697267557017347
0.9353224119178113
0.1488398050913876
0.12582742378639555
0.05307040057058654
0.8139957296614726
0.17255793619447735
0.002496360390033203
0.9295163585116234
0.9143582437743887
0.4495526997489827
0.5456173482818922
0.21638589512570638
0.3011628539466221
0.6785022691467112
0.7150632673560146
0.04777645495182592
0.13089185600286157
0.3018212738680669
0.13794099259598624
0.5868545356792185
0.2561650975452565
0.3347699584584438
0.08158455720852564
0.014476966138430858
