Architecture: combined
Number of States: 20
Parameters:
1.4114420753028565
-1.3131788068603942
1.3596636445653003
-1.2895945642899165
1.4014237457427963
-1.1819900924247844
1.3267297525810955
-1.1625664972205252
1.3356225297107056
-1.1162209218993877
1.2488470763532344
-0.8347395709639431
1.3802040043446422
-2.0738298041802072
1.1218828038588184
0.013743382695216069
2.5680439035642895
-7.0766980154829575
5.614088978370605
-4.61434813201272
1.9958352455409212
1.2228011159193024
2.984724554196399
-3.690773265877497
1.8288628926337729
0.9202880175073044
2.9379425511765156
1.1075510073711845
3.1000587721179147
-1.0643194896202024
-2.464220642802138
5.288453227451582
-0.4294123272838263
1.5762523698791329
-0.13502240276546912
1.0951161030031542
0.791017086805322
0.5754106921194767
