Architecture: combined
Number of States: 16
Parameters:
0.9335240056829137
0.7794258517286391
0.39854392132959904
0.7453460207936367
0.496427754833078
0.36500767612057283
0.607407482464558
0.8773478107822407
0.3561286331227207
0.6170425236295497
0.6918754836205935
0.27229079810615897
0.9948779146808839
0.4665897054256193
0.6363098910499806
0.8903649440893421
0.7825593328301257
0.7616218531678721
0.2576493575601472
0.2706891824773542
0.8339587508781152
0.6984371820423417
0.498208932707461
0.15063701656048967
0.9150832522699905
0.6757042182411386
0.7042198816543378
0.2583608374163966
0.3519690603520551
0.09746359305634211
