Architecture: k-jumps
Number of States: 50
Parameters:
5.253810722952818
-9.070680873660793
0.9079154334615848
-15.0
4.857726705407244
-8.897178756417457
6.3694186390542695
-7.980786037689686
0.5642242214854634
-13.410783797252863
1.069459451176322
-14.812102462480983
0.677340301948678
-3.7240543503800225
8.504639117603354
-1.9289593948695076
-13.70698047647982
4.630120154902274
0.5287357065247272
-8.707196174433506
4.495646884646698
-1.6341924772504606
-9.240991805401144
0.29201876048678105
-2.6604076749095493
-12.272096481420867
5.794450603287932
-3.6083819232745133
-9.884517877114622
2.641452803639052
0.185259154854852
-13.027388137449133
-0.10861101366816095
-1.4636278539808956
-13.320901970986453
0.03964707878295915
-3.4402975851661344
-8.685040216252977
-0.8558028061895657
-0.5064080800098019
-12.119746837043508
10.325481952329696
-10.043118062247874
-9.837308912600202
13.527011080336367
-9.262317887445516
-9.947326824236393
5.8852564549043
0.629571748257644
-11.661506504166606
-1.2834507528941037
9.53151884295808
-7.822841067554748
0.042200011146306574
4.453561606489291
-1.8448322431418942
0.7366565747616795
1.5303320941855185
-0.38133019585375516
0.35392771112261145
1.503728327278051
-0.18989418673091563
0.08038906628234967
0.5871521002034188
0.2540382423367415
0.12771658078349415
0.9506265211875248
0.9099040335740198
0.2818136494804826
0.7213392264069864
0.0038232529800087223
0.7991513610816136
0.1991995731256011
0.13845746075851573
0.6916342141386654
0.6248903046721955
0.46179696448054924
0.3893636501380092
0.987108538278265
0.27345178637031725
0.30393459780414767
0.5762061795300425
0.89841291178573
0.09173948650222952
0.5334810586145452
0.5889731739574692
0.16518625808261433
0.3552395930090294
0.9828673313776991
0.7619227382254572
0.2769967201736254
0.23618327984097098
0.7036165801137829
0.21795821683012484
0.4034663669226193
0.3476182705311541
0.24717081072580338
0.43631083126198433
0.32390423214183595
0.3873354048169291
0.38470278729759466
0.66140877422752
0.27284291136814265
0.6157646936382468
0.9765946955704786
0.9288122425225419
0.3622927747079432
0.14633996056174314
0.5810697197668946
0.7527346528783714
0.13273586399093362
0.1137646315430273
0.573774711053202
0.7198078930797746
0.5135300422066877
0.362842900243859
0.6215943926801962
0.6614874484878533
0.5604443290375752
0.2898994795161064
0.3015876673151784
0.3240989396493452
0.3678833817873932
0.5887949441292886
0.6885388803589357
0.5733645692832541
0.39616733168321216
0.6944215493558621
0.14617054968748466
0.07146156515021984
0.0448067691669366
0.9424931991968342
0.47483269857783816
0.22517049408901013
0.37216438521637807
0.9032341142845337
0.7612311880757381
0.920588229035214
0.2509974274453679
0.005581892909478525
