Architecture: escape_chain
Number of States: 32
Parameters:
0.46777909760419634
0.028395724896209895
0.434954614169353
0.6453357061536812
0.5832696637290489
0.810318848385393
0.9637603161156625
0.7200141750929823
0.5732130584500701
0.6485194121801853
0.9478509158672928
0.6130447927219612
0.7953743021835862
0.004911949150242734
0.3894239106432109
0.32053078583831485
0.3177086295744792
0.8402349873773062
0.37212339574365916
0.8055860301276391
0.10980752483503908
0.3404564368384968
0.9614691750308757
0.538185224558641
0.8742682122259141
0.5524847914015472
0.36970944276268825
0.867723257346569
0.08236177194042615
0.23563778314016037
0.6177752819545158
