Architecture: full
Number of States: 46
Parameters:
0.18573844801464828
-0.6376586442861267
4.332767665065734
-2.364045834191612
10.078613523073091
-7.644138996507101
1.2751761931201677
1.2714471584971887
-1.8056124296966969
11.506833721850574
-1.9079401572359926
6.4437346472214
-5.610306568034464
1.478223398341164
8.60380169184946
-0.10197884791478576
-10.053758192279224
3.1371290233390696
12.977195274020751
-2.925324690525226
-3.659102457375501
-0.10227813864602232
2.7404053486010906
2.9982516319041976
3.239357400392921
-1.2738028841983928
4.033698106020222
-2.3700067795521518
0.8160710687847895
4.513222756161927
-1.4939345859310227
-0.3397680221649885
-1.0945031817559088
-3.2385851594856696
-6.620674790003983
7.852520905835875
15.0
10.068124500766773
5.750685340552447
2.8001800942374264
0.891666059352444
4.3282660996409215
-6.35351828518255
-8.953050514964156
-15.0
0.5217683392950038
0.5134405472177935
0.3657077446525195
0.5771385298549047
0.1655610920437022
0.35087613515340943
0.8378746751882854
0.4808714626926157
0.4998347250140747
0.25005818047157063
1.0819000541810115
0.19021994647103183
0.3857740134524962
0.5660842664291645
0.1801397281853865
0.3633082371670529
1.6856987297393298
0.7732111749462244
0.8996388065826753
0.8657989868971061
0.5293962526624001
0.7187365856641122
0.8854182885040971
0.6306082501067841
1.0026441205484726
0.5110107336949019
0.19563006474553368
0.8797469815213927
0.654967658768617
0.06050990142401748
0.5840491584365956
1.3718531159165486
1.055516773244778
0.8277639276247766
0.9198080204438034
0.4784719772779607
0.36757093139021085
0.13446349672994318
0.15497120353941793
0.3537014920981172
0.6326404483669265
0.836924806398402
1.2401971938838323
1.1885519530000148
-1.2801618570421667
0.9404987663954009
0.6659824280536375
0.6039616201447328
0.7465483309141372
0.6171362524273531
1.288021322695189
0.4181910440454524
0.2526856544573356
0.3168980160390205
0.17501967498885496
0.3526976833193661
0.6661460248148734
0.32041072918028524
0.2152233446428887
0.17675868468934286
0.0884755881588503
1.7510759241789497
0.7479363090227804
0.04530041737690944
0.2735701209311308
1.0186224018105279
0.46327588823948324
0.7422189875506415
0.5935485574321464
0.8483472570758156
0.33860824364882725
0.5026273036339076
0.717991828753441
0.576698568467964
0.19546988384846012
1.0830293695953517
1.2658861490660027
0.30184298000447285
0.8945568849482064
0.5033461474772066
0.6571699758671186
0.2597204504358862
0.3931725990736809
0.5444147486309969
0.02822283221640612
0.5330677503050244
0.1805340233354927
1.4651125573107877
1.1900214340727693
-0.42422617281986413
0.35792498284638535
0.8243081018805739
0.3091635361738232
0.113984279680428
0.5946103669881686
0.5860697397325549
1.421202641387945
0.4372049260903009
0.4654432827020992
0.9567280231885552
1.1406961602290733
0.8227035735708832
0.27200181893718167
0.6838819794530384
1.2254556637084206
0.7645825756723333
0.7512842787464126
0.825714442802174
1.241356093554094
0.17089846622659816
0.9348224232251718
0.06308626701432717
0.267668048289258
1.1079285192620356
0.6664985536782285
0.0755345420337144
0.7402695155752292
0.6922341778254069
0.9817046952708932
0.4995469969935217
0.8864667090181625
1.465670625313782
0.18738306933928875
0.7900038643965974
1.3193159124036329
0.6759341348124828
0.7530823023990871
0.5643920251477177
0.9435156115907627
0.26871874429415527
0.25953344404482975
0.4270594174466233
0.922208608087889
0.42978288773767326
-5.838474988055721
0.6047192632926313
1.0622872681073052
0.9891798881800987
0.12694304919554253
0.25414302571101605
1.1120427556395514
1.5094306016245798
0.4875780557415057
0.5184278926176727
0.10724109560588277
0.5967443197732628
1.1748381534020458
0.24894197548557137
0.1845258443597754
0.35505820598175847
0.824999067363336
1.0031167148650375
0.24187897826665614
1.0766416413106341
1.0236890276329464
0.18963360982455324
0.8337639373967561
0.5216571019523026
0.5753879519155751
0.34732103906345496
1.0640539901008466
0.08601375984639
1.1450706640452812
0.8545643535409511
-0.05203784042004862
1.2030782817248784
1.7491559920434896
1.0951531448243597
1.226828299418958
1.00583250636131
0.4850999965102581
1.3630084109169842
0.7040484291363636
1.0698817618447205
0.846016900757888
0.2646477524652595
0.3666312624752502
1.1508555757624443
0.9380988903782074
-6.250932531908716
0.5662687796785988
0.3044827155435266
0.5319921472636753
0.8806062309756915
1.0291829804937904
0.7395647666523429
1.0082138273555057
0.7039161687259083
1.0311369919279731
1.201476228517365
0.8352033019944476
0.48127698561550103
0.8893159291389229
0.7146670560374861
1.2365715946899225
0.4690656797980283
0.6436899462337677
0.9974892281205012
1.0179199882894772
0.3643236823601141
0.5589163973268283
0.2110594296329274
1.257600030994463
1.8069459451978365
1.393396572859656
0.07863663463451007
0.701836711396731
0.8210142897894492
1.2713205588207803
1.0976068570088933
0.46876448445477525
1.780907638614451
0.4474623891190797
0.2661732897358267
0.7896284491860271
0.24745019921816525
1.2158948331616846
0.3862306343809922
1.000986832403637
1.0084446006545758
0.6529350500460437
0.949394683412732
0.603750587788562
0.5282682526941385
-10.51805032404197
1.1872605675219277
0.5023052333349262
0.6335156063847432
0.3754773972656217
0.08103863444775485
1.1138476673289157
0.23524700471962096
0.5952014698363952
0.5668800484326427
0.34301591629137845
0.8594235358209096
0.557597014852172
1.0538393968638204
0.5485412131368947
0.772385060975673
0.7664234367995524
1.631929182607331
0.6862469368699576
0.45839445522045447
0.8097283854132994
0.3365910125974407
0.8855399332099523
0.47118691081052455
1.0547817741004062
0.42080762843891023
1.0391285997932187
0.7920729967550857
1.203986963544994
0.2612112820372219
0.3158573566001055
0.7979385357881761
0.4726645544791803
1.0423129672287623
0.19110159178166278
1.202769175078364
0.974995010067776
0.3699253816976711
0.05441999181371615
0.088218421225587
0.3063354744779722
0.6750765600304228
0.33782038626429967
0.8835969235088579
1.2455239259439923
-0.4009837553950498
1.0556115961240975
0.6024004489343024
0.4340364925495051
0.8679353192979166
1.1620391961207064
0.5102669593195975
1.0377630693360398
0.4303402819706351
0.7553293572052788
0.45898894245108984
1.1036783693160834
0.8917797207645518
0.19896688409072807
0.42945219924639166
0.9065946482939706
0.4620247552815162
1.3194727615539021
0.2759893938788638
0.8141495537565522
1.0134650714815159
0.1886103104117308
0.24855108357693736
0.5236305012213817
1.037522113399615
0.14904005133675605
0.30865494970597723
0.24662036546809984
1.1090033260621759
0.20648672779680083
0.9360015235517655
1.1321328788643505
0.6859295242380707
0.29916999371941133
0.4626777204280077
0.4682843096091623
0.3797979818326004
0.6402133434891285
0.6208225964062837
0.15216897542996513
0.5380144940234868
0.7415123902668973
1.0033198187275083
0.964313559777654
0.3582199387487683
-3.477427941920509
0.6905310198346433
0.283808197872403
0.12897425831950957
0.9914440287780014
0.3341230715241454
1.3782145848454954
0.30013541062463994
0.7385283704942076
0.2595275628761362
0.6397872001191126
0.9219731331698978
0.567310053152179
0.4235326006463456
0.5587097254700149
0.020877719518805488
0.07903509841397387
1.7338048119203926
0.5356009965862409
0.5105124223862801
0.9380068522255623
0.4457324356476916
0.3430476835268004
0.19078546180647463
0.9059090580608652
0.4769367258724933
-0.041090643775224006
0.10205332267495201
0.42991766790574504
0.3702854957477847
0.6424656280817258
0.939651408793595
0.7784869930882969
0.38121429402224927
0.6620202223800709
0.8528246433390636
0.4105255005682619
0.4210243249177258
0.25569526471152093
0.5687709275331538
0.09547221909801064
0.45793080824592
0.5851837406490715
0.7868446595589903
0.8522839173729381
-1.05422065444136
0.4829757810779586
0.1903454085670218
0.9367576702068687
1.5223070110530887
0.005832975099863961
0.636928340097244
0.5984409996236837
0.3844517981792899
0.7256535856466846
0.6065730768033442
0.5845157833884704
0.5695524823641006
0.5710084587392429
0.9726446160725485
0.257276036550613
0.19393676522316478
0.9750597047019874
0.460439426311917
0.5341154783963684
0.6018664154259853
0.44759494795181315
0.15395836527594875
0.9318458424592198
0.9198524119725706
1.052345976606581
0.43377488085834714
0.6536755503608931
0.915099205728725
0.24225704690924105
1.0982090278273564
0.9566030280871639
0.413278651845328
0.8932635729794172
0.0380105643670994
0.8824157310039046
0.6211561632787488
0.045781113291202276
0.3491469296104826
0.33630350471508685
0.6084250681286529
0.4612285207579628
0.5613230640835492
0.33381053098054275
0.9923182974762867
-0.588298337591559
0.9818512556305706
0.5179979976664573
0.6159049811994665
1.0419227640257327
0.879803520281679
0.17061638420417463
0.8396164094536268
0.8427878547268906
0.7424250924291103
1.2257725900157974
0.6200092188293792
0.8790149107743115
0.10784696358062999
0.7056959226683759
0.10621667426184915
0.26044426557386124
1.1804302779244076
1.0792679790862867
1.479033429723051
0.5825480841283902
0.4023493301745249
0.16394266583851294
0.7689597596766654
1.066332725596936
0.8469855811662607
0.6793665694690199
0.7575814819020515
1.2173725111339682
0.9846537581089686
0.587674177003056
1.339261115550338
0.44889255627501595
0.5352302036616716
0.5002380744140952
0.4831588451073617
0.9129379253216349
1.0146483998655438
0.3921065626124788
0.9930030984671699
0.5884799692116232
0.14806697822026882
1.1918035285249153
1.8109277505734827
0.2992339387016247
-8.548061026279395
0.36331899633877174
0.6660996710414979
0.5667264187958726
1.614905583807391
0.28043078136211746
0.48088378239770424
0.7886395082753377
0.7831380911980733
0.876933864341815
0.8431040487872631
0.4172752801500618
0.746223432849809
0.3539761770498498
0.3812303227705619
1.0987610879256633
0.7316188549296485
1.6433243872877974
0.6715075769456671
0.4978556478934548
0.3709465393777178
0.3220623928597897
0.33788321818457484
0.24705167108615864
0.36636458951786427
0.5686950294806647
0.6415698129320752
1.0686204776116424
0.7452551603436187
0.6785864767420676
0.5349639920232359
1.0484011572555407
0.9824393197453684
0.6331509008678675
0.960158047920461
0.7433583819157115
0.6418393560235307
0.10258943006235721
0.9670532200003744
0.8455898235604624
0.44885582798464346
0.22492054522626756
0.15915004024924928
1.2683005726341208
0.6064493091059566
-0.8595024345291333
1.294956948690151
0.25489089561850714
1.3090688019013426
0.8193449992115945
0.26680569501308427
0.4408008391257362
0.4051702763785302
1.1751073849985028
0.521481766629319
1.3503734551928668
0.6191913446916106
0.2999398776511105
0.536733005505102
0.8178979012539106
1.0359697811915567
1.1524642290616605
1.3717651470518128
1.2115388217340244
0.9043957023116415
0.7020224259255787
1.0588550797169016
1.1563075923606145
0.751323866225076
0.626459909930736
0.5481373420280405
0.7337771667741848
1.1917702594387058
0.5538144163174088
1.2032722607593505
1.041906287472448
1.4536185304163938
0.9084318505472158
0.4118911779773199
1.0128594636749668
0.31686246261146345
0.3290580100250818
1.3043379287149324
0.8466673869903892
0.5752914716889744
0.3973244379415466
0.1737374802899459
0.6631456205251745
0.2598308346668206
0.3143854814918715
-7.703173698828144
0.8833735757989162
0.18681721189954395
0.11443871865752372
0.4639840735909596
0.030087560146677312
0.425147133173829
0.6368061370855121
0.5625077652267083
1.0334458014028058
0.7316402962812237
0.6055835833873935
0.13422624523988638
0.3656868392444362
0.26786931344961906
0.9336555490000839
0.13597965960804984
0.6138251599926571
0.15235475155019293
0.6337447613922959
0.7630209466583493
0.1595112330322155
0.21475581851230652
0.45245996878617467
1.0181269216707902
0.14649807427231493
0.44921713655427425
-0.03736522202431584
0.3257769681993402
0.13372736053240403
0.1837360785127738
0.7112207244263457
1.6618185238608754
0.27493913939855774
0.49910667024083255
1.2554008251517812
0.7551783677116409
0.6241637270220992
0.6490555905161943
0.20532083845925478
0.17773399444811472
0.1601731054644396
0.5699163013429384
1.7755717244916736
1.0797393843525676
-0.06401354181914173
0.9682405072348932
0.7961369721862501
0.6498511444559005
0.23938841044877499
1.0234164681947955
0.3474749778531324
1.3221125970319152
1.0270184999189427
0.7621447229953094
0.3159647329895041
0.9901842442707741
0.9407498423399183
0.2731259224665199
0.2441363778925822
0.7980292748695893
0.5387030942794919
1.2809234057696277
0.49990077044869274
0.7969754764809808
0.3678395005266973
0.8141193092004159
0.8432601853742413
0.44229397956290195
0.771491356560123
0.6514621564701182
0.5518397139080535
0.9766464950639491
1.0268906353112492
0.12549818234470042
0.09579866873487815
0.9151042050414463
1.4607705903514259
1.278941937376695
0.6769917434781435
1.1949042891196215
0.6039968186527834
0.42719569670337465
1.1567775818771138
0.6390197627102446
1.0936117492265527
0.47790900431523897
0.5638080074759891
1.1524224093802165
0.8059140575018328
-5.960788660956052
0.29762288238493934
0.7571129392972858
0.8497255567437316
1.7790604838275017
1.2438679308132021
0.7887465043405791
0.7221082211414778
0.5163366585146897
0.4651688046658996
0.787224465995817
0.19932103096337053
1.2636969721268323
0.5170290945987355
1.0457612946301291
1.0326089295303649
0.900008762646788
0.6639064147414374
0.568482625034756
0.8687894266565835
0.7760723545041198
1.0339845683382718
0.6722614357165895
0.9193824713365664
0.42814811291688126
0.6210357030030652
1.0236681289582426
1.3689829014999069
1.157284737180462
1.3280323583734386
1.3576047160772517
0.662882959176291
0.3001428349185494
1.0916228480350874
0.5956420802842202
0.37404547607629535
0.9119509046031946
0.5254357041297402
1.4192562178660266
0.808757074914313
0.7043488996279621
0.48928415762409244
0.7820945897846429
0.7770589479858654
0.9237056020617789
-9.803426468223488
0.7366558594778488
0.4821399431702529
0.5433984214940724
0.47996550677970884
-0.02460721579456426
0.7219309248968782
0.1299504601577056
-0.2055726108909676
0.321237742162327
0.5324879200943887
0.3761144495925473
0.5551072127522174
1.0241910888272538
0.7507987280629874
0.14162652241719195
0.3410880806526442
0.5294398998688912
-0.03931913254478625
0.42222530502870903
0.8256399963605536
0.9917114097257314
0.39015290924141727
0.7182632103282707
0.60258001574737
0.7704939270045927
0.26626207500432236
0.0047452526058285715
0.6925446918412957
0.10119167230816892
0.3387000167835671
0.3328092872505143
1.0662701998178985
0.19336084397368686
0.6227303018638026
1.291946126025634
0.34643203756893365
0.45624604748809916
0.5474016110626023
0.5118873846520624
0.6961315824228991
0.47541271961702136
0.12373275662033267
1.1037393086642375
0.888405566348454
-0.4811636579623262
0.6207175828363498
0.4536323396484897
0.5596365077216008
0.5176477965645557
0.33782396958047284
0.4779052481025187
0.6957234599608568
0.6098252955139318
0.44429912236586605
0.2738151635989665
0.5914795573093792
0.6989374938617711
0.2624135008404326
0.5892754990711614
1.1006311154455566
0.6614244181004005
1.6977662279431214
0.39853198215789376
0.5745332959580057
0.5495686747899706
0.7580228762057774
0.38053705396152393
0.9594179515636757
1.064681508282986
0.7735984700628218
0.5340523670654627
0.8329915404963427
0.25839300271482596
0.3602891373958038
0.6740896516532637
0.7276645040065167
0.5613043844412444
0.14303610198945005
0.49049276953713783
1.0870005337694493
0.9769590268740218
0.38854893606908003
0.8237231772623526
0.18807930772959794
1.0115263325163442
0.06751089050501392
0.3317897486758292
0.8308681379086228
0.4069966079930927
-1.4460484970565703
0.26150551416136764
0.3563326272395607
0.7368876873118401
0.3823571364088501
0.27750495258238245
0.5424017481590009
0.8975135120109046
0.5607984216336682
0.15222845269864876
0.4552548333081614
0.5748534501109034
0.38594543342618637
0.5740091627990123
0.22121175879175312
0.2653984768030545
0.24530185561646128
1.0038259902830833
0.5260336045821568
0.07582389576779436
0.467293930613449
0.10026639815525454
0.2312268020480451
0.33576076075594835
0.5569593030494471
0.46456790029614053
0.639791383922108
0.9560202693014475
0.3701942576028532
0.37802374297940766
0.9412938484952285
0.8280449128475922
0.48067224343700066
1.1139696522571352
0.28811115246076974
0.9632987782816389
0.48904628639616454
0.3405184091210539
0.3848921436018297
0.8457949006247036
0.12037068704981474
0.807737782819327
0.2743504120877369
1.144740336958778
1.2410840852621232
-1.3783096566475557
0.387779530785759
0.07920641970556504
1.0727998379885844
0.8002680604835077
0.8972390724279964
0.47149684757686494
0.47241222499368224
0.8890738047700806
0.8941250874745603
0.2509880075618218
1.0698980718490292
0.8848680651491249
0.23269606026295359
1.211642726949932
0.32487771198004545
0.20540496727014873
0.8428818846730227
1.0209441238495645
1.5069253619880816
0.9579335834119506
0.5517882969921905
-0.037454003517714336
1.1308037158446955
0.5503384917973865
1.3200328297933102
0.4415479969261037
0.8428853513806519
0.9146998662300958
0.35416241455995884
1.8920900034075177
0.9465577440166203
0.8989559926558898
0.5304876438723639
0.20285104482526695
0.18414181463579304
1.3311768606697323
0.5764907051935402
0.4912344057235296
0.2599287661061351
0.791414415707855
0.6583929732261076
1.0265669465604927
1.0892938006282156
0.34465141736887767
-11.365452193006963
0.9594265264541287
0.20544136169234634
0.8304714233588841
1.3186514176988908
0.3882579095224319
1.04928148210998
1.3294602636923138
0.7985486294345235
0.8616476953776052
0.131659603908851
0.6112029245147081
0.4722450725654777
0.7834174372794583
0.3584768437997558
0.41513004362573613
0.09305242156471985
1.6829146974701652
0.7265506656721872
0.19345283360459278
0.6291701824165785
0.4535457404209948
0.25839730981747655
0.09708201135218635
0.739003223669188
0.36258169898905884
0.2543700450121987
0.8778479505635087
0.6554291121688129
0.6167583082914785
0.6263446050286429
0.1529767679991824
0.6333070358370462
0.3879891770939914
0.8888212041327224
0.3707885696451371
1.1737048583152403
0.3191684157908745
0.8787770269745733
0.39218074094294947
0.5850920340525058
0.48889679207322234
0.41674950210821093
0.6748268172926575
0.7435768012727337
-0.6844393042111291
0.6410820024834537
0.9889325908375987
0.3376971600402907
0.8005445818780396
0.9156878638958877
0.6063859484132585
0.09151235292994243
0.6335730807387485
0.9118757978889052
0.13643912848490478
0.3706957031911549
0.17291341280445968
0.5236199614065098
0.7935960204538991
0.7025255268525399
1.1323017408710594
1.5614004766181553
0.10083315322370698
0.10931933973993489
0.29821027670690686
0.9126838615902846
0.8943630476423874
0.78949632358877
0.9680224809773433
1.064422305265904
0.49541231924206475
0.019011586634522775
0.7469353056706416
0.47255120697333747
0.21784581620321095
0.34217302439069464
0.6290515956369032
0.7955757919861286
0.8748041799555145
1.1214931753776722
0.6326521337816835
0.10732982267755353
0.1615414927774018
0.33164122486356706
0.5974191969616344
0.7679667612394809
0.9732017950792186
1.3936086882671104
1.2420264136251444
-0.4920222565365883
0.073195675591875
0.7109758351534627
0.7993926805241416
1.602763719562969
0.30593093068934635
0.656541184580194
0.2481716485146193
0.019992408914272515
0.5295432672165451
0.8181914302494401
0.10305364719423941
0.07120357824688105
0.3453030776192049
1.0711420716054432
0.7270527335252549
0.2746371598262301
0.4431198988750725
0.7821203617994691
-0.09406954190096596
0.3028891244795376
0.5726272911248684
0.14666786492525316
0.0506545183993301
0.9392389555699509
0.9855833565208681
0.034757940456858614
0.4585693868878437
0.5591263133437043
0.3193417649083503
0.19960691137119255
0.8348020675294104
0.6876156305803047
0.555632477103708
0.28024937573237535
0.6954097625105959
0.3157455735067635
0.24425818986167347
0.5765604786961052
0.4860892952586923
0.5980843693663855
0.6783496426357211
0.2978437625057949
0.6664583705070882
0.6752419356955123
-1.0341829089763706
0.4169387259567213
0.6153320181324811
0.9348338251448789
1.4627446128683428
0.10651095924366247
1.3114691697603436
0.07860268139591978
0.8107569343652007
0.5139500285884517
0.25199198432674963
0.716209885753061
0.06440416433527188
0.42003844644246985
1.2245406799086385
0.6001059597724405
0.6159756114922217
1.5920024840638811
0.8663346967302428
0.8271652396338971
0.812700871250413
0.20081756905071532
-0.041951753326796105
0.1874039926117311
0.5518860794547998
0.24419317108790806
0.6698941169355989
0.028874697108904487
0.7110989710446978
0.05985163310357213
0.20832336176551514
0.9389258747516824
0.2788560068289866
0.3023052119645146
0.1416477876481851
0.9544519936930465
0.5723375851428456
0.7929107679402885
0.5934367097468002
0.16625173882816938
0.6672739412487381
0.40821273886801884
1.3848825144978296
0.7804530477423481
0.49601668956389783
-3.1118553319340947
1.1615413484564072
0.538066280960412
0.4851284403520802
0.5472537081959996
0.609418403340889
0.9669927723434218
1.234301030733352
0.2246248789092611
0.571042963824384
1.126836462077308
0.8469628297833303
0.7654152157899331
1.1047493336292473
1.1935647692125928
0.47359938316052397
0.1318438852988397
0.7538190184951419
0.2534333703541361
1.0496491706298037
0.994401276169707
1.0018489890799902
1.1267670787967359
1.2849644812593486
0.2467470593610719
0.6575263523393905
0.35422415389183926
0.471971565827315
1.1595461562047764
1.1593626228945282
1.3303853628469275
0.5370364094647424
1.7249236409501172
0.657485504417872
0.8916616074224764
1.5531673703847784
0.2973268202955282
0.5075407828981715
0.49128444291016193
0.005990095817875204
0.6831280003343194
0.5381987376475191
0.20416512232686787
0.5248423725760478
0.4956097834030115
-4.83689759123281
0.7841555507739107
0.4024782578425658
0.6118207754974104
1.1511566615211055
0.19758147486211752
1.236904033622277
1.0453186735929185
0.21471712012201655
0.6368053774717253
0.09335209602960114
0.30079465558506174
0.22048232856923444
0.4244236742966708
0.3562841061958185
0.9499961994214114
0.07510250404017497
1.8199920886018033
0.03641240274250384
1.1025757439924588
0.8290341849820908
0.34060381530680045
0.3359906169887416
0.5719007147293673
0.7439050713506279
0.3736142089332126
1.0757402079756715
0.6849201764698828
0.34886916648550426
1.1893029623916622
0.5870849384075328
0.21132195677570356
1.3802849752223783
0.3478639836741387
0.6840540981602122
0.20060974828803746
0.7751018912256311
0.534743477912874
0.3404414240182343
0.5187603443090172
0.499796329832883
0.7248803212519548
0.3863351937171342
0.3722255247456985
1.0796580938446831
-4.7297437543315795
0.3656926201439803
0.5203747442217541
0.17381682328554782
0.7630167541456178
0.5899514843692354
0.7341119766904661
0.2009329262267014
0.3959178859097433
0.4446146128431035
0.362923051750676
0.7412370913558157
0.4955847513592704
0.21147299217425786
0.5776148383747083
0.6437919994068042
0.7713087120058757
0.7559255153626944
-0.09034941775473161
0.5468452709937117
0.26675856943911846
0.15995260477341464
0.4251589881517379
0.4056303284982896
1.0819235307230204
0.15399707849111485
0.7021552407441299
0.36693411127941006
0.3165208717131773
0.7302762494303988
0.06269953307400143
0.9221240326844522
1.3454324463812033
0.7717980615707413
0.858598650580554
0.2632701891211466
0.616561147450099
0.47586359089774183
0.2962501583321419
-0.09763001299130315
0.2710510182226763
-0.09606218004958943
0.33723261798133
1.2874776868018543
1.575643565503812
-0.3077333105691105
0.4883268716733094
0.5189209179200758
0.5094153465435253
0.9838862393326756
0.2714386194617576
0.9862920770329664
0.5000078953465152
0.3294647996322712
-0.05379880934495122
0.13559028476380008
0.4655063602062971
0.7611920211900538
0.8208142765191422
0.6791491011862221
0.8215770624235835
0.6197130323889075
1.330860037944155
0.41282692590444614
-0.09370243078919299
0.7592204168205222
0.01881374955477418
0.7524515964043073
0.33250636842268766
1.1272384928177155
0.8164633348270975
0.9397037523816307
0.5145315767321038
0.5907404938411962
0.4453825189898302
0.5950492679551078
0.5209755527456535
1.4137597842541665
0.2832360889649985
0.3185606711560106
0.7425990947021222
0.5965135794221259
0.10872800507814219
0.4702766835199908
0.2738859583251512
0.3824296892480877
0.2629764347665298
0.7039102579604347
1.0942708251999143
0.5161307961353138
-1.7085815721154036
0.028066470367785253
0.670850476106235
0.5904150222070724
0.3633348456312129
0.657706589708226
0.9615030016277093
0.9735716620496697
0.31876674324673054
0.6543430750795957
0.642019930072906
0.6090436437373928
0.9168335335400204
0.9775454666115885
0.9522453759762575
0.3623404211766574
-0.05397109063527447
1.2956223463903418
0.6679841691421552
0.25864584351583986
1.1024111958963838
0.7872512550319571
0.20218446825224665
0.5941295090251432
0.3522373974945971
0.6071016803156833
0.7071039259301795
0.17066251298953064
0.45047960987952806
0.4412922555629841
0.7583091443111202
0.637933920811103
0.19885755609070924
1.024911892393725
-0.03031413179021135
0.6661232857353296
0.8678645621003369
0.023763450124022957
0.19840781769508006
0.005682707719880049
0.13837071703787068
0.13338532041475404
0.2988694941780962
0.7498488844113402
1.010405045262348
-0.9434179898999826
0.24438686569830453
0.1784400910346537
1.205357102759828
1.3592781276270598
0.17176769641636197
1.1691086062201563
0.8405415687300642
1.1192816389204312
0.2517764332445166
0.6878837048959899
0.8816701182529186
0.7028979464296015
0.38769120055816303
0.51360938721917
0.30771075176812007
0.7458947237580004
0.4988009716024343
0.5564522769233806
0.7930126384866987
0.283426074502818
0.49484775273760234
-0.04775619677124842
0.7689154268741655
1.157681283653842
0.2579290429052667
0.718140786586288
0.24815961883691975
0.8290538191937568
0.8567259494406021
0.6311972251383466
0.41084823482011956
1.74360223035198
0.9977956215426277
0.3945317243002309
0.38964653890802914
0.6974069268261935
0.6776978089021272
1.4006225071844847
0.9567427467865257
0.22263112394655127
0.5392141636696112
0.1461827185677674
0.41574966870062663
0.7451948735363335
-2.25216240698048
1.1262455323823013
0.21714627125919467
1.0576980686157016
1.2606272910111536
0.20345294004627415
1.162796024158863
1.0836569771523035
0.9029662148277949
0.4293523578143272
1.085713662354919
1.0220123464811712
1.1129866595540558
0.6160404232990273
0.23327922416648947
0.2177290015792925
0.4886260615528065
0.43446877313608323
1.0708088049085707
0.5557838106315421
0.5514599079242037
0.8791755201542151
0.11577314202749299
0.9342438741229485
0.34085013120749286
0.45495530107399246
0.40149978381746
0.6856997387869879
1.0577255193236796
0.8393955991839773
0.8979510082848458
0.3182654177135533
1.3194579856634587
0.12854440753804036
0.5434527181285378
1.2927339486542744
0.554220496061853
0.6406040371718972
0.7804483622224259
1.1235237385228438
0.47233783097095067
0.07257487758424679
0.6460822780087637
1.2473803343249639
0.08299828274891681
-6.525197681812603
0.8220153921906415
0.3177901552393842
0.26379064767090454
0.7544061144269189
0.7347725515047729
0.7779989640246998
0.8159775038858452
0.13686574484649472
0.9836899630718293
0.18194984353424817
0.2655154481514433
0.19942488421707547
1.0711659987268731
0.5539754638186628
0.2205847555990645
0.6939529277687241
0.9417559166664847
0.23125230510041164
0.024063941466400438
0.47556786036716925
0.31520934196936334
0.8677516642528803
0.5524186618625556
1.1162552913737958
1.0506932379124145
0.612775777874644
0.3586072640951972
1.1678283380157748
1.0243343520617438
0.5056688959534408
0.6047961889506054
0.452157310914718
0.8049929325044869
0.13818808200990323
0.150037348995155
0.05226979144168266
0.08243629204220163
0.06345425757907941
0.12962831764991092
0.08189840743526429
0.4720386901280253
0.7525065730351918
0.5354286986634921
1.0410605816052438
-1.3937443884915046
0.8106445466399617
0.4357253825706901
0.9100320106065961
1.6947459836812637
0.2920106662129847
1.1622384859520605
0.6276914764774473
0.2912111683531714
0.7978321543350881
0.698264610940362
0.9064518890067499
0.37411582347230543
1.0631796502267687
1.4022453597221505
0.6147203271161986
0.36220241912768036
0.3418460491303064
0.33523049200637556
0.282522569900579
1.2145505853728003
0.8346800805752045
0.3254597279691724
0.2659745540818026
0.428095116747159
0.5310481094773126
1.01801181250968
0.15808857054333664
0.6424795207301058
0.2074734671229751
1.184850482866076
0.6904325747516605
1.6530912916898188
0.38379365259274884
0.9631178170429048
1.3872247773227833
0.23309358225229054
0.6636684507070577
0.4780468791196786
1.1674428453083097
0.2482660059296081
1.1077742069831487
0.5424412635436209
0.35523988118128424
0.9845973001246203
-6.4976460937900695
0.2575061440049072
0.6254665094928118
0.5732559255411327
1.0354836908433338
0.504321627631799
0.4591733296408439
1.2434960071586434
0.49825765609010625
0.2302643919168707
0.5446030083806923
0.6605367146493147
0.14663808466541586
1.0512276537109544
1.296480256266609
0.5514817831298445
0.78942429744738
1.6004617447943656
0.10936157901723356
0.5949854829081674
0.2902288701681653
0.22251206340270285
0.3238201542430381
0.995768668061449
0.48902298034940733
0.34170798316867745
1.1005771156141733
0.28123063561331196
0.706806255210018
0.9056554234593727
0.41459016603675874
0.5178539560471164
0.8070114039197859
0.6981309853889393
0.7662008805784306
0.907110217896912
0.8833822808698996
0.3915862619953325
0.440101522067565
0.6141367717982869
0.3066803092402687
0.28484912672974577
0.555993511951822
0.7852654834251178
1.3002181562178368
-0.8053774143530925
1.0628531979663778
0.31062266094191465
1.1566857048360928
0.6301819902143869
0.4200667461370116
0.5485374113351468
0.4495182009846232
0.20257574633209724
0.7289811674919142
0.5588440554760543
0.32986152119257844
0.8490700852805277
0.43770460084490836
0.863948397484931
0.9703911047543096
0.28287049718021584
1.9551597014837847
0.9016632081630842
-0.002520999670615558
0.4271259629902923
0.32366181137300803
0.5788608325893487
0.46759626538834914
0.6895960164062798
0.811878927268735
0.28508923305743056
0.5809187587040162
1.2960814240419372
0.7615235055538828
0.15364528525409085
0.9010234232561933
1.1411607485074007
0.8962394785166059
0.6017679398840087
1.222672527295026
0.473451260800615
0.17264453730295412
0.4285530682600564
0.5456295470596048
0.18285840641041212
0.4013507725659947
0.10966395750231263
0.6465892996453851
1.115919347523288
-0.11546354195376186
0.949782947349594
0.5273048863926832
1.0815460781746316
1.349512396241299
0.15327710519693222
0.8802984544424082
1.2910267223348018
0.3829294225512432
0.3860068357038744
0.17174775134501746
0.507415416438522
0.30498678378783056
0.6910912689011818
1.1438938840694417
1.2366419086668687
1.0661027560916732
0.6313789818536918
0.7396018614300434
0.19512038912640334
0.7909752241712513
0.3382703406391534
0.3487465503201894
0.3811067811935568
0.35543917991772794
0.9836582646390026
0.38919694747637984
0.5918005898765264
0.19657443859929138
0.9356416009950639
0.3188368880853775
0.3237167854684885
0.6273830976749472
0.06289646819799101
0.6697349481251857
0.7702133352932221
0.29261055918443324
0.60675685310179
0.41624327237491526
0.7774150220073427
0.4424056239842736
0.7376536359678755
0.0721836716836863
0.3957513019834011
1.4210339263034797
-0.6963740234712544
0.8222394804626435
0.12646295440669092
0.7982547445562245
0.5907555869367472
0.3984579842215779
0.5924119566091113
0.8953125861789359
0.7327758245724214
0.06937048015549414
0.7789595906122265
0.21201364632672695
0.7691006589185525
0.0818410263426871
0.45435316668668196
0.7534852234316171
0.854692445930791
0.6807858049125048
0.9744048986912706
1.1243552269699746
1.1578693684326058
0.20719782624215588
0.8398227377843237
0.6003159909133219
0.35443050407513127
1.4863728839435009
0.5804619729383206
1.227856982303807
1.2881333926518588
0.569707120318814
0.6517355068247339
0.8775206708004271
1.773817547378642
1.422130910771145
1.3274375227860649
1.0166526042530017
0.5161432135186617
0.42649901497100406
0.7295816775874966
0.8864997189134327
0.5048892231783823
-0.00422213362427035
0.35552697648644227
0.8570711256898614
0.005416016385875413
-8.761424228740564
0.5138973630899631
-0.44071421370886243
2.738896488194033
1.2851425580724336
2.5732568151444033
-0.6265996195016955
2.9808086088146375
0.24558671568089507
-0.27119478182893164
1.6259594034430231
0.249667115267442
1.8887038114477492
-0.7979522303676917
1.1054692076703674
1.2185311168470496
-0.5632925643392186
0.6210261024027293
0.2838207425967144
2.803788551864458
-0.1489687054428574
-0.5712486829127212
0.24325767542763488
1.4168927023773012
1.1965386044519128
2.203432694339057
-0.6070184422906839
0.5321698078148146
0.1499383390859057
1.70339099946718
1.645867367796601
0.6343075161594481
1.342241350473645
0.10855867983043774
-0.6556940807006416
-0.1271531584652209
2.930940737272085
3.868046355012191
1.7762750683482715
2.8058443700046736
0.18980928973100755
-0.292728536573673
2.7779609809930963
1.5007698573261812
-1.0934224165927344
-14.146548296828918
1.2476963028822754
0.8643454512511539
1.4978862783620164
0.6309856262294773
0.9627454726047893
0.8216681801902781
1.3609614303259028
0.8136614685407472
0.738519840201812
0.5409766048460422
0.9090020774570536
1.1657356040865043
0.2338861689318303
0.8559032942197999
1.4757998925258227
0.7583258868030712
1.423765202573106
0.3188819774940508
1.1322696559344319
0.32333479919934943
0.17180312128011443
0.47426206021461587
0.9692473028332442
0.34631163841401996
0.4012058565024656
0.9785188384758978
0.24668785258991346
0.3883015272458597
1.4925838717926199
1.1252070367257183
1.254690091303609
0.8670905342193104
0.9708588959394565
1.1443004988796457
0.2657596707182038
0.4523559903549706
0.8885042031735982
1.649085304318593
1.2874168974711926
0.05307932372451388
0.24621473752355183
0.31417366239952027
0.6723006059208643
0.9234614437836761
-12.51490144870997
0.5882752288744697
0.8439493531233815
0.3812285252058755
1.2502887720585687
0.6505718396509752
0.6704872092896358
0.5224985419184637
0.5539218385094848
0.05603026043782279
0.7217242645760593
0.3757258453019014
0.8337193858693562
1.0417510257055411
1.0662598060492121
1.3158714395265532
0.6742467359762934
0.7585987651734034
0.8789706627911783
0.744024913834998
0.7854515279058091
0.10090157379479087
0.5904546120551925
0.7650304670259981
1.3638735560940678
0.4411915920056389
0.7741882949738801
0.18003520626511268
0.3466323165129807
0.23357744048916737
0.37632157716761616
0.445254225905238
1.6264723908869207
0.246704630656967
0.17312490105403144
0.27193713414634885
0.22324321284696652
0.23488824491720753
0.437040188382565
0.3880206202084238
0.7079251845839309
0.2932832935619224
0.855443219142056
0.6421124623189882
0.9453138456309845
-4.925351322150584
0.37811500967308637
0.8285081976443989
0.9846824534608154
0.15995146207965924
0.6864442032011533
0.8356581606173935
0.8029674714755674
0.15699727168088165
0.3222298148276867
0.7287008801347364
0.9557091380846727
0.3939800574925705
0.7967104667478985
0.06213582647756239
0.45799387636193784
0.12094903424303226
0.5916099640118546
0.03291868018068598
0.0794317247188593
0.5882140419511402
0.844349305296804
0.08799483454328734
0.6276181710941141
0.4818313012592583
0.9133706899166485
0.7345970438530653
0.6023298074820592
0.3196594036714932
0.30527653978513053
0.9837956503169895
0.8837891278087957
0.9972758547228352
1.107663215125082
0.7313921837091301
0.884589411026169
0.9919569984236175
0.8270262604000237
0.7727907935186534
0.3162544595570441
0.7733147956727641
0.5708541801860474
0.7500037980795099
0.9693151159267779
0.36325091393665737
-1.1585891269409154
0.3905408492228568
0.56838310182211
0.8758490025082017
0.47828065776290396
-0.10291564782546732
1.7433539396867608
0.0345925841727657
0.22987130029902703
0.4822883074162424
0.3986469560772402
0.761830709354279
0.31690344320573616
1.185678494801996
0.5878043944473778
0.27817682117628195
0.3143211518528622
1.1619019252284557
0.16110041040515027
-0.05531775683066625
0.4528106827908961
1.1530239001308553
0.16232898734882384
0.8809698882871242
0.3351850477301314
0.6350571423135448
0.4037316947866004
0.2559075853525251
0.3915132598897497
0.3376947084588669
0.985794178659099
0.3510408556938753
0.31497671236307734
1.041945756369404
0.44612201106112365
1.2993744241704686
0.8083348396121867
0.6083108578801202
0.6445735720985155
0.5562773245954125
0.5013641125431707
0.16043666733422057
0.3880591029693778
1.2020916773253358
1.0039145622215517
-0.6846112493293376
0.3351222492595932
0.5770555752025612
0.7252601600252632
1.3215950597884671
0.3632822921494483
0.6442545287660781
1.4227977012804551
0.27626211590860533
0.40255724416666766
0.8213778041552499
1.1871213237893066
0.24277569311642985
0.8715734596905642
0.2418656626715971
0.8765300599954454
0.7124426637143424
1.6637339637291506
0.10190942938846949
0.5278173690363445
0.5157530496024368
0.38162949111187444
0.6984057270244793
0.6925596816045858
0.37715436329058394
1.1338982538720208
0.592612989361206
0.30775060426845047
0.5214619875677442
0.36137544687770023
0.4605920175326201
1.2365710015362241
0.5381182179056534
0.7682670391744622
0.5325560636161452
0.25952633752542315
0.34554242858334466
0.518835022704795
1.0112700561463637
0.20492046980487352
0.6156699094569585
0.699243933409087
0.6175197731092964
0.9007474590349427
0.43053780575442163
-4.597474347948778
1.0244085941334986
0.5680129048380441
0.8760769150033286
1.2569586512188213
0.3168307668478061
1.3485606317628178
1.1067509121183583
0.4033652903036238
0.34035682712191256
0.3490696556814566
1.3757437762829887
0.5927909178666961
1.3115363393918735
0.507728650181786
0.47031083671111074
0.6415053330983506
1.176348151670586
0.9396552834398098
0.6935446630090926
0.6009486557077103
0.8811713260873326
0.38685385780281323
0.9852639817179877
1.3355058138935916
0.7412214049474146
0.8976108915371711
0.7436195534797246
1.1167478165124787
0.6070798543077485
0.8206719465999469
0.7833882397384996
0.7994966691821443
0.2481844294985478
0.879354563945053
0.8132617746114901
0.07645004766212032
0.22746029761669811
0.11711444819907622
1.1494430773703483
0.1634370710893837
0.48683411700064816
0.744487312122506
0.9171285178580996
0.5131102167973383
-2.005698397471791
0.19141009780921603
0.31368279590521625
0.6811013869602546
1.3456236027837885
0.3476721611991891
0.5198404722021127
0.5289394916483228
0.3930153201459467
0.4953612537222981
0.421867094576566
0.8970092165145279
0.7671889394209925
0.11733824787193914
0.27715115405571217
1.0285688300850644
0.24400233906335198
0.4791919412483925
0.43790826703246194
0.651544438920595
0.44791137027189654
1.0881609592310302
0.007321107418150539
0.5942131765062598
1.0571496265440206
0.790403779865535
0.702759834572211
0.2987167937631698
1.1853791083381897
0.25878972636258873
0.8775840364608949
0.3235203238422955
1.0753184157681586
0.2958434134746944
0.04860510361844199
0.6662051408405856
0.21681238178362103
0.5220320182385899
0.27239396357722845
0.15429395560317904
0.6470526991239914
0.4602590005293877
0.3517393706621332
0.25482378968201513
1.0512959596062186
-0.36263356858435164
