Architecture: k-jumps
Number of States: 18
Parameters:
14.63892481361014
-15.0
9.995155331762296
-12.777580370775523
12.555377960589716
-12.820588329870692
4.427071032744194
-11.977561891523683
5.146197225632421
10.796464174199894
-8.718969611902994
-6.4024602669828825
12.983770553249737
-6.494958422894878
-9.126229441772745
6.400064508135865
2.1451794202391574
-10.318567355823534
0.7767731395015801
-3.1080565932193664
-6.687068254432887
0.4992417404598887
-2.0325745771331825
-7.18019973441377
0.5920120296001549
-1.6937240561077918
-4.403514310137472
-0.7497668760517562
-2.370292396598447
0.040967138473630024
-5.913836612107002
5.632238011728552
-0.772356265111474
-4.575148284928486
6.515732068766992
0.9298658738542377
-0.9247444487903311
1.7945405034427375
0.7551837829119041
-0.685262275238499
1.7241927296783062
0.7032260812849699
-1.2362120958341178
1.0056326737738315
1.701507511458949
1.0402368064821583
-0.2558819996582712
1.309762800115008
