Architecture: k-jumps
Number of States: 22
Parameters:
0.35128929121339436
0.23589756451540067
0.3592344215458816
0.6995641576922172
0.12937571421017469
0.7024139268409443
0.19302563710148823
0.14072441510733935
0.7096346312988029
0.9006163443432513
0.4699036190724927
0.09278273519686941
0.42708621595893725
0.24800037312875045
0.2879368457067907
0.1763194458849895
0.10097267639639107
0.6641906700596697
0.4464469573852926
0.262432469394684
0.2909270309411789
0.3999454589276972
0.5065927902996092
0.5829908453124654
0.25642000077212324
0.21425456619654015
0.4531606313573797
0.7797627336418309
0.33089891703750685
0.4149879457849348
0.2638046245884954
0.6728207016839467
0.10886578077652687
0.8601409420101126
0.058216364940062326
0.7018851126820272
0.6565695329322137
0.6306041343887873
0.9186218686687104
0.6723453855078555
0.7714027857807928
0.922135963232724
0.14397696463173526
0.36601891712263945
0.810969491927635
0.12768907985733036
0.977915542233964
0.8763435752681196
0.662789355050176
0.11546990112630329
0.7985238778389167
0.17078448753631148
0.5431414713592432
0.840889754139391
0.44942479232441934
0.00776496153527706
0.44079720036089554
0.432188149544391
0.03222462409038329
0.4804832529248082
