Architecture: combined
Number of States: 16
Parameters:
0.7895683191855221
0.48027694632319484
0.5522740217958578
0.16138896081153253
0.729105698569278
0.5093208100338794
0.7415154614242049
0.7060054367134279
0.14448869302430756
0.17272273182686004
0.47686084479313684
0.7995785258339371
0.2712552633890102
0.0740900904757511
0.8325384541828016
0.70926717509033
0.8528753772962019
0.3327746243517189
0.3888015289674477
0.3988900110187821
0.8817670139482382
0.2341208350032099
0.9999706690150338
0.9113352678261747
0.2569554543366408
0.25183817208180714
0.7282270704665011
0.6838197775798327
0.7703753401964499
0.4671281152260034
