Architecture: k-jumps
Number of States: 20
Parameters:
0.555350231389567
-1.9339662029731923
0.5565486513787267
-1.8384807341213898
0.5668785553235808
-1.851405776540872
0.46647214906754186
-1.3559465787579403
-11.548110093492129
8.847434145935601
-5.380025153364494
-7.265257040852418
0.48785689576867514
-0.9690972090277337
-9.951626273001587
4.553262506535106
1.5600088665181338
-6.343252668277202
0.6224880827373215
-1.8567907879617553
-6.457255389953347
0.2872192539496841
-0.2913605097359061
-9.98218483825666
0.680119785082572
-6.289358894236294
-10.586160452682464
8.454890461995106
-6.04347015720868
-6.395979649470644
5.396411784121239
0.03502338223892639
-6.252848543129888
-0.7901064201075214
5.730566595446019
-2.1209660731267284
-0.4547832849759097
2.6406856373176324
0.02800205249948599
0.06208483148836943
1.6899954357322464
0.27007297229729293
0.10039846202207903
0.3213556902910133
0.17244162502224233
-0.037524280316059276
0.7137763619114588
0.01389692056279809
0.8561498349383041
0.08270552697476134
0.3623973705019434
0.96927305684558
0.3310397921885114
0.9701375054013864
