Architecture: chain
Number of States: 32
Parameters:
0.5878544874120045
0.4952049409061865
0.36465444843481654
0.8353073387841023
0.20653314260602107
0.0704541490021473
0.7688750638414722
0.9796180480547058
0.753546290910445
0.10702918560931107
0.014923503344710487
0.6877931154605755
0.7808198840730401
0.771421904307564
0.7655737003127283
0.3377096619327099
0.9072925832249775
0.8765415077959657
0.806665177045586
0.46773075610034465
0.17249951192023782
0.2723487932570374
0.7237864693217014
0.7666077417984487
0.8881179313278271
0.454169070720739
0.8772815284422254
0.1369470080408498
0.5578678253832907
0.5134998634261634
0.8008177431814913
