Architecture: k-jumps
Number of States: 14
Parameters:
8.17791007759215
-13.139693511443907
7.1603550357637555
-13.118909032965044
-0.07361751979029292
-13.140407448268382
-0.07243625764746646
-14.487331156557456
7.772329922324333
-12.348818097593618
-0.08352950118812531
-14.999935142869045
-11.765708113952323
-0.1282888858590636
-3.411044104467611
-15.0
6.391478771445237
-5.78730050213028
-8.131286598021665
-0.1300418327186637
-6.208697987763939
-15.0
-0.3391826574044594
-1.840279429108953
-15.0
-0.1679961289748297
-12.79126553353545
-14.629796966482814
-0.16583208027921115
-13.642854953253158
-15.0
13.670180617572354
-14.668800919297622
-1.310098873015447
