Architecture: combined
Number of States: 24
Parameters:
8.869945990224432
-14.51487531833202
10.878727637995066
-12.839814163945446
11.365341126767976
-12.442150714059654
10.423814248783755
-13.286596928929624
7.533651226571697
-15.0
2.588027297262931
-15.0
1.013431053581369
-4.023066498381058
0.8888167445177335
-7.750579082644787
-0.10690144713779269
-3.844958521369383
7.7897498611437515
-10.395866984219312
3.4034355636778826
0.1673541591559159
3.3408444204212717
-4.823027189133943
4.968197771321351
1.9278337360252622
6.901217196381838
4.914218906217664
7.6866130874405565
-6.060238455202893
0.6411895157469584
-0.3655314314310246
3.1808861845417393
-14.999972040777946
6.973961682159926
0.39862284934071657
6.612784733245834
6.533480470369524
0.4597320927685616
-14.363733781868445
0.1416429269988284
-10.647940045161661
-4.537158210766411
6.5104015084785996
6.53865581547244
-5.555281797672737
