Architecture: combined
Number of States: 42
Parameters:
1.7332339508449754
-1.0473223542289871
1.7056731066968458
-1.0098180137906714
1.6890824398884654
-0.9547671347978554
1.7227967020401425
-0.8572846754700975
1.6853952780456247
-0.7974418778211645
1.729187431645504
-0.7005135135421859
1.6303740156150346
-0.6507827166328254
1.5212050338878578
-0.6812288716532253
1.6076581704694666
-0.48669668593239485
3.4644305001949536
1.3860573874532178
1.597263366670998
-0.1229361541578782
1.6448963499275207
-0.5681019194925364
1.39355421166955
0.7253530388304812
1.8697523319870613
-0.8056870830455225
4.777801748574812
1.0934489389090642
-2.1925758943733515
3.189459585547058
-0.18787227309550553
2.15418109077539
-0.14560266099025596
1.2346565080162404
0.016535538327787556
0.7118734569907819
0.6026648670709449
0.890930974457149
0.31479900610009315
0.6732659459128831
0.7023263252330351
0.7729945632789411
0.7142506931393402
0.882097416772477
0.8802217874524608
0.8951931334407256
0.9018027261521058
0.5201211078599124
0.32433593276510064
0.678438057744299
0.009612238807262585
0.5482593075632092
0.5816505636556447
0.45603826122399604
0.1487358990299139
0.6130123033549738
0.08323582683791086
0.5483964372326021
0.6960730670359891
0.7589112141734404
0.866852383301613
0.9744127904421196
0.0024192565969601842
0.6002215928998531
0.7774503444210938
0.2184580858926486
0.29966445974480593
0.15711665530817354
0.38674189867871356
0.060152195612973136
0.4294363122151277
0.025713514269144144
0.8994427024500471
0.12519858761631342
0.8885810435056992
0.1031088125495927
0.35985262522368144
0.9072840977517136
0.022713241532279604
0.8732129516094628
