Architecture: cyclic
Number of States: 40
Parameters:
1.09865335316738
0.7124530371457678
0.7118660046147852
0.7109930276866513
0.7141744951556349
0.7130842941956509
0.7111683593242708
0.7142275425585506
0.7100937094513813
0.715529791446091
0.7124841802165287
0.714073254308943
0.7140742738443004
0.7109218747595673
0.7107382586192971
0.7140542915353048
0.7101513809168432
0.7118677270984878
0.7114935508077856
0.7110716944958057
0.7135347078131924
0.7069555149089221
0.7108760332666058
0.7119108179224973
0.7106327545634563
0.7135903454673154
0.7118480989658031
0.7140785917176702
0.7140793735197568
0.7115614435974752
0.7115087251292341
0.7131647224189799
0.7052134570726297
0.7136832190377388
0.7106951483674813
0.7131660344838154
0.7107227539942094
0.7108466513895553
0.7131064926309026
