Architecture: combined
Number of States: 20
Parameters:
14.876020717330679
-14.828496012298208
14.88609028091953
-15.0
13.926729263722393
-14.922745040439542
-0.3407309331129303
-12.865243970864226
-12.457635567089243
-12.747775130487685
14.377156245155177
-14.374106685298145
-14.93499039672298
-14.748911223241084
14.431474407565483
-14.54328929006103
14.409292196463168
-14.392397741448354
5.858243143496151
-11.098835107570821
3.3584839445508905
-5.546541496371666
2.1226949426456176
-0.8871512221367208
-0.24783353868294686
-0.7744526240626164
0.3835723389133175
-0.6366536461145352
0.15385103537294967
-0.41298057671712857
-0.024919262740813415
-0.882555053593181
-0.7573753697458522
1.9409403605222568
-1.0710246277954345
1.827928420831123
0.6173731397450731
-0.16310163667928806
