Architecture: escape_chain
Number of States: 30
Parameters:
-2.9428722103007265
-2.8896139651277384
-2.833602353640034
-2.774350252123906
-2.709029157494282
-2.6395467762942917
-2.564597969247503
-2.4851940747256354
-2.3976850917026877
-2.3019906891408985
-2.1972939742895874
-2.0790966693286292
-1.9458831321014012
-1.792276408917837
-1.6097485988452076
-1.3849830845977744
-1.0961958504832556
-0.6962373742536982
0.0006986571607550695
10.712950566977367
0.7903161686139082
0.3509087761277335
0.5424115026608428
0.011202424404064815
0.8093285574172457
0.05139764304035803
0.2210781276318566
0.8807015327178134
0.0036283123516646087
