Architecture: k-jumps
Number of States: 22
Parameters:
15.0
-15.0
14.304544164546789
-15.0
10.701221659606118
-12.19177757307026
10.165594093887947
-12.479179676028087
3.327650987845192
5.206856672334045
-11.114358144823763
6.010429749001725
10.760996655540396
-8.787051499262429
-5.334505571930325
10.767724112836907
-6.000860012288509
-8.689740101689132
9.306506000610456
-3.152921374491791
-6.487795624275922
0.9421192108594695
-1.8200003867981782
-1.9562575246177474
0.5189468405771128
-0.8748872638599602
0.02333597802914772
0.41267434413814297
-0.5800840790178415
0.6264369515192276
0.29834849948465303
0.8717683374535062
0.4991242545442648
-1.195188375803044
2.009591856304684
0.8038560395384853
-0.18007004257296977
0.6023791259931085
0.663876579533499
0.8750691091829288
0.1837637211512791
0.595970012055057
0.07074693302254587
0.45225981838151924
0.6062478264493281
0.3744522162892932
0.7339930402696804
0.3973593898659821
0.22673787939506776
0.9255051513284304
0.8319133192063529
0.15738999306719983
0.45718854757780325
0.43442148840662315
0.8265271211206202
0.9668045020923774
0.056971209684763914
0.491091957648668
0.8249875875052078
0.42482237967628467
