Architecture: combined
Number of States: 20
Parameters:
15.0
-15.0
15.0
-15.0
0.2841541712474426
-15.0
0.9146776510237006
-15.0
0.7945037610089742
-15.0
0.334666801082228
-15.0
0.8360216792814159
-15.0
0.660373243153244
-15.0
0.06467739307563247
-15.0
0.6038548870144054
0.1569078311703329
0.6447757267404333
0.12447932074932966
0.876737617124456
0.7918214720568292
0.4386432273979176
0.3943682292385662
0.9261444441192753
0.6986154652111969
0.49554215151862024
0.02016688697007596
0.7639217693807373
0.6499921137398963
0.16308206655851032
0.8549834328607242
0.7374125653015572
0.14950867325030703
0.22029981323722325
0.5259929081611935
