Architecture: k-jumps
Number of States: 42
Parameters:
1.0987046310003685
-1.558120165112852
1.140839037784865
-1.4536607587554737
1.1075460673986757
-1.401564327579931
1.064366368567376
-1.3264622795302863
1.0905940695095995
-1.4242781692964666
1.0335777133093023
-0.7347447120047461
1.2715793680816085
-3.6508043154616026
1.0439293151226745
-0.20416538287991717
-9.518055746146663
1.2687308109975002
-5.125667572691
-9.282602204579836
0.9349304732314174
-0.0029571637628709904
-10.658216884301396
1.0452482214121015
-0.5679017106953042
-9.690004057126202
1.1781516972807453
-2.961026593964735
-6.991814861723243
9.188249878694059
-3.623374359041964
-5.73846924453678
-2.4054810786392244
7.056723413522279
-3.9913736300733462
0.03272632179621028
2.0012189062933134
-0.7385591142997123
0.399592089177703
1.3751951758796894
0.059495559329610176
0.12769695707061832
0.8643287576062192
0.17571915976618435
0.5288634108038557
0.5439609823073358
0.6384795417815411
0.6114416198002506
0.2558472515617931
0.9351722510761774
0.6776648449241491
0.4226752928501071
0.8324663387999413
0.59437984661214
0.9552190109509251
0.2681084826547938
0.038570805305174316
0.24702875954478998
0.7370336780331772
0.08126661588496276
0.5923985797666057
0.5731660003348632
0.22155753778395715
0.8029568387057218
0.13980137090721445
0.4948778917831361
0.03082626778982378
0.005193550039329864
0.3610348151086271
0.1257190872766707
0.8999999715252742
0.502143614477962
0.6502813798560829
0.04995334803316198
0.14464737420181772
0.32312767747956517
0.6292097795209062
0.9660481877949036
0.8761312088427687
0.32015698356119293
0.36605440483751783
0.2062683534468579
0.7631074247437605
0.8374328581395135
0.6948386816080468
0.582361444600812
0.9234433710671085
0.2857421593226448
0.9929184904203384
0.23521639695296093
0.9836172410983512
0.01629057183701932
0.2660230416245887
0.05776894061350957
0.9576655862779503
0.5056135004747253
0.04950963965076405
0.7866982275516544
0.6241728851569269
0.3498564033401602
0.7350352632486822
0.2686591494939039
0.9857748168975293
0.45718079345762985
0.7806535104170116
0.25283201335826655
0.3744437610412683
0.029450190689260025
0.30977144971095527
0.21856334297140545
0.39997164304751975
0.830354821174663
0.7199593249362107
0.6604829966137635
0.033249452836985105
0.39957032018117267
