Architecture: combined
Number of States: 40
Parameters:
12.329372012131309
-11.691397695239438
12.046764404105309
-11.980149884213358
11.035106355588843
-13.136464387246104
12.402640344826986
-11.640800777260184
9.34857367245639
-15.0
10.576747025324558
-13.555352212347916
12.444945582538876
-11.68391299523783
12.180100671819135
-11.172408131200251
1.6061843229431796
-4.4455061683389046
1.4256486631446192
-3.765674124356877
1.2859172788934963
-2.6009288570650706
1.593385657137659
-3.126906097017611
1.227597147023838
-1.886761331823489
1.2821472636647508
-0.8971436425407473
5.431531874950098
-4.413720181391895
4.536504582051822
2.299993023723023
4.328803683297924
2.931501666072217
0.8379941811500559
-5.976342128156692
0.59042468528684
0.40689592581592166
2.622037147116256
-5.393680009581096
2.4962304296227393
-3.7142508771023954
0.4229760418352811
1.99040714522434
2.156656103531203
-1.9376798134794149
2.2259803644068907
-2.3540879480453145
2.4028524946513667
-0.5795847338870856
0.1260154269625467
1.8234517853414869
0.858491303674695
-3.5418127302438065
0.7487839674503548
-2.8674390328687336
0.8894285868201277
-1.1756070121624769
-0.8896183431443041
2.1864737664539633
0.16288148347038822
1.4951580558447854
-0.11235331671935109
0.3921651846522506
0.8200719198176597
0.8715213994856919
0.9422576635519831
0.773622765403476
0.2572180508946662
0.16315741729420785
0.9958659928008544
0.9838399608717333
0.04595811257982718
0.8526391229239919
0.19271089401448882
0.6840090061605334
0.4512651862477425
0.8213912517183679
