Architecture: k-jumps
Number of States: 36
Parameters:
7.549601698558469
-9.015563953344689
5.986978728063032
-8.668746236839535
7.103941226717222
-6.997241855533551
6.977846053853886
-6.095601917889206
6.695883860701372
-5.530389119898468
3.8970281076199926
-7.80662340243585
1.931343941505433
4.939814791493299
-6.235146808003085
0.43724701226052265
1.8953204145493792
-3.2193634945120486
-2.0748649253493863
2.4711571548401663
-2.911707654969471
-2.185037323057248
-0.36017415766286953
-2.9851587083971265
-0.04028193868080465
0.9787974611481511
-1.8988422430673826
-0.9468574880482229
1.1168458738182503
0.4835152597204774
-3.4808531771099185
3.077394554507556
-4.866536128859724
-1.5386083014141891
0.9160666520792506
1.0522470710764102
-2.128629077714497
-2.3321942676403964
4.085546947670742
-0.3245300334104012
-0.5845958830985504
1.7008852154260077
0.5885701154140058
0.5181903943589683
-0.28552627833741523
1.1272080143554568
0.1439364275454984
-0.30513367221789595
1.2724171220436842
0.7356123643617608
-0.11431066972448965
0.8565333900506044
0.8501933816272761
0.1599992276612385
0.4729882189730567
0.8051294606084327
0.7835061378349196
0.16128312699187827
0.4643166064950714
0.04608956174430821
0.446560842652428
0.15641849584427722
0.10809852609761253
0.21840960447945892
0.8594251770930982
0.7127667751150913
0.3778006426250752
0.256447899509529
0.469572258678446
0.10272185699046488
0.733768639023919
0.12697389976111417
0.12125389519313241
0.25734540905977554
0.4691228725702253
0.7046303629611513
0.0814562281950671
0.7338464558598683
0.5593189636134019
0.4912690521554159
0.9531667175769765
0.6395428704457174
0.3462018816117634
0.6962387240288922
0.5451720540591815
0.46462971006988674
0.08458324390024412
0.9994408797418212
0.6365006417797902
0.24277749349112066
0.6097811066373588
0.5845812887128059
0.7355260173383436
0.9502592702008185
0.4130027562359556
0.11184404738926224
0.40001769802569676
0.6963392087686296
0.02305007916520152
0.7308730510950174
