Architecture: combined
Number of States: 14
Parameters:
14.927307827200329
-15.0
14.917721217186028
-15.0
13.370732437254388
-15.0
6.965376536658626
-9.85936898959423
-0.30069620454207063
-12.705955234818788
-0.3245286769162204
-4.756606206486228
5.074572652873792
-9.88641306291549
6.6784020427145565
-9.45426677083222
-0.2572557069258242
-3.775331778522816
-0.36364338936343854
-2.4644305220894296
-0.14040781057462795
-7.061536598075013
-0.15469544369802343
-5.914799702607469
-0.15194285399600677
-12.915955251045245
