Architecture: combined
Number of States: 22
Parameters:
0.2518605048134197
0.5217825574189604
0.49604788252746135
0.8219379642264806
0.464910289277617
0.20713317189187108
0.7923189605395001
0.42594681743038
0.43453079536805583
0.9663484181230854
0.3352693512090672
0.16072712569490966
0.7267283671040772
0.8827540199683572
0.3064084919212141
0.7800256391031831
0.3207058616463837
0.20052156048291014
0.898863812783156
0.5743456568521722
0.988475915699258
0.6307706489249343
0.10233625641022881
0.08971756451152757
0.13245265294049346
0.924065826132762
0.728448726361492
0.9781939360159402
0.829972818939493
0.6402987180278636
0.6082813802542936
0.512987384354963
0.2671337091494854
0.7540252741522033
0.8610727330815332
0.8401042265311676
0.3134660631725572
0.011859808518098203
0.39740688733031193
0.6063210681232064
0.8150859814721326
0.16000373235849263
