Architecture: combined
Number of States: 24
Parameters:
12.909441718963127
-14.738544603986913
14.960880752691054
-14.947143308178072
14.999994955667024
-14.89334514967341
5.868204417963326
-9.647839168350053
12.864847476675722
-14.536035096383902
-6.921533873962304
-15.0
6.005374519661593
-12.814478489081456
9.767969428548069
-15.0
9.7440903283535
-14.460546252819784
1.2261727409483165
-7.763301810577945
-5.019567461937322
-13.030731571397123
-5.162738879593054
-9.53739374226698
-5.496482257524544
-5.648032280437295
-5.620596415267175
-10.891764288016066
-5.772054981007185
-10.777005563525666
-6.324576343731017
-6.477721480734156
-9.634270287821105
7.867074734888545
-10.038202222925236
10.789489676308413
-10.983591699041412
11.511857477976536
-10.81782145820484
11.36831454986958
-12.806167977962453
13.459037516127092
-13.149212054544247
13.78858267904851
15.0
-14.250701981075805
