Architecture: chain
Number of States: 32
Parameters:
-14.72856890609253
-6.653959250895145
0.4591242197634346
-9.893530082188823
-3.594962751579319
-11.835049828945035
-14.429880246067171
-3.0671114502511014
-15.0
-15.0
-15.0
-10.045925505252312
0.45764424298838424
-6.662677813152472
-13.28870808536683
-13.604325077325893
-14.718933596825575
0.3816355072522913
-15.0
-6.965027472010707
-12.457240187932278
-14.826629766409061
0.45127029065122737
-15.0
-2.3272199556693383
0.45185266932048884
-10.87047952842734
-14.947360538080199
-15.0
-14.951903785246433
0.4329906895029329
