Architecture: chain
Number of States: 28
Parameters:
-0.7544721583003869
-0.5534667902365455
-0.6522149283282811
-0.6848367233735668
-0.5454017454804169
-0.7714686033394701
-0.5202455464029366
-0.8368786056346962
-0.5152792624611064
-0.7391455241871656
-0.6342292610718638
-0.7154200231049722
-0.749903254659057
-0.5102021275219455
-0.5999175591953415
-0.6136358014004152
-0.7977807318245026
-0.692596732530668
-0.7367483301366212
-0.5793019202284552
-0.5734030279018133
-0.5278207993189153
-0.7750461946412642
-0.8139915673187188
-0.7365709049265267
-0.8090034696777046
-0.596171654353798
