Architecture: combined
Number of States: 42
Parameters:
14.998978068355564
-14.896363584813477
14.860227603497256
-14.984200555940392
13.069022298687727
-14.811767505003061
-0.5449014259472991
-12.902657043223671
-0.5670841925780589
-4.992404843350704
-0.5267112362083075
-11.173386423780443
5.2592145693002665
-14.86817365828028
7.57130105744155
-9.978917419015962
-1.2200113883422954
-1.2319583958843858
2.2726964395048963
-8.189654268827361
0.8698646592596815
-8.254884925812087
5.8850405979364675
-7.673414330387209
2.7308261867377803
-4.518522660361658
2.7251258602424664
-6.456155329454134
2.168441325302673
-7.637481993016404
2.1252240498691704
-11.235709227103309
1.5781365785994699
-9.454159581630028
2.54893290297085
-9.53448801495275
0.9178435586922339
-8.447911641230906
1.7212974297667876
-8.816277194050885
3.2051114233860263
-9.555969716612383
2.2994933335192433
-9.166874970444479
2.3944237238487784
-9.764788964727003
2.3180426237727367
-8.90915319203829
3.0563743212519863
-8.120470784067418
2.6648314914917943
-7.3514175908050845
1.4784635839655513
-6.857460069156187
0.815848320352162
-8.909549829473207
0.8326657890838645
-5.038537055944638
-1.1089613808827272
0.6556214404860644
-0.6386301708655083
3.2126842489574243
-0.6355335074703099
2.2956230620529103
0.3155091116014346
1.3760810783276234
-0.008215699929000444
0.6710440229098172
0.7802103206911464
0.9023747359010199
0.9017762529277841
0.743627378703069
0.6692820881290286
0.35145228583799226
0.0993911878457022
0.692892703811499
1.0931086877182121
0.7724690650406169
0.8081846389382521
1.0691341635069527
0.7493463684806533
0.10061796746816572
