Architecture: combined
Number of States: 30
Parameters:
-3.325404895810711
-14.992906058743309
-2.9465243516962705
-7.4147753489172645
5.93771273855825
-11.179649484357654
5.046031785116181
-8.604604495615789
-3.1671272122855467
-11.418107943458686
-6.527852254318284
-5.474285320885753
2.0182514585473093
-8.618087863367474
2.7197264854138954
-11.030788631443407
6.538105963214296
-11.451351909280095
6.565844618297039
-11.395821549486675
5.844556062706565
-9.581547148233199
2.1405240900597087
-15.0
6.049075410420817
-15.0
4.579378384442636
-8.322575843700411
5.419762345492264
-9.079364773385192
3.3945773245524187
-8.471278556549816
3.9394336771515
-7.575507516261873
2.936316817475416
-11.38947495338317
0.8537753789454248
-6.793344152867866
-0.16837894139326037
-7.356249066106654
1.5669559469627794
-10.802986100403967
1.2147858885672411
-5.482361495898658
-11.8369587305531
-6.783938682588287
3.350266867465961
-5.962461950793939
-1.9344961528362796
-5.031120521428188
-2.1611341653793046
-7.545160183542589
1.4120719360949945
-4.294530928351089
0.24342152890061136
-3.0223865970931443
0.16643041259901187
-3.4387827150366395
