Architecture: combined
Number of States: 42
Parameters:
8.652151875273844
-9.22933653793877
9.076809285446382
-8.4197921198352
8.837368869373332
-8.997411558243686
8.98765944736405
-8.44435356883777
7.916895952176572
-10.566348843585324
7.614717760280371
-9.119550725179975
3.9737734143121246
-1.1076464642198969
8.157178659798726
-8.61772863754053
1.210579961165335
-4.719717555455005
1.4216099009411771
-3.666179765381421
0.5239773237115274
-2.738241486757567
2.561801617492652
-1.969603380525069
3.5041350383268233
-2.2856521091816284
2.2449117109758965
-0.04453907388688559
4.197992452367582
-4.571548971018075
0.6781129208608261
-0.3181898477415519
5.206121671195757
-6.729401547069244
4.469373605339931
-1.9106359749165913
2.7146551959397804
2.7369360733506944
0.24587117031379788
-4.5978185770135065
0.3368454342063653
-5.077609495238906
-2.0928571861809364
1.5727115051351126
-2.3940801605808715
4.068996102502571
-0.26814864278733236
2.2395305532796934
-0.8806318198989478
2.1183931941082528
0.491414029270334
1.3757176903922232
-0.060972854073464776
0.4558370805248846
0.01660416408485349
0.28608401124385596
0.07007078676027571
0.3746275556882463
0.5521295290298367
0.3023310839945042
0.720339692355817
0.6048432322205025
0.2047403807073925
0.31760870666166097
0.44474716960631744
0.7361510778913463
0.3453630529629895
0.43377341928569846
0.5026601030430065
0.8759405429513175
0.007887977487720188
0.8897125738562813
0.08905355452174324
0.13236714748948109
0.1341847433586929
0.6946677642682755
0.0772339005665107
0.9467288865350026
0.3922003032700301
0.47794237465772815
0.507894446755562
0.828941995890073
