Architecture: cyclic
Number of States: 48
Parameters:
1.0986829792912076
0.4105407320641138
0.4151646433272734
0.4131930996210131
0.413988587378365
0.41191136745995927
0.4108390354624494
0.4115497476766846
0.41496783916464147
0.40987109240405234
0.41039877194158203
0.4095875486133841
0.41057446515627943
0.40962903782544374
0.41348198825819676
0.40962593219754784
0.41114321474724547
0.40963608919890154
0.4096162017801611
0.4103718490596674
0.4123343681394196
0.41088358385667295
0.41082931543168555
0.4029383307337076
0.41354100083845563
0.41346622507756997
0.410937790875993
0.41518720873022275
0.4125335619741136
0.41519298023136597
0.4102790445447177
0.4149643721917761
0.40816660416821726
0.4149354777023399
0.4139119443676327
0.41518179769609853
0.4113473136299835
0.41395352965814286
0.41510864946033355
0.4107957806397005
0.40986013020273865
0.4100181443808026
0.4139644976916982
0.4103192611368859
0.41278355686724144
0.41362958713231934
0.4139779014057989
