Architecture: combined
Number of States: 14
Parameters:
0.22490943697660307
-10.609816112113025
0.2033769732354775
-11.262613026894577
0.2577424490021442
-13.01518022092547
0.1977371626170101
-10.903169045572326
0.207416542508686
-9.856802989506516
0.1976453950333556
-3.320082971669755
0.2997272670657219
-5.512014867195852
0.312924194136809
-4.720755290668902
0.22272961851356365
-3.6963130339917307
0.20531688884646057
-1.298750092261199
0.24860616233841573
-4.272605873660653
0.2365294914007121
-3.4959651721787757
4.676259106880303
-7.468439011013561
