Architecture: combined
Number of States: 24
Parameters:
6.197859755452236
-6.898991710336758
5.827561102697841
-8.863945848141432
6.386725831601547
-6.6331111941279
6.654837887761291
-6.205246030125033
5.909086260269176
-7.568516949148402
6.246158983320979
-6.627369210265196
4.120806075950994
-1.3922586317968229
6.569781042227443
-5.953977275218147
1.899640498447458
-2.4992276245532308
3.0046756836385087
-6.4622544093469525
2.721250950891231
-1.5956444181868594
2.9446973870243824
-0.9986894869110703
3.16420194740694
-0.8742286785724183
2.8737476221250913
0.23859555129399082
2.2570429212795817
-1.0521908718916095
2.9064380816527446
0.42851275115977544
2.4560498532215025
0.8598991143958984
0.8511755924574033
-7.288365086374223
0.47192141852185693
-0.05142085565427349
-0.5619222217331875
-3.9273341083891844
3.384396069776025
-2.5934418261684686
-2.236806131604847
3.361110578393896
3.2424555074882715
-2.7191356247276666
