Architecture: combined
Number of States: 34
Parameters:
5.935928778117977
-7.966997196395902
6.155333604616703
-7.985775864319513
7.220192187213583
-6.947816720548142
6.8656229025230875
-7.340571956732102
7.162849028840664
-6.976712841450901
7.175327985432213
-6.438549553831015
1.958156204197832
-3.398888800769707
2.825914243251104
-3.4981200382455104
1.9681028917475496
-2.872666695509146
2.2129507903848706
-2.7999756674697918
1.8799249445305715
-1.940463648690922
1.8889448667763087
-2.6112649588523267
1.900966491477653
-1.570748357724611
1.9134473234534857
-0.43059148302884526
1.8590254400593142
-1.8120057389525215
1.8352542437345578
0.11343079005724847
1.877649595206461
-0.2513801090301342
2.684713055147804
-3.15544452210568
0.9695079971034353
0.607731040639907
1.122500039687528
-2.8656690173208648
1.3843005103247192
-4.105574830466775
-0.39845103876527466
0.8116699323082317
0.9938038156207509
-1.263040584151265
1.677684085233144
-2.5432716588113067
2.3228827464647894
-2.113163200373929
-1.027305567521169
3.43772680615784
0.010754442958959897
1.5433084933713341
0.35776903903119284
1.229819456597681
0.12746809112954877
0.7011487995433037
0.7614764999995376
1.142220411935277
-0.026624455717416586
1.0656336218717535
0.09168678303481101
0.30360499728481366
0.8306981891777288
0.46059500287381927
