Architecture: cyclic
Number of States: 24
Parameters:
-7.7477765696503305
0.24303816700177439
0.22913769423117725
0.18438297862153463
0.237995533967426
0.7405462249283007
0.05035642975401755
0.6365354301018847
0.9663095891957674
0.6667418945582704
0.5362177307551412
0.2695982283141687
0.5351161202221008
0.49649299460830665
0.47136993657813486
0.17950472044816335
0.39170772081249483
0.5342618729696185
0.13893625826316047
0.2438299250731758
0.2040846045805268
0.2510135960758276
0.5559383722443496
