Architecture: combined
Number of States: 18
Parameters:
0.5172148858880619
0.24989637475578985
0.06476179547807193
0.8333970959010556
0.17094670247562616
0.29893194400180223
0.12961673135261864
0.4383636616778671
0.9410415528238734
0.888402616506667
0.2603414614462841
0.7358380081518212
0.9345417669693548
0.8489698223261765
0.4228312236429784
0.7346141676066236
0.7181929951214754
0.6117979043737606
0.8101793748006977
0.8970573033202949
0.21557838653512884
0.2728267355347729
0.9548123326387982
0.7926314326820503
0.8690047057811179
0.6253443529070548
0.46682597745985865
0.9252353607050063
0.7850326343310268
0.0238590832915776
0.6475282463123001
0.7812143675620695
0.10537038208893335
0.2674923396347869
