Architecture: chain
Number of States: 48
Parameters:
0.07076863378690434
0.5363735350258048
0.6322845369366333
0.07203290747376956
0.3598435057643483
0.2819900420799629
0.0713988677530003
0.29045638687507425
0.22116068730427174
0.8437011229552486
0.7533378176692799
0.00387494464012228
0.2781131053618825
0.34522634252938655
0.08966730840804416
0.9571303685073003
0.6805464680059833
0.8864259493868052
0.4302135309371701
0.8974724469691946
0.7878082358574348
0.7071434529396771
0.5656914629404521
0.433138623169953
0.22215681215356586
0.6027648450012772
0.6169386129054091
0.06177185843716104
0.9271379711571414
0.14390692908002267
0.18477311493279303
0.6781837761513594
0.9824272741991384
0.7020035819123519
0.06227311785764267
0.07748875530671695
0.9022085521643789
0.6458490131861431
0.09573874724441789
0.7150691702690392
0.13143023949686927
0.18412405370808949
0.6604022918519664
0.3777237188364153
0.5798899908065821
0.7134438685938753
0.3428949756414471
