Architecture: combined
Number of States: 34
Parameters:
0.6972318537632591
0.16874668767285528
0.35680029777932165
0.0154547360508831
0.3457494284298497
0.1469019463218506
0.4489691138801122
0.3775968285439196
0.7793633848286453
0.8462249684454226
0.640002991513903
0.0826320624451834
0.2895332191267729
0.06975012376584055
0.5812230599829222
0.8955780619653173
0.8112207693562157
0.7199276125165467
0.13695433146962843
0.0227057878339586
0.013975172304734995
0.8935557476359556
0.5093782738387594
0.639910259471122
0.4147661253146746
0.4151903032187425
0.32471641294772413
0.8632444296747817
0.5578137151740734
0.979483443771517
0.3175306415264316
0.05535157096196808
0.715410878128607
0.3796603869336457
0.14702606030342769
0.35193776092691553
0.7222155291057977
0.9379250667225717
0.26308232341909055
0.5800761680102112
0.8263408063832774
0.25117622226911707
0.6244669697902201
0.5723880619718151
0.2574195987035929
0.8933109712097336
0.15038559250021832
0.6507900483373962
0.9404978090735362
0.4618256141999303
0.6050748786382478
0.40250322846400044
0.043013192137843714
0.533220807246946
0.07175678050254775
0.6941961194999381
0.717298691742324
0.34736638265746933
0.03718028418528119
0.9554682034826802
0.04894595914208055
0.9769035391214856
0.4743839670345148
0.6074390026534484
0.5705631989872846
0.997676703066271
