Architecture: full
Number of States: 50
Parameters:
4.544324826895078
1.3442380010188233
3.101382791274064
15.0
-10.99769872142266
-1.6033048818464994
10.830395757131555
-8.209504255878322
2.5363728608816043
-3.1342758782092295
-6.157646803538533
2.056189250146108
-4.713255587635703
8.045634941972866
10.350158309563362
5.2058224478727535
-7.757173552025611
-10.949305648402323
-10.521550620223167
5.779652958771615
-2.798572614155433
-0.3656961972446826
-11.402850761574504
15.0
-9.228592070575683
9.153950080068405
-1.2995876008778124
-0.5602303568305019
6.424476991229026
-9.47503433274839
-8.359724635155576
3.4555420851615164
2.2819707528840194
7.939044556057313
-6.852423751113955
5.223264306176797
-6.7172971135618855
-8.071432629989285
9.604622648190524
-8.142451144820628
-0.9075875991697652
-9.967677534428338
3.1686184366731607
-0.9255995792414133
-9.749792346607395
-6.147562140612513
7.601591990327483
-2.5666208355697773
-15.0
1.2867798209571015
0.2973713712272159
0.15588981316379133
0.8529198188482475
0.4913755067640031
1.0595172883318051
0.8162916880791642
0.14639393353133145
0.5245436571144538
1.1307024187916206
0.806394810367478
0.1755240855105528
0.5084844996697957
1.4286622827345639
0.1757489844617601
0.763586993608724
-0.00420572566801411
0.8796627574842127
0.36881254699102084
1.2681212705868226
0.9726864296445725
1.1272845122785704
0.9513209801101817
0.2570337307590362
0.8555333807782988
0.7806627219998561
1.1026426298775238
1.1649768736378516
0.48124828717136087
0.68840680617162
0.30529524384245765
0.5494674062333667
0.6751105854762353
1.1014774013732958
0.39956793973270777
0.12024792211582104
-0.534186002045903
0.7572135561405812
0.8710475588386766
0.4698347364803204
1.136631838059605
1.0454189722982976
0.41402047402815695
1.009758647059133
0.38776721385061863
-1.8929440564464244
0.4606683244705526
0.21560500686416556
-3.8623348188233426
0.13980903409633824
0.64133039053692
0.04736865229853105
0.17847155315788124
1.1521975170539756
-0.013412422951039192
0.46939717995039165
1.2992451239585348
0.17424664761891542
1.1423140373175058
0.48328604172832135
-0.07035097594263837
1.188973426852355
0.19577869082595742
0.08921757603697658
-0.04372366829482313
1.3718485184774534
0.5759174702126293
0.6953131666714838
0.43612041956479813
0.18847468735869333
0.12960238234364532
0.7511136950113572
0.058526523383197936
0.4817574696353537
0.16983976348463456
0.8195549965586045
0.22485889026136702
0.34094395561306445
1.7230536407478223
1.1603739171522316
0.11235503283154016
0.25152642548950244
0.6959829646068653
1.3052206848323766
0.3940956926442357
1.0747300961113915
0.7233881506777741
0.2821050737605411
1.0882444391515822
0.8220008095792863
0.4835922594244863
0.5921597773284494
0.703417048544897
0.9762056488309745
-0.05885331641271807
0.22943184626162094
0.47670271084983673
-1.0964558269478304
2.324113800817137
0.6737692340138071
1.0850398213927097
2.3543974410517725
0.2665611128045612
2.6748809465224657
0.6926407432527648
-1.1691079614858955
0.9958424176159291
1.5522842781563062
1.055768561297635
1.2157690235466292
1.645590274296246
2.6156998815058663
1.303858063135558
0.4717828791604909
-2.1010891583809173
0.4278692786376771
0.19464575699338243
1.2723965264514003
2.0338777906439085
1.044686898225254
-0.11485957693090257
2.3317235620180203
0.7621917343899455
1.2340067941397022
2.1077283909123614
1.6626471964728342
0.9937809490504314
-0.61594337381883
-0.6032325975519192
1.91694458459695
0.435290674657269
1.114740077011477
-1.3471408139252399
2.53117432060079
-4.1671181440025755
0.850194904724362
1.0486861317258056
-2.1894545299948787
1.3119344943933582
-0.23989559197379498
0.647016294406787
1.9278645166706532
0.3946020683325342
-5.483925747058972
2.0074105354928937
1.0921579732582551
-7.806438621877181
3.5620272934634953
0.999952197871444
8.84144526118039
4.3895918258820394
-3.0585826146146755
9.763012226709051
2.9062341830875194
-6.659259526489265
3.8309790461230557
3.7177943441198185
0.3024496268924938
0.6596375680053503
1.070159600784323
5.413422924399304
6.5435615322436735
1.8893202843240458
-5.727559133740536
-3.4388494646927352
-2.0884371801742905
5.0624188548290485
0.7984966884163179
3.1131912517683835
-3.5831486338428804
8.187855379453952
-1.0355561357763505
3.2459732179499516
2.20110563154824
1.254487160864223
2.551733566387119
-3.6246287856034867
-3.9189488389179337
3.231932936640568
1.2183101186799719
3.644982507018145
-5.6001599869118825
6.173967630576591
-7.259940862138487
-0.7610059323108564
1.7663143150593323
-9.051860966993285
1.0476720046933294
-3.28148374005095
2.3170903685013435
2.561224944952623
-1.0838875810534803
-10.27619506411789
2.4038741185212116
2.244915872343872
-0.5011543816594273
-0.2510078980157855
-0.20966400241294103
-0.25005213541097643
-0.3722284464017764
1.2924286567739052
-0.23566744830128203
0.011316375376653254
1.3709007148054915
-0.14794281458494352
-0.03398769950078909
0.833985561909377
-0.0863181477739866
0.2193450655921365
0.032537185927455886
-0.2833344355092279
-0.33473029672233184
1.050758849063863
1.0571344565657608
1.3708606989961887
-0.01779292653787426
0.053321344704613374
0.13058255593409698
0.9890084954622673
-0.16866252135724288
1.1095595302549093
-0.040862747997654186
0.26190854253631024
0.19533277253838735
0.035972975993213196
2.7205828458706187
2.4592233831846544
-0.10128182559059509
0.14808492005253415
0.13337531779664305
2.886938803439206
-0.30919791143380504
2.718397898415244
0.6074771021617369
-0.3870306106688347
2.0154993799806546
0.07078732093830302
0.7094231855067628
0.09768106598695092
-0.0968460837939437
1.176684723046318
1.9886512401530718
-0.19555881323455007
0.30374487537861805
0.7353696479440472
1.446559723933036
0.7925827608702101
0.8674916534004461
2.1377543285177967
-0.1184589963480484
1.8917071039069033
1.8419234501064845
-1.6388199615842698
1.9940421814532652
1.0685216363152528
1.5714145847404137
0.8000370962468151
0.80281306665967
2.1875598676681927
2.1499338616776864
0.5937178547693842
-2.2376645107647537
-0.12853848179920563
0.3802231037504309
2.7471186793541458
0.5912065437425451
1.7249906399646873
-0.4137243804642373
3.199198656368783
1.237554511898462
2.979670385837848
0.4916981673308386
0.5733932317546002
0.7317835508572501
-0.8245448025042921
-0.8039815735890499
0.7784911426430674
1.5864406306964132
2.404844625428855
-2.2225133024121253
2.16815351374498
-2.7603339304157277
0.4816395047599181
1.5856268678409426
-2.93388730876614
1.1924813800986462
-0.5029118676576559
1.8709466791592537
2.153317882156717
0.4573878245600691
-5.378985105009461
0.9896088714710287
1.505253653435213
-10.37643601867253
1.3528094893409541
1.3435920197032207
2.1583583785345692
1.0934966878277532
-0.03789614268823129
1.0817308562560406
1.3540953516360084
-0.6954800528945302
1.87458546339752
1.146320118599309
0.5569933087215102
1.6665479740044704
1.952987780590126
0.6832996566494278
0.8982626135138931
1.375502667714417
-0.8967901376585575
0.5949862822289493
1.012089092751807
1.751376988929744
1.3331409058539339
0.649861507075342
0.10022208424239108
1.3239837937114243
0.9532608316310303
2.1184159849879185
0.7651082524022603
0.5264600284585983
1.8637629163605536
-0.20337030510285398
0.10954851934156212
0.8377900819501911
0.9259666137528911
1.5809117211090449
-0.47756967218142365
1.8941266468375777
-2.8200257470360794
1.282342234922604
1.1589697226718956
-1.2692821729041053
0.34324559244648845
0.09990404107796502
1.1227347644873014
0.8613574911696097
0.631458879402013
-5.498588692844784
0.6326362704263262
0.6582091846994168
-7.065759306767955
0.0021979083743723926
0.11365633403955269
-0.3681334179850583
-0.421739345974663
2.018461397292225
-0.43327146644953796
-0.08901632225621975
1.2807845738489627
-0.1084680555094859
0.11788407432645505
0.4974045331171002
-0.09556789027324772
0.13615721385258636
0.08826468757284311
-0.579139252148434
-0.330284246032114
2.195404105176056
1.7102346750390918
1.4860996960217614
-0.175277208766415
0.08356776741670055
-0.11278381759031418
1.0703553012720084
-0.4156607593789603
0.9417730698040855
-0.2850079284607887
0.14605467425214755
0.24530249615836153
-0.3212887010297749
0.8687717316704268
1.0106913235262447
-0.19951318752551464
-0.0443809450474347
-0.038365446592917685
3.3216294313485504
-0.5587636154218234
3.4216085885193834
0.446050180361169
-0.41956631411000134
2.684538568383648
0.1438993176484802
2.341039137632107
-0.059583747822557154
-0.22771024225324477
0.5167365014727353
3.84883710479264
-0.28982739863922913
0.14090167213568944
-0.08775119164068812
1.0110996373043102
0.16993136812757315
0.24714703442434138
0.5581177295603109
0.744300460838666
0.7170512151062101
1.1430139752605868
0.20903295837666924
0.38428268986196534
1.408057501701622
0.3522946165639571
0.7940337760400792
0.4961468049635314
0.37863061907450773
0.8240338834729283
0.516121172876173
0.9322005448275283
0.5383044891274995
0.32819135342157735
0.5167232063936313
0.17454268619952013
0.06607396368753796
0.7140076252936963
0.6828366805476921
0.3887271431829361
0.11170298524825123
0.7070833497968295
0.18616230446821452
0.4428158772024646
0.2742937739232843
0.5710952618066771
0.10539962261535363
0.7941725245109321
1.2685673721142827
0.8564209855888513
0.6640365718144287
0.6079427446362327
0.15446057153470621
0.5122754478366136
0.1434299685633121
0.8785562816951938
1.0444645635380763
0.19217338486565538
0.6915480486260307
0.15983055510931835
-1.0400501227533252
0.05946401417351305
1.0316611459893263
-3.2823313682081823
0.9209515681916141
0.6894536624306435
0.06787216929897479
0.41078757594178644
0.7017793623864855
0.6879211592416922
1.0080092963703955
0.19455158066479722
0.6825259717467993
0.28660308980625626
1.2277632768545375
0.2738673512232628
0.5494311301317809
0.6171144131787469
0.1067681304866964
0.10376853964068199
0.7404987034972169
0.933445118618759
1.0063326693611192
0.3326856078343618
0.6191587976788474
0.7273359944513758
0.6737481390974227
0.8091130478308539
0.8997418254350092
0.3763617200217023
0.61054413719758
1.0114219334902306
0.8342189542310215
0.9583715230653888
0.8688316620679878
0.0871671703066112
0.4201767870839671
0.4816135257880412
0.8943571889785301
0.2694193602118736
0.3953463706658669
1.003570874212338
0.07238473233361956
0.7164635950818192
0.12284200129516622
0.1087753523535325
0.41465068314868697
1.0597185821964452
0.19723955930833437
-0.7820388362692311
0.20060179826096827
0.23970802216329565
-1.0498833856617324
0.053909872124527664
0.1337724433490674
0.0028109182527195076
0.06313093562295097
0.78322670203123
0.1349956064053919
-0.07051570643552377
1.7812964409270071
0.3902622155675848
0.4060787346216088
0.863409138686687
0.0635827568207025
0.6466021569486394
0.24447230818028826
-0.12471409875158371
0.14163476637703898
0.6931429264632023
0.3362266810002021
0.6245667645665534
-0.09847894649482195
0.4255510569905108
0.03195432961045033
0.6598408831829315
0.23096122876572234
0.31641034594057416
0.013609002722220293
0.2712169590420043
-0.06070266839376211
0.2468532001587611
0.9363907305220008
1.7131774305999483
0.07599388604805869
-0.15235820207199696
0.30452229947774817
1.3819818057216402
-0.05091939573249643
0.8379185724480032
0.9399597221860921
-0.09469139904203425
2.234200823200502
0.10657165145158451
1.2541175964860238
0.4846594331188868
0.6069768437154885
0.20931072666760137
1.1889585389280923
0.4176215159729729
0.1673015019708514
1.1765734560734464
0.10499561357472494
0.10198578981047926
-0.2352828583980767
-0.031477987958864265
0.6522328098983878
0.09197387344900473
0.6048275960030709
1.5187146532913667
-0.17491141093395182
0.10920400787248163
0.473916151049079
-0.07270963374276687
0.4997152691599807
0.08343784419100787
0.14019609136584166
0.12087345344098394
1.085970520692321
0.5239708472313183
1.2069022610833795
0.451003369419164
0.7913270165549149
0.32123728592400563
1.6261742208510332
-0.18390522888159122
0.7516659497472267
-0.05854095443733346
0.545773155978078
0.5310790487018059
-0.06536306455665952
0.9130993858752436
1.2590163529093508
0.2923063009401684
0.45452686997965497
0.0570647805757063
0.8903459656771904
-0.1886861014663894
1.5596906737467187
0.24334244966311336
-0.26476549329314014
1.746080885420908
0.25443428586913
1.333516524431366
0.48481652995538005
0.6985039393407259
0.2329975193285631
0.4479655184453374
0.44515365087936015
0.3701748964988696
-1.880412373825764
0.6133249229158109
0.2226495668457203
0.36090027978828687
0.4196524247739162
0.863482696355438
0.4838231910489642
0.6320263005334801
0.2728947017905875
0.40950067702514065
0.5803524783739734
0.49158370562934894
0.29571860611017187
0.6394427915160652
0.9477679917177085
-0.010265532760303814
0.18298031242520726
1.0484262311353794
1.1936405349504873
0.7469945314357749
0.0189865546166288
0.0810222065073337
0.4282358992049969
0.9694442565675155
0.5019368194288818
0.7145123830038961
0.013019986377797284
0.6481795873187377
0.03984817593720953
0.6647494497084636
0.9251698109830797
1.494130799811086
0.7276591845074087
0.6388669355021556
0.42288986184798
1.63438360814078
0.061609011625816085
1.2946163901162366
1.1566219421410135
0.08780230937511724
1.200563113722018
-0.03242612829309928
1.419822073305628
-0.08246705472160287
0.8616022650364044
1.0750821186957844
0.05889557287754704
0.6657209735614242
0.5514361260092835
0.6704542634767248
1.7176716990796728
1.2300460648159004
0.28432246767205516
0.9722710090091742
0.4950691666639714
0.4303283995229931
0.9651156626561745
-0.4151402181098038
0.5435566380950717
1.4553175963779537
1.2084116869493062
0.3783182445926634
1.739946741072571
1.0087058845203123
1.6219838361238064
1.3842854401317082
-0.7071255538883795
0.16758566495270266
0.17590866976960914
1.2001700557939885
0.8818559706345832
1.4809325686873154
0.2437707920034539
0.7358937095790655
1.1851788235065455
1.0666845027900325
1.5765447368168912
0.6574017952664325
1.081122668649603
-0.10081731621979757
0.30476814673174313
0.6159130408585861
0.8152049324864445
0.8374862476901892
-0.21945761853586088
1.37723218042802
-1.320061753346073
1.2642503084994945
1.4390132359203873
-0.7559441557645143
0.8608376187836471
0.05191895799663346
0.591132101599066
0.5677455750973815
0.2323051903779196
-2.415872732060569
0.3766708927905135
0.41621701634547936
-4.897182386985282
2.465581285176464
2.200309748975866
3.695764813898365
3.6995602393407943
-0.8659879816192986
3.144135041651384
3.206999129195009
-3.75483326870693
3.123606815675671
1.0100072397292204
0.7126508249779524
1.672716281814498
1.2265899496720227
4.95758557158984
1.8586070762801197
1.844723654942332
-3.4265606290754205
-0.8225281748519833
-0.08687204161516665
2.3233152065942706
0.8620534074480463
2.8454946647654897
-1.3769580100464536
4.898826298600781
0.7733717162586056
1.494033494122883
1.601352317132417
0.9853610253019385
1.877602883411662
-1.778775984005957
-3.267156669287344
3.186981562853301
2.194197011299102
1.6423643756212978
-3.450132588300752
2.311028289092192
-6.6071063248137065
0.9747640128226739
3.3595724415225066
-4.527941165441403
2.02473139617818
-1.6003474028689093
3.0328786734600532
1.7691386264881486
0.042701314954391056
-9.83591561328687
4.050806415211374
1.4178773187677294
-7.112791287986774
0.4188926791989061
0.7229422419871678
0.005487519874188933
0.06217934683030768
0.7200253476119798
0.1702165211105235
0.7303764018948097
0.5965353743089735
0.37610933882933656
0.8306592392230763
1.0073049067063669
0.4828847279891596
0.5455541908321996
0.03743850652718715
0.3288180867909788
-0.15975539463901467
1.1406963028650308
1.3613294770206903
0.7089268356905798
0.8072571522680948
0.7838441790086386
0.6262863896451674
1.2992224670966483
0.32556107185782407
1.391305716517302
0.598470701413287
0.5940329339319435
0.056060969385441
0.7988903294859008
0.6874906963384837
1.0286800432123944
0.2082057354804004
0.369565810243562
0.240593480179923
0.5641981626423024
0.19500232576848459
1.0482257427065345
1.149494830868425
0.24624255362769476
0.4543213517477629
0.0683230145118796
0.32158032114739477
0.016876622266020914
0.11807197250617724
1.3152007267573262
-0.14961300549342352
0.623708306775705
0.2997219171231834
-2.4374572614616064
-0.22466929702084582
0.07075519116692924
-0.37578331808300924
-0.527861122251299
0.7600262205512689
-0.39500904422679906
-0.28621097310926125
1.2606809519829483
-0.33363175796739275
0.4218749004078495
0.7195547101417475
-0.06553315917283209
0.3231658575958601
-0.0015248228211104942
-0.5061924041561434
-0.29629476592655657
3.270869221567737
1.5950813448657226
0.8022321456160484
-0.10820285859810708
0.5063125634661559
0.08742412745851344
1.3832232012187822
-0.35185232644117836
0.3856560594677634
-0.20097111699395334
0.09768411386278686
0.3345510606652282
-0.2949023846569808
2.1919747053971843
1.2233414406970424
-0.22449228790377374
0.012944351800692422
-0.2936719528486992
2.489899431326107
-0.47687267484083273
1.8198614053697026
0.20277426247028113
-0.3840012106178674
3.597913723725325
0.2677568673025502
1.9722071648521093
-0.20518775446999296
0.21670082489513526
1.3064778352590534
3.003939565258787
-0.17896861696480287
-0.006343785721613801
-0.35187618256204756
-0.09192049226630139
-0.0019982292681841873
-0.37232100508563615
-0.42085790070979295
1.4645538715828241
-0.512871312334326
-0.34078492302551705
3.782725103395052
-0.3135698654283963
0.03752135071147561
0.02233275981274608
-0.282377329039016
0.513974532960523
0.085379644298898
-0.4734406860563204
-0.4257707189648149
0.9416138722651008
0.2760522246148976
1.0935030325581878
-0.19444204978008
-0.16152951153170506
-0.052333645913329035
0.35493082250412555
-0.3335998825978476
0.25232417539993385
-0.27103737956344753
-0.2215275002678338
0.0937852268044353
-0.06003946750085595
2.329834350098104
2.1057286212466386
-0.10381948250038042
-0.09915879703898062
-0.18628420196207549
2.9008208030381444
-0.4865550708586876
3.8753555934782025
0.38445724601870523
-0.5557662186933247
3.7471469231964276
0.054597506728427087
1.062432708741808
-0.09327096862631096
0.1765297585548271
0.3466548379634318
2.927080311048668
-0.22837345724459934
0.3659146661412666
-0.9430782525732324
0.09139864522047156
0.18375768050560617
-0.2742261228024597
-0.13860547739531595
1.2847272836628498
-0.11551864433367298
-0.07636158961616427
1.345052715494114
-0.29797089556335177
0.5651638438484715
0.5714579936952027
-0.018172988651368654
0.5203165167143055
0.2841391123831893
-0.19267680946609872
-0.13088437438479658
1.8772932059386025
0.2776976689163575
0.21658847775524337
-0.0721634627886939
0.027890484419406718
0.12273574669606216
0.7513495206297718
-0.14990661844516245
1.0947531457194615
-0.06358696119935231
0.14129388435868467
0.46858011664833193
0.030236200694067572
1.9465379713325242
2.1773323720648534
-0.19214677157470206
0.054500372836193606
-0.20095265481252245
3.0228912671255856
-0.35209628130357784
2.2996105073332807
0.9603283108392544
-0.2755980289544445
3.0151703263409813
0.0790542686604765
1.0670687737768627
-0.2662453844276708
0.24531162499565656
1.1677715511912243
2.3604099840813784
-0.2102634029289569
0.13219718077340653
0.0831088724823964
1.6825080580686835
1.95330897984454
0.9117438531773511
0.9707003467009614
0.1559353660305166
0.9430323453937544
1.5877778671115819
-1.6951935598396717
0.5418092218955955
0.5697671673892082
2.0908917493512584
1.231134155218091
0.5915320148012124
2.115933387926262
1.9262481233641746
1.4227971561654449
-1.6114627343845493
0.5348807824410178
0.9317700007859377
1.796766871405741
1.7335512621191755
0.7877486011598216
0.04797157929273341
2.3987838089301934
1.148282867254941
1.8545286446697529
1.5674878507588912
1.9468983594234757
2.3134951879966263
-0.5006201930720009
-0.3861580661172119
1.8653208242753965
0.7835851319398366
1.2514497324015892
-1.0843565028398707
1.128480556028877
-3.189316312144653
0.3967628429351534
1.8388001816564614
-1.4791039395069936
1.3853471484933437
-0.3552812672841982
1.8024182442378485
2.091016955347704
0.2567132652192412
-5.430934796303038
0.841905005507867
1.7871142372871116
-9.8185463853145
0.12259692541309195
0.7573663763266693
-0.11191337792101273
-0.1449549891881185
0.6206400219071574
0.19542517001912846
-0.047488044863466285
1.7473569922699563
0.024513887610579363
0.09328662236513435
0.7141943252034346
0.42784666148122197
0.614375612018966
0.35539873599127175
-0.11843004115728228
0.09322824914647435
0.9874100734073301
0.901522082847716
0.5648336880338032
0.10568200616794034
0.5893720802511755
0.4364222800994207
1.0794673070718057
0.04657971429902019
0.2656971778752411
0.47927958754787714
0.7573215891439705
0.4854452408109343
0.6529862850863973
0.45709820731237727
1.7339387464663418
0.11829295593739161
-0.06997949992108804
0.48670538098851807
1.9151891626344626
0.041322410856005354
1.0215156105661571
0.42619222397554146
0.03773110508348443
1.4490851070124282
-0.049227241472550684
1.4169323990724572
0.3681627039707149
0.33842706817943663
0.305060172070831
0.16261576796557456
0.32883831408888986
0.6458959975429891
-1.312598669247094
1.0118671171510865
0.6387797468153485
-0.023879720791997995
0.454266348017282
0.32730663381430336
-0.02701666986187138
0.6438614004975023
1.4814082995187374
0.8873659762651822
0.7282197647077071
0.3141874062464573
0.5891347994505413
1.1629366405952037
0.3848787996592965
0.5597319268460083
0.16209055381689452
0.14697464779968197
1.0801183284079099
0.7444369622103049
0.2391588818991196
1.1368052978306773
0.46425781904797675
0.20898060892840645
0.08914791787424092
1.0761063640783042
0.10515912759275782
0.5942994652836433
0.14382906820954924
0.7166108313823296
1.5238095077224667
1.041372779442247
0.3739344258264462
0.11467717548673863
1.108624060432124
0.5909461864407415
0.637739712287205
0.3083113588719981
0.6516603427239253
0.47548694445084577
0.1357004955047968
0.6561620671895083
0.6500853124878727
0.7704672659388709
0.5986167597272362
0.4155176573930571
-1.0230511534777977
0.7540110004622649
1.182689270589633
-3.366649144722019
-0.29796328532955746
0.12123635814933859
-0.369299291175856
-0.5165619353557872
1.430710056821636
-0.39186550097820816
-0.3485407548614594
2.937257521369661
-0.3186096835637264
0.4345264652960109
0.2728614535232052
-0.15516216673979322
0.2296081412896961
-0.14709920257233972
-0.5791104247545311
-0.4251704342087046
1.986866030982366
1.6525474795564015
0.523817623849525
-0.39220254019515616
0.11432475968869486
-0.148918552647225
1.5132839691506499
-0.4797053770466016
0.14054892375703176
-0.31907929251497946
0.1697778614931108
0.18864790882339164
-0.18790207054046734
2.5872857153993367
1.6818893700190891
-0.026783097546500767
-0.17879567998765977
0.03763216799852204
1.0513160054442767
-0.45120088879010734
3.932952788885721
0.509212165967187
-0.41539455891787314
4.392542213087202
0.21617436762179426
1.3342275541927842
-0.0864107658985917
0.1641083146682693
0.7390855059624518
4.365425441639081
-0.42892345338798654
0.25764804595842783
-0.249809507122283
2.5385378792299402
0.6743262063305662
5.920297267604463
10.978932065145106
-1.7946891170729784
3.2470666713687484
5.336076394804316
-5.109605348373451
2.2615797340752533
1.066142207338966
0.610619400700079
1.6891435237261527
2.808124678185951
3.4702626179360965
6.655952145942863
3.0981372821144575
-4.709265790075234
-1.578610355645075
-0.9327949404152647
3.137517784190165
1.9159683172279356
2.5818506280997973
-2.467204400103266
3.8956575579864294
-0.20637053763616825
6.205366443657945
2.4981381183009024
0.6948836649536194
2.1829504229093777
-4.649305864582441
-4.355329085319614
2.859284231518204
1.663209741442016
4.329061305125688
-4.67538370982553
7.772621949653679
-10.341101854571539
-0.2664756450308712
1.5674417090728592
-5.649137296946989
1.5779191886777546
-2.9700495651526606
3.3493135232389495
3.068827816929137
-0.618751137125748
-8.924195834454162
1.720530750896329
0.9206374413764038
-2.5525590946827617
0.47261295743733744
0.5280169784040942
0.20304920381806268
0.10419542809476273
1.1436253068314746
-0.01754364982669135
0.39317760690405423
2.4824055864832966
-0.12853550702432892
0.3362345665063135
0.13018717057251955
0.27749008158292576
0.8119445106951767
0.5444232205620477
0.0671235316783409
-0.07923012563839026
0.514241809626184
1.1708430774297143
0.2668677596749375
-0.12595958278576236
0.34991491874778197
0.3693557241594919
1.7619569174129286
0.29511193335405783
0.3501273818391363
0.13715865418948692
0.22979269354819065
0.11210094742360227
0.06112861628774437
0.7207880151401005
2.2286690138826297
0.05914689198562778
0.1441073115500066
0.5507906840330695
2.7394006805485764
-0.05711019744818435
0.7182988061543478
1.2051934763596757
-0.1904070430241404
2.0590642685608573
0.2624922897538714
1.2635963493240148
0.3196749242032607
0.6977881258343176
0.3701444469235504
0.7038826495347158
0.25578247330372056
0.3231026031421412
-0.4192657252862701
2.1873705606677802
0.6921366103222211
1.7035102161027735
1.017499094777731
0.5892103034490437
1.2196043423224574
1.075106663866082
-0.9738823178465382
0.8788106057867761
0.655531714605623
1.6160590194530848
1.5207725574523376
1.4649737897060093
0.7978918243609969
0.8149904021215254
0.907374674327365
-1.2185670492168117
0.14876917134273343
1.0933793254555146
0.9870545395803496
2.0062165996685493
1.5618537775496721
-0.18309479857235722
1.7861678388895321
0.4851629726071156
0.918620059711602
0.8246738012635753
2.1199248774071062
0.5214767755073391
-0.3871449126001426
-0.2128393930110015
0.581886995713842
1.554869099881138
0.7691217485421324
-0.8947461945986539
0.6274261379061384
-2.293006878091066
0.7288953666105662
2.087034848560524
-1.7514184341149046
1.920710734336045
-0.19300349254941332
0.8453470273969633
1.6131849854363258
0.8268393973046793
-5.549734418407526
2.284526612030859
0.8533498282969432
-8.719892265848934
0.6125743825767072
0.7799701874683669
0.08004680935387297
0.4064982440449358
1.5380740870582534
0.3140744986771951
0.4656306335744498
1.4824560291679918
0.7844476980023777
0.9746547073625514
0.967790738167334
0.6797954313662329
0.7593034347469401
1.1454732030888102
0.03924262851145535
0.3639372214467926
1.1288020463435857
0.8801833383275587
0.848276241865783
0.0342694982233071
0.1782248361688878
0.23558765097507386
0.7923543668754719
0.1711789033642819
1.113873484130461
0.09855181755165382
0.6802533539952204
0.9397242940010243
0.254938454567549
0.4582132674472827
0.7533486924465396
0.16116169434601554
0.45151789295809824
0.9995624301325226
1.1661510972195024
0.5736610993448179
0.310732285570222
0.6780805319733042
-0.0051260053357431515
0.37908847234626936
0.05401026998131596
1.2590631655890614
0.158763124222525
0.9353809678989665
1.0143688452801436
-0.4696300966132562
0.7448001960460173
0.9866512437848025
-2.1504384843207576
0.15613161641378234
0.48679017181788614
0.27203303822396885
0.31162004487223605
0.3807905428431177
0.1536941473487065
0.13700162086727352
1.5970794031666158
0.12442622006534301
0.40429731755340786
0.7841442758592329
0.3419616282007798
0.13943837163156564
0.5404007635474455
-0.14914095186656806
0.06875072585305057
0.37826744874844587
1.3772350407297234
0.9547412787326172
0.5558840769950528
0.9933391929297576
-0.07399485354268243
0.8405721080161961
0.45426515865335343
0.9950324633788321
0.4148762287610899
0.5866382936714049
0.1221381030102318
0.7159307637609692
0.9976769608343016
1.3997927141320925
0.024026988092154762
0.55931350575702
0.2741992678270578
0.7038757486493363
0.1340175377713036
1.0175880217428621
0.9673867049038226
-0.02785873293366603
1.3071628561396653
0.8693679218281262
0.27098345958829606
0.06973592339376514
0.10335021257838584
0.22831671409275245
0.49946397661178127
-0.08796519678803186
0.9531274156884093
-1.2435252643348316
0.46976544323964875
0.3169620439712862
1.0581128508585464
0.6311660666899764
0.6121799391145432
1.1568323565267529
0.8286029221503932
-0.2486667652715011
0.2750628056779761
0.7991754837968195
0.37655280304827987
0.31006894456873685
0.6531557276149309
0.5255571381157196
1.0788076077873645
0.7673390188536703
-0.3287642983534126
0.35440542982142137
0.7430462107420737
0.9715840053157239
1.0254759893678365
1.1756953445551424
0.6020179256895718
0.9046850579346215
0.992863907504868
0.6475058607468996
0.6282044984341454
0.810358650846415
1.195601198195908
0.667564270317238
0.7790264849421477
0.8519733690308848
0.8302507537130118
0.3127866831800717
0.5309516736104929
0.8641154033090808
-1.2687736231446118
1.1865749845701365
0.3003925542498814
-0.018926303525458432
1.1708868671486141
0.9046030758874248
0.5072012497291082
1.1986984341691975
1.0493552703346656
-2.9783628902868107
0.3750674711179254
1.5063915784729698
-3.2650963813684033
-0.06860987956304937
0.12487835586281537
-0.3959107683056402
-0.4517425072473861
1.0249309864266314
-0.5480812495970384
-0.2802186962711181
1.694060739178242
-0.16149673459187452
-0.10725763555421312
0.53712453351043
-0.24142247360760394
0.38124491482902234
-0.027289236536859218
-0.5021482251779666
-0.3953340351900018
1.5582184559701222
0.4201356766754975
0.8935479309740587
-0.36040691738759756
0.40265586914089657
-0.2635605342417173
1.6978837023005762
-0.37785403878248414
0.5978154858897645
-0.22247134825848608
-0.0029460545351826517
-0.09535984806281697
-0.1062091824344937
1.6838818263593431
1.5870030797468062
-0.08534719017938505
-0.0711982565187631
-0.33886624153605677
3.4355120036714006
-0.5882557235341894
3.9254998308272087
0.7946347990001508
-0.5092542198573043
3.9388918040967105
-0.03898808664454781
0.5532884203200261
-0.18822069161955862
-0.041633917015326954
0.14865058885172938
3.8092155400391907
-0.21080852152100316
0.18230408632997458
1.389723720083649
-0.16350081166985833
-0.1287801127190313
-0.35695575737788016
-0.4172461549027443
1.6182743165208109
-0.4444880063088565
-0.34666589655182933
2.324058470037672
-0.11246171168350322
0.3561774996814035
0.16427044688654494
-0.20164870284274183
0.04131694552923687
0.11585551028930391
-0.5194742302990967
-0.38306847969792523
0.9886115264391451
1.0445181585167154
0.7276678344352701
-0.35980319307970565
0.10573268023373768
-0.029157237319596546
0.5854872735045399
-0.3822529468738608
0.7554469251651248
-0.16388014089204486
0.2637449905139119
0.10165640802574288
-0.2239042992520926
0.7564176160926359
2.8143207162329364
-0.16235621461184196
-0.01936009603374883
-0.004847175142724702
1.1389403172117207
-0.5215574746507202
5.051809897774328
0.7381766546778517
-0.49648365513257686
3.7885531307429576
0.24071694026189744
1.6913774361288598
-0.267877474829622
0.16172411845465393
0.8577191459952593
3.7419648130339853
-0.19513107948887287
0.17017335711805365
1.08034699777894
1.0559529584152036
0.38983442879047603
0.35662747695929214
0.4927197000774167
0.4066454984483313
0.20889670851835163
0.708429511813998
0.295022874830603
0.09372530116822284
1.3107436342949328
1.2494772009090978
-0.04338580650530882
1.1420920753954151
0.5816386520097566
0.21845727426989545
0.12303533844316758
0.08695099897297902
0.17734948322116872
0.8074089494769424
0.3192094488445607
0.8233273343320715
0.18257590203368343
0.2972043873930298
0.06762232318849332
1.2733680553851487
1.0613482088183526
0.3685498824483055
0.6783691292278503
1.1931814976375559
0.603709035618919
1.159775082414621
0.7958181075174195
0.21714202958899517
0.24444949502841673
0.6093582468664767
0.38105344492171195
-0.2100974167586811
0.4558947219885343
0.2289086694451156
0.471747972196088
0.7618235645261474
0.07661942834587222
0.5349172892507692
0.7007263434181923
0.3554688208201495
-1.2493153546372844
0.5227423024121778
0.5023882259588828
-3.2070404733162725
0.7049726996681612
0.3715601051425007
0.03498542463043828
0.288691522544773
0.5043839388344413
-0.1666166127361783
0.04383494825140085
1.2020547219346511
0.28120983517176634
0.12770019765166102
0.29079672295785264
0.3486441591035603
0.2613698849824375
0.3913442658438343
0.028114318807618152
-0.14845261413970937
1.186346180456734
1.1588494018761022
1.0557940925199396
0.6493313337474429
0.17232140851684447
0.5423710951933355
1.085880052183562
-0.05495966195098973
1.1276461100517272
0.6310742443607632
0.8193864869919374
0.792037406057485
0.2693924154322762
0.9172428947017875
0.8038624972992102
0.4035392747256507
-0.03963312020615562
0.26545719145334135
1.1313196406242672
0.26385915856785447
1.6971501896001098
0.8507938599697956
-0.22994139278072934
1.3204367081067687
0.6772767268956187
1.6198106891741266
0.379727675193607
0.2702685371449447
0.6457997828317736
-0.04697714708334233
0.565242402085249
0.6070501800743942
-2.016998379570282
1.1725017549584849
1.2751192124288515
1.635252931019247
1.4041739313069068
0.6644569652510811
1.5299687063220566
0.7306926741691007
-0.41874386895992605
1.126235107060622
1.0955279770093231
1.2780938535593118
1.3897327595316122
1.526810728069954
0.4107588213411838
1.800938834175803
0.39727302010593424
-0.6676049855066857
0.1589841773755365
0.18068392348957157
1.962685637815708
0.7060901048999102
0.29818121102362266
0.6732325619670355
1.1022856086474953
1.3771595144806819
0.7509207261966291
0.9043432872758891
0.821478147223964
0.4724731877021727
0.00192115570482293
-0.1752305397628963
1.1083392709828475
1.4104581459953196
0.4727988112851511
-0.20468123395607685
0.5357678311957473
-2.339223651196276
0.3318442146551504
0.9102459198234868
-0.6516165282884309
0.8939331029873927
0.5831179343888309
1.0730254129948866
1.2327160150521383
1.1538795246440272
-3.106971479598995
0.6158346646986765
0.37708474044135987
-5.774878075468202
-0.2513045033640555
-0.06836860181909174
-0.5877451929822246
-0.828336958037506
0.6989987832808046
-0.5879036706011647
-0.3334054681899837
2.787006454464678
-0.3280008417521565
0.049788348764059825
0.02441006756387222
-0.3555275997396081
0.3625365138506326
-0.2985834322756891
-0.7734517328902482
-0.55812771017676
3.875758511746106
0.9079294028064314
0.5832727644269318
-0.45595357448012475
-0.12392678490582361
-0.1685385875496208
1.0531673791099916
-0.5571880379909904
0.6124383467216636
-0.3969026151331124
-0.313036670224929
-0.13615729049220837
-0.2462722606058453
1.2875042849353793
2.4407691752779144
-0.2570787982559103
-0.3481078970228242
-0.4383176511469819
1.6861046310678822
-0.6674918921907689
5.431486925593283
0.6739504984580024
-0.6228476538070171
2.3507617231388847
-0.16781830235241116
0.8010298122992676
-0.34443060593559516
-0.2716676887544925
0.950672822078179
8.966705081021107
-0.400798507503924
-0.28737847051592025
0.5409526053412239
0.5003692477544612
0.7537089317456227
1.2425276430442043
2.231739676466726
-0.01900331742815608
1.2595924616681102
0.5866167386069625
-0.6220130114260036
0.8098524950051438
0.7402634698322584
0.9831897562673962
1.2338351466578894
1.8476315827534227
0.7336095449791555
1.2500457570035073
0.634093684058511
-0.9786995780671108
0.11637219524304199
1.0324184973531918
1.085863838592256
1.237678162614136
0.5534100893056715
0.30982416164195703
1.5336269629500057
1.326307010785526
1.8779435027778626
1.6219260748596382
1.014915301964725
0.5821446070111038
-0.10566835357937132
-0.18101621491064782
1.1124587411793003
1.2720631139941543
1.4577721910421988
-0.6708209520358046
1.210457513960118
-1.7550241757259026
1.08009413322262
0.5369675752444258
-1.0014828349205651
1.455322316531273
-0.07167813359256756
0.6427322732172304
1.3681900947556187
0.9015120865281144
-3.398712972131082
1.2662000788659282
0.8461258010519385
-6.272298523040243
-0.22402621390712957
-0.27882396973003387
-0.5097298197847172
-0.6392302257752156
1.8612119802419818
-0.5551537889168792
-0.27393929641133785
1.4267354597454376
-0.26763616364021675
0.3644262986725251
0.15573806769388676
-0.38192299148467257
0.4569205672855451
-0.06782808249229472
-0.6584683970188379
-0.5757962332436717
3.6441745572854223
1.3104650225321823
0.41990846876520793
-0.3328866163119248
0.3247432010290241
-0.19980107032551034
2.4978550586621124
-0.5221704359728938
0.7598110741984594
-0.3526017534903685
0.08404578253882211
0.12882876731023152
-0.19483033207053935
2.5248718583497203
1.651639904659361
-0.17392933218881726
-0.3494783548596927
-0.16126995846113806
2.6547828289388917
-0.6521776241517857
2.8004412919468145
0.42395692309002314
-0.5414380357647064
3.499151196710905
-0.11508462266895456
2.8501950988160325
-0.21387662035408653
0.01354230396399242
0.5226721575001929
4.309335320992048
-0.43713457407053513
0.01591521640530777
-0.215712538758704
-0.14970895479636212
0.04182770401250342
-0.2258963331946213
-0.02262085397391822
1.9109936932978429
-0.12844306292048446
-0.22746202723829584
0.9653159854783611
-0.27056299730210476
0.033635135930597526
0.4811664683872592
-0.03580178578760579
0.4827486287579528
0.27222631759837207
-0.23397282290820953
-0.2067982248729198
0.8852764002003393
0.8775506462150362
0.9330129508196192
-0.01325259145902978
0.7178621614033452
-0.19155173231538924
1.127834203657149
-0.25427730637034185
1.0184874340616619
0.06597908502408509
0.22521470442542946
0.2181809934669457
0.3073627330954957
0.8922630096280508
2.1607841252151063
0.1337569053688731
-0.04789781002681116
0.143523457207483
2.8269533227237886
-0.15422752746280288
2.5836291363177506
0.11817729909407922
-0.1456664063096602
2.4072689962716716
0.20685308914620743
0.5736748485252292
0.16486085601050493
-0.14250551466316028
0.36314027983541436
1.5318437907847886
0.14984806740987097
0.5380637709312381
-0.2717344895626556
0.6824060738607723
0.8663621375440801
0.4184395195164161
0.31534861540578724
0.7461909745465091
0.5181073045107056
0.26078451739001546
0.14389716329625968
0.7638042968737344
0.8094740159574286
0.5062778723530318
0.6967667364354228
1.1909104421398005
0.5067156396015698
0.6245970883230487
0.21537575422388308
0.44839422073105806
1.28890523371138
0.6017913346473617
0.6691501161627093
1.1157979031370047
0.11529976699350435
0.31503494077414945
0.03943699118537792
1.0430423325934846
0.3575620399863558
0.10128988372578379
0.5221996498047765
0.2823227572383979
1.4469408362413896
0.8203544272988978
0.617287105318307
0.8731195187677563
0.9136123723032514
0.39070219205722867
0.6035193577765616
0.48350152608626074
0.34762578800233335
0.5997778541276724
0.39697395148601966
0.7130251334600786
0.4447339718705733
0.7181546302392094
0.3513323118934287
0.8393326598931028
-0.5714032635743984
0.6984511013516348
0.8124912582374025
-1.9326996052566918
-0.3157326335052658
-0.15853131942783433
-0.6249582179901274
-0.6575859140578528
0.778649454601605
-0.7025972516424309
-0.33949580002863156
1.6372772170595602
-0.42991185024738704
-0.13680798257791435
0.40202056600427516
-0.35072895025975126
0.2882350017282363
-0.1728093820885791
-0.7272819547204107
-0.7013038547986682
2.119297576768996
0.3487988951835197
1.2690440280259052
-0.3847313908227982
0.0832367747508641
-0.3191649539265314
0.5082603286551802
-0.5607866037909971
0.19278831769494306
-0.39396572681379305
0.009040386282418544
-0.006060052985578379
-0.2780494004463989
1.3424718391161434
2.1618731308232997
-0.2787073020654125
-0.25565595777547667
-0.39864605732890857
1.4054816525808422
-0.6695588084837296
3.9974375625573964
0.12968538641329383
-0.8017326437379797
2.125312748861908
-0.04410551053423775
0.6217597883936423
-0.439385821825102
-0.25244609141149976
0.9301763706027141
11.16849601867166
-0.4794728326165354
-0.11925709570457652
3.425387935012628
0.746161708402062
0.16075517417694862
0.12116392882957924
0.4773817852449632
0.6126063236042818
-0.009408855082072003
0.12799085007786837
1.3926927188859228
-0.04120221687446529
0.7328120130896213
0.5373788224283162
-0.13358439098440944
1.0940191102715469
0.026980416576618052
0.3324868787061083
0.24001798563609292
1.0820071230935566
0.5126857055837161
1.537513189563511
0.05035884911791779
0.2698719856787363
0.25060020840821584
0.8925557124875532
0.3268076886953234
0.2839460631883145
0.6143687794170944
0.26787584312847207
0.46285632909953284
0.41715850848705366
0.6082834641051867
1.8776400051294369
0.23929564887327878
0.5785491588903544
0.8236246589422398
0.7562228029161409
0.04234063743042711
1.0420252989522976
1.2512339638308634
0.019368206488511217
1.2626401297213037
0.005932824517046279
1.0060530811028716
0.058045869607535924
0.09506536898699357
0.9007950251253896
0.0131272702209696
0.44126006044397487
0.2486758345250239
-2.124740912165373
-0.04428495499507029
0.22897124978219544
-0.2784587006370972
-0.45718979852274644
0.610566465251425
-0.3135876319142902
-0.012240024579783515
3.129822937172672
-0.06043228703659989
0.21843563969138288
0.07827052910053922
-0.09427014406361894
0.41078957685315615
0.11515657227324685
-0.42497158894900994
-0.29475687987486904
2.241860015632375
0.9246756334008502
0.4428309159662646
-0.2417378146595296
0.100562491396254
-0.009459961788740506
0.6409362660907281
-0.28104803637773357
0.4961004869949548
-0.21590214811961775
0.32274056310430843
-0.04010255540594364
-0.024944133686950226
2.7262079801850403
1.0623403078444262
0.05205111149512576
0.02276134839083943
-0.05714669262401886
4.232856408953126
-0.5102006776269297
1.5871833622457543
0.5481253739902715
-0.40836216860076896
2.88829148715897
0.0461309251726911
0.5688354621627957
-0.11260582059040354
0.21070946851102534
1.200015535485075
4.764104338750439
-0.09404095174582244
0.01792991739957754
1.162186157212092
0.8719472595016791
0.13803472605070105
0.7059521395772049
0.7561365068169624
0.5427585333080577
0.7726491468838941
0.6498258714120764
1.255326929118504
0.1517071074059415
0.4449693106175297
0.9967530223218093
-0.03659496615406857
0.6463795578023765
0.261639890545592
0.03756766064474641
0.5403545219148597
0.573308939468882
0.6493552052506552
0.6296082696236114
0.6918104265763351
0.7347341733599974
0.19716448535057923
1.2524499676833967
0.9112753430422434
1.0038066931538148
0.5798643000391026
0.06105276860381155
0.07933920119398702
0.8734599324425552
1.1417809266531238
0.36083298959559096
0.2103211393107464
0.7848297534500622
0.7161215954218132
0.7761850958440676
0.0999011488253263
0.6805319749309428
1.2478973665219089
0.44499692967492194
0.955176973208107
0.7156475209013461
0.566618244420121
0.6954541581926343
0.2915580325289281
0.5673419879731905
-0.7996051601780632
0.11877407772951838
0.8280905042008586
-2.7468751738464245
0.24766387881614915
0.14544193136626837
0.8209927459596279
0.6711043075270456
0.8432327075145153
0.3024833438927164
0.9622070970208035
0.43163778376322054
0.061852217332224665
0.36214898114134286
1.416035387818677
0.5811580213230583
0.5841580362265959
1.0187129922707223
0.4070161768075245
0.29595854734156996
0.529155976177835
1.3603208146344061
1.4814132270264795
0.5410754126472915
1.0467697848590054
0.9012015495498064
0.29857081870714264
0.49247190579619193
0.7548442161516244
0.45859011283217693
0.4970266214379949
0.589615608777205
0.513046267747369
0.36987841821889067
1.2412199265743276
0.568850493506177
0.7710825842325805
0.679773625081545
1.0676067757198326
0.5606646718330024
0.5651381503274993
1.2125979895650092
-0.10951894636088941
0.2735180454078993
0.7148368621071178
1.1675908042317429
0.5682944181520898
0.8369624647264828
1.1217607475053375
-1.516493116179995
0.5066234672267405
0.626441230253701
-3.1329855302529124
0.2856189345669512
0.4725090341308159
-0.01096096816633102
-0.1898375807297428
0.48997835987043314
-0.13706407722452812
-0.12342566918565359
1.5695728850285833
0.12847103148254327
0.6566631374743039
0.23515398665496048
0.15393209893708565
0.6068731195060126
0.04832839047911569
-0.24730553999815824
-0.21903995779305424
0.6874986285241182
0.24303609778634178
0.7194615948973636
-0.20207490752635465
0.6607523038777952
0.12610594992221014
1.430436925575842
-0.2468320380701232
1.043950126329158
0.15426030039757957
0.23071801806279701
0.3823985270485628
0.00550139512585647
1.6066767989984498
2.6546020493580986
0.06854218400307588
0.276474742070908
-0.04556889156047017
2.088131156112576
-0.3100997971604593
3.206014236449718
0.05729192305222573
-0.22190869855858678
2.129799539528731
-0.007668726092021065
0.7947783143029812
0.04212065009172247
0.32002142824131
0.40264778733095197
1.8798933113565797
-0.14725145286744773
0.08240668162883383
0.055807686976026005
-0.6016673650855252
-0.4788766716872108
-0.8923920133639498
-0.8535787022184178
0.6792111076704486
-1.2307854210029572
-0.691828152881711
1.8196241960195096
-0.6433650751519644
-0.3990127619350592
-0.08564451702506304
-0.6422655904921244
-0.30116033577057305
-0.5905017273733026
-0.8972938839570732
-0.8046328123650495
1.5216192475697188
0.9563647799961821
0.6290662241247842
-0.6782721154978224
-0.37775909961193543
-0.5019766860357263
1.5505294321733891
-0.8695724120336477
-0.12636072660134695
-0.6860864465279641
-0.3983032760283405
-0.4210446805234112
-0.6552840242592513
1.2013403732105985
1.3327925818019648
-0.6143278063604529
-0.5866151530356101
-0.5737404855239475
1.6492723527411837
-1.1261870326369117
5.1223047788893155
0.23666133916487742
-1.0465408240581013
4.914864978030233
-0.42428448895834864
1.3349527681068574
-0.6118146899533523
-0.5078621751784348
-0.08053431978263056
7.808707267572582
-0.6891068116912319
-0.3741239370511933
6.251229067633022
0.8201472629230799
0.7488251636892306
0.1643348625415671
1.1685251899111093
0.3792245429590255
0.8936297458972364
0.8752133284632321
0.41457717097892993
0.5426027378550382
1.3504007141074181
1.1391751871775044
0.5100722796883609
0.2931484687528881
0.33022641690113763
0.7958216230005611
0.7625810724253005
-0.07060080803151643
0.1424918446690827
0.32664867356870847
0.7060956933575828
0.49436644422681686
0.4524829242404987
0.957268935789
0.5763987104292969
1.3065132669922699
0.684840503704818
0.5482271246631966
0.3486057757560519
0.31940552585279886
0.3236048778887082
0.8765699343448418
0.7970394964780904
0.18336798588887762
1.3110891803353644
0.5297614457275528
0.10538569639975341
-0.5536675370831572
1.2765919389988367
0.9604603277199562
0.20551689558722733
0.6467698713028068
0.5499260134100996
0.621927914029001
1.0270390954868103
0.488850568422329
-1.900430248677243
0.5647775209986854
0.8665377563091725
-3.502171904219516
0.46612511263534717
0.8141770050921189
-0.08761712099868631
0.16499589169188258
0.7086803001119909
-0.07099506423317642
0.61419413957059
0.35323190292835044
0.050203492527301705
0.19718386671241928
0.6892267889695606
0.5993933302369594
0.6721485084701728
0.24592138816991724
0.17380656169987196
0.41206730458932095
1.0187878000892345
1.1415658005095488
1.2662611749183312
0.9338070645676242
1.094968618427428
0.8189681435958239
0.1731950642564129
0.4591389529396122
0.8213926212800615
0.5418822358843712
0.2970893523958349
0.031155790481694846
0.9288310345362325
0.9264269686007423
0.622858171291904
0.7793031306716781
0.08315463083856581
0.8207684077140238
1.3877723417136
0.27381266633365825
0.15401299440957691
0.5035383119054928
-0.08653790493777921
0.6639418334318656
0.8596958439152853
1.1534129452289201
0.008466612947294037
0.22435371170568805
0.3316533425328865
-0.06621922374756939
0.031655769413449907
0.8590161058734487
-1.0463051812186213
