Architecture: combined
Number of States: 22
Parameters:
6.560202862556712
-15.0
-2.738279111056183
-9.60164997533409
1.8540058954153413
-14.73025824799379
5.225589688145315
-12.800276824310872
2.5255902765282126
-7.289023507567249
5.727658361707276
-12.244941637871909
1.0843302579056826
-8.388013239479804
-1.4369450985513026
-11.513948655826754
3.328476045348117
-7.760065240649543
-1.3841712362739433
-7.320383188270475
3.522574693460674
-11.67964879265012
4.817701504782612
-15.0
-6.058428176972138
-14.240091347644846
2.8219107170467024
-10.56599817016581
4.175639121237944
-15.0
0.7730336120057024
-7.389832070484617
3.214528044015553
-15.0
3.0604036030343247
-12.669030744116132
0.65922722387743
-8.22269556493268
0.2008285096831059
-5.232814703500379
3.7560305749137304
-6.863481999938214
