Architecture: k-jumps
Number of States: 10
Parameters:
9.364987994526667
-2.983240623815418
0.19347370005429604
-10.28552606081296
3.696079037648964
-10.508445219240436
-1.1136778956322875
-10.847802781350598
-1.0391489360986625
0.3040732233205865
-8.062040972202636
-6.65629143525889
0.07777768922648823
-11.026162157298064
-8.470260597008755
-0.09847343083128132
-8.33542530564446
-8.828585004940846
-1.304725289528157
-1.9029664768484702
-1.099575618680086
5.542819596585189
-7.165730533687371
1.247622516324758
