Architecture: k-jumps
Number of States: 18
Parameters:
11.846643291099717
-11.408738572995816
11.293836876937885
-10.268257236994376
11.427806977977992
-10.00068940244889
12.27681303538914
-11.303961174548187
13.526837500763312
-13.632045291605674
14.999994719163741
-15.0
0.014036290048917904
-5.2384223626935595
11.470886451027855
-15.0
-0.8838152280222389
-0.10477040379951282
-3.610408905088445
-11.83132383582465
-0.05972613213643253
-3.1376958753389625
-10.573496584164797
-0.05726450250506562
-8.42537551124788
-9.281103151354516
-1.0449550817689632
-0.5530766276404049
-8.605241194085176
-1.3442390868478837
-15.0
-7.560325956966296
-10.337539181001699
-10.943467920384453
-1.3403133593857663
4.742008359356675
-12.750742707714009
2.6317118536810327
-10.378690563123659
13.217291309313744
-2.849240148725544
13.245298186562996
-12.984959941046242
1.4364866814301303
