Architecture: combined
Number of States: 18
Parameters:
14.927429669073913
-15.0
15.0
-15.0
15.0
-15.0
7.091144866804161
-11.23054589934531
5.270684132587667
-7.838233941709131
10.725812975893852
-0.8790751223756932
-5.370334270402299
-8.54604383437388
6.744365451340252
-12.744743330224994
11.697417548600626
-14.998678851704645
9.289812243980412
-13.707720897513965
-3.0463254362484586
-9.093161745744466
4.027977685596139
-6.323037310049859
4.139501087830254
-5.54749738454189
-3.0582970462810377
-7.2243765534501945
-4.307676763626037
-3.2648468403964843
-8.502190838017864
-7.073120414892545
14.454191467725837
-15.0
