Architecture: k-jumps
Number of States: 46
Parameters:
14.817525471481831
-15.0
14.742664309018044
-15.0
12.42464277544472
-13.167513144805339
11.06252217739077
-11.134489522667652
13.49353883797006
-14.989876052122211
14.112024410774882
-15.0
12.295361210979392
-15.0
-0.01716852977965174
-5.614222987379819
-11.90155462979439
-0.04921121153817372
-3.349694665906
-12.451388197897614
0.011824865346356836
-8.944370335034458
-9.351403745905118
-0.08966080896296827
-2.5090544377467445
-10.576683249543462
-0.9096168952866993
-0.5431171816105759
-13.717414584057922
-1.3805291741372974
-11.79833529999809
-15.0
-1.6116893728290829
-15.0
-2.9295525132701448
-2.79252876088819
-2.4221999269403995
7.1820321774113856
-5.92354058082946
12.879878292387389
-3.4937319468861348
-0.3972674400971024
1.8848070463268674
0.17705104163297106
0.24897664451651577
1.1671923311144974
0.8380697742347356
0.8271824534677847
-0.032779020377050785
0.6481078553979798
1.0953556447501291
-0.01498831858742375
0.6723588574715699
1.0250447135801908
0.1242099318854056
0.5349454123734161
1.0017810472761308
0.020205526605269905
0.09799526826104886
0.9732977300760794
-0.00646008140347351
0.17680691932746528
0.6629644701666102
0.6351237482581943
0.0732922915911896
0.6709441027829615
0.5903744439218088
0.3945543409106642
0.6223482348030215
0.29185789611331514
0.16793060399193227
0.21086938753471957
0.4551502837764325
0.3034979049016023
0.8116124513219994
0.4542899836953203
0.6951767756199405
0.007869579405622038
0.2241160159522442
0.3990738937645133
0.12796990627675606
0.5613319086100658
0.27764684313865456
0.34407364723519607
0.683970486782441
0.01583762960448537
0.5824502647230423
0.20633163317584097
0.8270130058245281
0.4949283637058828
0.74766195474289
0.8905413074065353
0.2332189522965853
0.5046000827830299
0.9569779547611007
0.9438524316643205
0.7542245046032081
0.8386771724051133
0.6275918612234301
0.8457322713007156
0.8034195313181821
0.12365348770592333
0.6493297974142469
0.3725465773358698
0.4131820413755132
0.8828502802734011
0.7301105772723848
0.6997694409473639
0.7149255759110862
0.6819699653068267
0.18447942631616632
0.35677115397459735
0.9808218837379048
0.6494896729362531
0.10780803176951892
0.8689842330337151
0.9981037567339288
0.4486557470083531
0.14580087580464218
0.8189500000821808
0.5452186247627262
0.26689834362927556
0.9491989224346941
0.2264163688120856
0.6293241665333531
0.8733871430170275
0.8024237193452302
0.9255073166447896
