Architecture: escape_chain
Number of States: 48
Parameters:
-2.9450401571880405
-2.8894339533383793
-2.834682944340098
-2.7726416932654425
-2.708818710582597
-2.6397014851787532
-2.5652904179401173
-2.4856889917525704
-2.398291548712205
-2.3033832182637166
-2.1974645433945303
-2.0796534440487915
-1.9461135488436476
-1.791966697704882
-1.6096721160208587
-1.3862919295904923
-1.0983893937164555
-0.6939669666274594
-7.846119965718349e-05
10.064334904443037
0.13904037329423324
0.1190446914816169
0.29634776029198606
0.2687455009186652
0.16789116084070366
0.37846099518032794
0.09255186173497432
0.32476458423126386
0.9064146964101953
0.029910746272197253
0.45505060474394654
0.912291485994639
0.3310387036455559
0.16180723335579494
0.1245946627670853
0.5034258806635172
0.05440504058235407
0.27129528135436265
0.026273986571196617
0.5796193810146505
0.17708639216985622
0.9960544223883214
0.30961425466984194
0.21188306444821192
0.9891236696379854
0.9326360914477924
0.7252463831564901
