Architecture: escape_chain
Number of States: 28
Parameters:
-15.0
-15.0
-13.824618778178587
-15.0
-15.0
-15.0
-5.425677559050619
-6.10518367932333
-5.0103918103789775
-5.003738087963288
-4.1429299045919405
-4.281980883161389
-3.847363326968058
-2.9542743893241177
-2.9526929859153164
-2.50093673778828
-2.1792517684571266
-2.336378507987972
-1.9190442833558214
-1.4318860715222308
-1.579557438508178
-1.4914304582496252
-1.003767535663248
-0.6342052391401959
0.06025432208441792
1.098703316504196
-5.1496377542291105
