Architecture: combined
Number of States: 40
Parameters:
1.3682828498461126
-1.3680931607935078
1.360411942325737
-1.2992823893184335
1.3437227280707966
-1.2284022121894893
1.36540577973841
-1.1351000987810047
1.506834845487048
-0.9574123716716033
1.4992662770546157
-0.8899812305457202
1.2686713538440892
-0.5986177712180202
1.5537231148269735
-4.211378996284492
1.2008850138300051
0.24469486967642973
2.3957091183563173
-4.875184856711126
3.260926996648253
-5.122566615055322
1.6853487896307533
1.4311600094782078
3.01190217828249
-2.7595374955511023
2.8883597008142616
-4.140373962668913
3.022867483580265
2.169560800960903
-1.4808107828220134
4.199199995204077
-0.2744472109511035
2.0286486002883715
-0.2277516156251585
1.2791187134030269
0.959230709711286
0.7349666997193861
0.4723337699871291
0.9345904035177003
0.10171178502115807
0.18103042703050068
0.47010903915789554
0.79992540017154
0.936944863711072
0.11258365237734322
0.7489146680059349
0.4087659258162846
1.0923640086345496
0.9230709132118773
0.7347566445466691
0.37502943108828574
0.8674853814820389
0.3225013750209377
0.779759200233479
0.9513503292210022
0.3074415586271549
0.602619096841895
0.6567957950615309
0.2789702957546695
0.3067992671775152
0.36889275248134124
0.6713903051377044
0.256816057256109
0.4165193472148705
0.5937553255058399
0.861580811091877
0.9201501802672049
0.826639643432186
1.0318571305428619
0.525990722647003
0.23811979837515856
0.3318067252322457
0.5973502853701986
0.8365491498864087
0.10123070573385445
0.3202289925849679
0.5162654749904982
