Architecture: chain
Number of States: 42
Parameters:
0.6237014921324735
0.014383712158192674
0.07348530163329547
0.5152150170600771
0.45815686717864856
0.7461970660600604
0.43106815059573267
0.9860263439776716
0.539450632046983
0.797726562996613
0.8518129977157681
0.8981325689916511
0.7541019410062232
0.04939306164355317
0.2739613409571132
0.9484025699703029
0.24914053409899384
0.06822783671212707
0.6903911758703573
0.9556854307432299
0.8779714549749077
0.26187693688794456
0.6170934671479859
0.359645470883184
0.7785279035081412
0.9008736721422959
0.38107800509570555
0.38391124250996367
0.4615298210625861
0.037990965643801
0.4543779175743474
0.3392201007921831
0.4071684395284796
0.7368080056062386
0.5473530970054884
0.6911372173202276
0.8967533402010404
0.5652711515771102
0.7910123792233291
0.49953656942074365
0.22400103369858648
