Architecture: combined
Number of States: 28
Parameters:
0.8941723374986781
-8.991718780229052
0.7342507929246038
-10.663147503478815
0.7612679559183426
-14.518550774115631
4.138261518847278
-6.9919131257772245
0.618885493555397
-9.071079188606737
0.6667446503123373
-6.4880399203669095
0.6526009655129554
-3.2970150305685717
0.6204619771523832
-3.9832214684233014
0.8025293366312446
-2.99165335496161
0.605813431287305
-6.407860255602237
0.01412940843065996
-0.06149214372658813
0.21743274666251433
-7.903752173169694
2.171150728212892
-5.50952695928097
0.22280157280238452
-7.838242087336116
0.1538917681581889
-7.459071491032152
2.4611528954969524
-6.986356530362668
2.0370225666845916
-7.542803658420993
0.1787959081401298
-11.23919584824167
0.20670924296866866
-8.870477321994128
0.12908367137228585
-10.065132225470554
3.0087589350662496
-5.5397618007680896
0.9838837837560802
-5.938977978376985
1.0572841732752893
-5.208399354837033
0.05775177486865597
-3.84824185103358
0.09605344993577104
-4.691822264538578
-0.42247140397594635
-1.0153323465300528
5.574072473709125
-6.5209484873978605
