Architecture: k-jumps
Number of States: 24
Parameters:
0.42358561496867086
0.3087766391017226
0.9853262353074999
0.6966690629885471
0.9439634661024288
0.24383153238315713
0.33420291863631757
0.9985974762513246
0.44100298248195136
0.33495763779465126
0.8844445347852561
0.9237422062412997
0.633177024439252
0.8281706427841269
0.5071877197307175
0.42545440520263955
0.48557454894072727
0.25472698737478405
0.012206234007472117
0.230948340687941
0.4110305932552648
0.1465485475420314
0.035424034326008824
0.6387293381910066
0.5778631691253105
0.2272181704353975
0.8185168299602047
0.9217722321192305
0.13285594741546403
0.4834137233340675
0.8451240711115551
0.5159596735953133
0.9308958051426949
0.15157802157699407
0.5625423159210223
0.2976692596766011
0.6622237788721784
0.6322805636739762
0.21755243832469717
0.18265073740455295
0.5494391443774963
0.7368765026308534
0.08681252243872639
0.9460845573788811
0.7218571379927091
0.8102309314603259
0.8968263551804389
0.9128505556364122
0.26145610086411575
0.6159065101097283
0.7142119882726135
0.879148088146321
0.7999959745290544
0.30694174929507767
0.810346068868364
0.5847000690908992
0.2089864985284693
0.8451074223666896
0.9064863743754563
0.9242752687029181
0.5530051939213736
0.8097469486877881
0.21712090333923384
0.6505754740896555
0.881603190466151
0.34076159573340903
