Architecture: full
Number of States: 38
Parameters:
0.839771785339229
-4.359378391327822
7.369035826097016
-4.830016505431916
5.926052633573476
1.242975898196503
15.0
-1.1494933122687698
0.33625077462082575
2.752496935570864
3.8089208446126497
0.7709227335435215
6.520118879041676
-0.8678043252648218
2.417280526721166
-0.051945020402161396
2.2226740426688787
7.402140359815995
6.5282704804962925
-0.38921316951214113
-5.3741968185624245
0.234160986350122
-3.9176555687181174
-0.3209611061612707
-4.278697902267276
0.9588775763316958
-0.6045765600850532
5.553163512345423
-2.1308313999149924
-1.136470258158715
2.637173758963205
3.288395859469424
-1.8873922748576386
-2.946341981826899
-1.796364963536049
-0.5313152219497005
-15.0
0.29028293680824435
1.0284366977409691
0.4828339735903951
0.526093760912739
0.7618249777794267
0.11587598138231278
0.6103136102606388
0.020008235948003862
0.9639189585952201
0.7038272992754354
0.48765559186540447
0.14993357774450644
0.8192907757519264
0.7536365569117083
0.8489521384739687
0.9285807286345962
0.9829588145276604
-0.004490530534508496
0.7680911891703923
0.35982932067042506
0.7032732553472305
1.2519867856152396
0.16762269098081356
1.0827190950918189
0.8643250150141611
0.3007721023282895
0.7783476324159387
0.8528219791019227
1.0571165081225293
0.8978435433761867
0.7159753842227959
0.014370487590721152
0.7861526913225012
0.6967386129630652
0.9804010547100297
0.9998759566781098
-2.632374823122569
0.11694960843355143
0.5596187171816094
0.23280781611878873
1.1716587153820885
0.41711585749125374
0.08254952627510462
0.388730333255682
1.1407420363662437
0.6298942501732565
0.522565980221856
0.1781961993214831
0.48985531860818315
0.2333023324134629
0.4278564379648866
1.2145672529781395
0.4042606565497798
0.7063726521394674
0.265275019748954
0.9352727226716064
1.017860136815045
1.3690968872768083
1.2950305643924345
1.443310498256039
0.4351694928881265
1.2834171343720586
0.6133312361601511
0.5872324407808359
0.17017157356985674
1.2407655216799531
0.4836493005059488
0.3715018838010712
1.1446050043956286
0.2588984832456403
0.9769482258527108
0.22990657927337022
0.10765810840360926
-2.942480547656557
0.16509529384816957
1.5293541168962879
0.4758524821787226
0.3401623983689219
0.4591463547672578
0.4816454144876331
0.6575352961679523
0.887677639078435
0.5162644780931323
0.9904849197586146
0.3685271676894913
0.39312484963935745
0.5772826837651477
0.8190601077498408
1.3974369724275815
0.48878883475394186
0.835638378044642
0.7313798771794753
0.31432365404113977
0.536613735777895
0.6875138032892425
0.6727513144780607
-0.029272611874507273
0.10097648657128246
0.6973432084345254
0.30352140340259015
0.14046282942580315
0.6559803120581431
1.0810375877211933
0.2957221681435516
0.5817876504411014
1.411418243597865
0.9533657564522652
0.6083189910060259
0.7195462900474606
1.1625422879849951
-7.371514545788082
0.9550350240852121
0.765403555084668
0.4003599274158309
0.3794778947714636
0.39395953968649655
0.6049500514205483
0.2751293534246566
0.2728491830796994
1.0950661257431833
-0.008307754217014528
0.16398905698470678
0.8526899048897257
0.29083363801950163
0.5628219087753612
0.9957268024438881
0.14269197365783887
0.6551960082124307
0.36833017177692906
0.7499610288368268
1.3362129160423808
1.0288883701905733
0.5972426194579673
0.6474533379036969
0.5587421691813284
1.7421025707312947
0.07431331965904658
0.3359374220507594
0.44125227884979573
0.8394401166215801
0.8752138144291483
0.21656908189273857
0.8879931826971575
0.5669337109585115
0.5945419690609578
0.6693868417613806
0.9772916773990691
-2.094396957402888
1.1904238162635048
0.8977050341486142
0.44973604753098967
0.34693112079357863
0.2525132041363417
0.6615277891773579
0.26402599637839125
0.7662989869372899
0.1306325540842057
0.4804847174263671
1.1589819460747686
0.19345260067325587
0.8865089623333249
0.5348608974525997
1.4168489259051817
0.6725254601210839
0.7958685946169349
0.4460383265994255
0.6513435609244685
1.019047446239352
0.36710744384667193
1.1447301028208616
0.19052139253273223
0.4386515001923329
1.0029025243199365
0.9867686671947207
1.1650412696443615
0.7851447490819677
0.5961124710737327
0.8345585741722281
0.9513234387154598
0.5400726920708824
0.5793470568462339
0.38659731664445
1.554122491404495
1.0125904419522738
-5.401595116161602
0.15500936614155755
1.596989489358157
0.32298553995928575
1.0474778537365974
0.714969938558175
0.1901370302988263
0.4466759665807255
1.1210761332374843
0.5697739596415404
0.6711825141373753
0.11063827995286316
0.05739537636396558
0.19676675557330098
0.8557229550358083
1.2327441629420037
0.9078274104528348
0.021405663001105798
0.8654757371560541
0.4901324468365056
0.29984827589331703
1.089731725659355
0.5837387179429299
1.552050755111102
0.11173790337063746
1.5425839412790778
0.6152317837727436
0.7509651312135975
0.6419035341248982
0.17348296562850285
0.43386786436269675
0.33396747286526207
0.16170465789693797
0.146563462604254
0.38068184812815054
0.920161983525484
0.9772412245665367
-2.7258369052792033
1.77439057057808
-0.5536996326216646
2.7893505494365622
-2.78137327133522
3.7579236309320336
-1.945338280639721
10.26884773343401
-2.3318135077811735
-2.886254256365019
2.042947167041965
6.874527343488713
-1.5686538914705255
2.797317521517502
-0.41244373513273974
3.9780897068876424
0.2510554689489443
3.125474873676599
2.6593679766920393
4.390952800484256
-2.8613425612249683
-4.090227414203382
6.823369561455611
-5.31101804653792
2.9155169743668616
-3.525776619095523
-0.8972435041250704
-0.6874870942657247
1.2366300945506192
-3.236306010189535
-3.270285982065148
0.7228900297142065
5.1749442519352
-0.06282225028482422
-0.3749210740092899
2.0689888322282077
-1.9394057960812385
-10.510897237337907
0.16782897565429167
0.8474576377473969
0.615694974006382
1.7359870872326006
0.5078267159629172
0.3456212623574239
0.24540322794066577
0.23068809082900643
0.1533833737941436
0.6336008020636359
0.11739744079880796
0.5091036468023412
0.17233751559638913
0.4797454650939573
0.09653203769789295
0.7316994304967843
0.4797613035981189
0.3719973946198761
0.37327087382780694
0.6257411101077754
0.5476331409206415
0.4335270125275331
0.4223719413214621
0.08654449071453464
1.207577094672624
0.2854328549430785
0.9289866554090951
-0.03633536323937289
1.3566033459151836
0.24735919054023925
0.37358165799219295
0.18620554775415576
0.2338396327281158
1.0618949689960346
0.26438211638113623
0.7577410632154411
-1.460253316444477
0.9466656741026871
1.6519255872738523
0.411392415861971
1.673634242699118
0.12618015703754415
0.407992552510476
0.5377602625501188
0.3221927290203399
0.9283784459763109
0.44987191354364997
1.062011026112359
0.5134599275842514
0.6539474238031708
0.32762217508682845
0.6897629691501821
0.27749535882800014
0.35729816602811704
-0.002894978982292744
0.47202694524444866
0.7278685810759734
0.3705250426288726
0.38828712609508365
0.5038399796619385
0.28012722278412955
0.9203438849273312
0.6024870708854666
0.5416507388134673
0.2521511265159251
0.2894559723978473
0.819954067833102
0.2676630412894598
0.941158898591921
1.1733505349872597
1.0465010012286846
0.6573507013315742
0.8233100066690773
-2.1623124089123418
1.0469220751613801
0.371701381611016
0.7484174307283671
0.8914343036227974
0.2312176134252239
0.8486191842445521
0.9866605973846818
0.6789089422600736
0.7124332317518135
0.16037560687547336
0.324455968858308
0.02165731731545181
0.8751048850725432
0.009368601016446128
0.5548651443163656
0.26801804337057994
1.0221636773032616
0.14881216167617634
0.6922066495562577
0.8490027159943319
1.1645115309486416
0.5487547044628354
0.6948672115824048
0.7131906045809365
0.4643409016334687
0.47706695619434375
0.8798411278953622
0.7328146432632378
1.0268388734762133
0.6115424273601214
0.09710753308863292
0.404892945656932
0.913522707978653
0.21098058437887426
1.521563199892616
-0.008904298419010078
-3.3932147794191394
0.4082248149793526
1.0923874827296427
1.4125037993127627
0.5125816227859973
1.2297116801574004
0.9598202300435196
0.28606310588705836
0.3143932338466678
0.4336442204520329
0.3313470220054639
1.7225571348694813
1.1286899391671334
0.9644715839453162
1.1900242621278905
1.1166096541524857
0.3232590582490995
0.932328494783088
0.5277609591892329
0.27529220020147427
0.650271891366563
0.8708355580391053
0.6746600029691813
0.038062924363589115
0.6746332913384185
0.5168913921942959
0.1643069946808197
0.6020239923294977
1.4924263467884333
0.11874439379984324
0.0772134190017569
1.2108570968814683
0.7765871774800981
1.2895568787207052
0.22760136290633962
1.772220933126502
0.7542778170951817
-7.22555998323956
0.10169747294324497
0.5692199233788111
0.13664808781809523
0.35226607239195934
0.09645666166540788
0.6037714562877983
0.31788398372975984
0.3556046810302685
0.413020885518427
0.5972118162049105
0.7847868538142
0.26499963900436724
0.06888916160053811
0.8000490191741748
0.12259921671702402
0.4666799875144814
0.22644416082938365
-0.020107846530137547
0.018455776072515237
0.4552955188684068
0.7995768806796841
0.6439465626544059
1.7413733520876815
0.14840073431576564
1.4408977779101924
0.6398644869995993
0.906965616777521
0.48579480375785433
0.6752895850769368
0.2917900656611175
0.4119863284452903
0.3172683682147684
0.9923128530521972
0.8009818082659752
0.7208228229238732
1.1001811917719728
-1.8282762922743847
1.1952429654464203
1.3917986033918985
1.6794717525421932
-0.20489576091328882
0.8133423593637795
0.3821727510116683
0.9056195274826182
0.22659728061628395
-0.15335285254357894
0.2324303260611007
2.0389354564557336
0.07678126543033892
2.145925039971514
0.23235017821178922
1.4224665853419658
1.4009118679833195
0.30387586864413274
1.3456003436475321
2.6127209725724114
0.3001735268508745
-0.244614809328933
2.580292864640181
-0.9725032472888061
1.472647048627052
0.002849778789629151
0.6840674363750364
0.6033719332388229
0.924543068663453
-0.19766603019482615
-0.28658443575251913
1.3064414617647446
1.8816552082590552
0.40161888212615937
0.30652320607539996
1.6111284602366236
0.5410419025698285
-9.048649817786979
0.7336625826997671
0.7122688999338979
0.5810013100697811
1.4723193308676288
0.1144628059129235
0.7410960893540782
0.36410750869525105
0.5115006128927022
0.9040593631097359
0.4971592190457137
0.7017948801320154
0.23718545798112195
0.36886304442078216
0.8113503339087588
0.7972083262591909
0.89735191376976
0.08377825654227307
0.0921293707557548
0.23484647736122727
0.43814949960918226
0.6294266484443851
0.2764976665281344
0.4018631185789468
0.2099074279086832
0.9456836333292855
0.2150366585858948
0.4965305641676163
0.5413259744562869
1.2906091475710264
0.7331809282756777
0.622875875146302
0.6613078245518172
0.7346037647087906
0.5254716841018862
0.6643133191883217
0.18787488593624543
-1.1180800669571191
0.1930732959605755
0.5924553876045181
0.41305043898913574
0.7923846826237241
0.4631194091606001
1.0529625268234781
1.1012050717851942
0.6103581679233698
0.19097829295352572
0.5719937665454744
1.0467009643694052
1.0711567462148295
0.7536851183870638
0.6363374388368821
0.9759845923499556
0.6455336362157126
0.6492586593763472
0.6677973198806555
1.2589826075612844
0.9540307126900397
1.2703843030303104
1.24066740812733
1.0743197601238132
0.9569178407325217
0.6184028414537421
0.4837914992034023
0.6425158725523287
0.891231619414754
0.9703726432022723
0.5888957211934195
0.6697737974115284
0.4852558881560444
1.284894137442819
0.17264036158397736
1.211148957761321
0.25971949532656646
-6.154504963630842
0.13680806885458763
0.6367573984781787
0.36501892746816006
1.02216183643346
0.3338064290637763
0.366523026918612
0.4465761665662625
0.8714995651503203
0.18143808137765985
0.33450328580591476
0.9955077075662636
0.5536625563815519
0.5173982115210222
0.00623668215636807
0.5831298274617289
0.13004500548186704
0.1251612750658326
0.476459608954643
0.31021859897181003
0.3781175481537064
0.29492435600625205
0.9177784141810983
0.6759032870724806
0.27766505395892394
1.3691632312084725
0.9202905453722593
0.15521393104636047
0.03012936158873047
0.7842590667653591
1.1400371692855895
0.5487939014398735
0.8778698085538783
0.256076090465823
1.291394872453544
0.8498017679714907
0.16565566001038023
-1.7572753052468697
0.4925262422313742
0.2705077629955614
0.2995411171667932
0.32811379754297687
0.5479768995641076
0.8757948837773655
0.6101013920014111
0.1116342752209508
0.16599521270091375
0.4789040301816677
1.0526907308116888
0.4813934214643564
0.7309836226630172
1.1547543886501874
1.0103084529808088
0.17107469858971816
0.862478051529737
0.8912348237183292
0.5869909055959087
0.2580485453007863
1.2107220909961933
0.8242545776913074
0.9110948133703213
0.19448022343202623
0.8262783783406361
1.0936937161899676
0.4481524995155089
0.958983611320284
0.06176650526382963
0.7964917423018574
0.5733196493668862
1.0634295087480847
0.14061479192855336
0.29704111208709844
0.6694936247652236
0.9304094133228544
-3.6622523234279183
1.1848587180126875
0.3667390705191928
0.9536325791796421
0.27870650214634896
0.3557092077028339
0.3915050104912931
1.1316879585924904
-0.012128768613030635
0.1443539388805089
0.6842160884752629
0.6521683242766574
0.3083889751436595
0.7379129279986006
1.0756574812632482
0.879498277212329
1.452637319229791
1.489186879634872
1.3490218393011464
0.5982563223356988
0.5422898953776926
-0.09783849512194416
0.992691263702623
-0.2647264084071546
0.7917688856461114
0.6028087782150934
0.3410628270068
1.1113886124759444
1.7875163772211267
0.22054175459226474
0.32521795973163087
1.427928781179144
0.5390190127277114
0.6032438957965957
0.5299958055621922
0.6679385125934025
-0.03372830051595124
-9.74277579514369
0.2677720670688643
0.9205349774110092
0.29707310785318475
0.5155492351131087
0.8233875645931416
0.9726628587033033
1.333008100069856
1.0714234598043735
0.9256070428552415
0.7592644772120243
1.2187405474768982
0.5630940712758223
1.4489177609326147
0.7650565318882563
0.6336527243880815
0.9329360622890724
0.49130928453229444
0.6815713552165229
1.3894854223685247
0.665461832813586
0.8703090151879533
1.4179397757784944
0.14078585393905743
0.9492119428798793
0.8059690178698263
0.87698472332323
0.9432904573214151
0.8752597251085883
0.2527436620497316
0.4835985952728376
0.7459948619817613
1.109876531813681
0.7861943402965231
0.6713082623873899
0.2755717027068333
0.5350633618040522
-6.991539027157284
0.4901028199330637
1.7136644570014319
0.5287300803623689
0.7877798820793671
0.29215673560303407
0.3352219595141962
0.6157540553966158
0.2566364502190287
0.00411130777718857
0.46583072976761003
1.0934262828693013
0.20986409523929117
-0.11691126411570117
0.6054821656358057
0.9125585500729892
0.4378658675052401
0.7031893117357456
0.7873352289268039
0.5302319696435764
0.3030337452122253
0.33436328606480287
1.2707878956006489
0.32420295046727154
0.217675217593037
0.286859161694055
0.030828810579539966
0.25990316437769784
0.11129374064849791
1.1756896943825415
1.0786206693591558
0.7337621475544962
0.5490758902143394
0.41532731203237394
0.37328610324021383
0.3875551718233464
0.2782211673065505
-1.927062051791134
0.11304184946963997
1.6699336364705384
0.021273952040643973
1.1412570940606241
-0.09583736078137685
0.3365661398948158
-0.07217111829260153
1.0902519489021876
0.0801757905661791
0.21707478735407867
0.7378922244660311
0.5047509709902878
0.34470255855385623
0.2961557966073805
0.18946279362123614
0.5004202329260118
-0.1239552514263646
0.26067601569681514
0.1356662174066037
0.48808465851689586
1.5851630232340412
0.30798461173711955
2.177761376089514
0.27510757836508
0.3693406389266251
0.0011742536496260499
0.697453054019072
0.3497546990806556
0.37068496055702566
1.288848214212945
0.5365869314863176
0.3988835382669126
0.5833542155587583
0.11509898830545658
0.1952291275722557
0.14954791848399976
1.2006936468543044
1.0910902070105255
0.7694432585209785
0.5236599454999619
0.5426536062588782
0.6374793316553597
0.7369767458837821
0.7880476807298027
0.5154080378869007
-0.13206904196158378
0.41527510264203926
1.1936719870149803
0.6236277965611825
1.4106857147916412
0.46398727676095286
1.2938545144854934
0.8243728690519325
0.8476932643842373
0.6055820658163035
1.4051764775120281
0.4507787809232528
0.1876091270111769
1.6704510460142998
-0.2541115448570083
0.6531628120390527
0.9206498095435669
0.5037547578982441
0.33809311421734495
0.6666666973826798
0.3461053739225757
0.4058753292419032
0.3130201943983201
1.0341975491368078
1.0478165797202457
1.5747177073836185
0.3490537876710174
0.16376965043681857
-5.491043803849654
0.011514257402644404
1.4485357206946707
0.5034097226529426
1.4724068463621935
0.11907041521904693
0.6524159317045675
0.2392291835152493
1.217024413291584
0.6529134970693766
0.2832477408512267
0.6866527334793769
0.1630908377602613
0.29494892658045285
0.9505196284616804
0.7776530128967529
0.6503945081371313
0.6364087086740822
0.20302421242110286
0.4207639312065799
0.2389091782816643
1.642089692844663
0.5089733599951802
1.4051317977369047
0.8885768616831174
0.7615736322857342
0.6985159088735458
0.8521027351435142
-0.006110454133857092
1.3485204459817837
0.25156272444662475
0.5672575854062163
0.5076715617832714
0.0820253114822205
0.6552834004182507
0.021399563492115945
0.6492498276757394
0.5948493845871062
1.1411579195885133
1.2195929219676813
0.2785563352297185
0.44367606566660844
0.057773589440637714
0.6290658240287342
0.7363846207731382
0.4500934573967526
0.4529487604495274
0.9105003081442854
0.7541717540475137
0.8916837865603942
1.0590329561791005
0.870721226130715
1.0025285124832153
0.47440216488877074
0.386960150170735
0.28243746537413733
0.26866042970335785
0.6119323462598644
0.6418841696819444
0.5212156637602517
0.5234829999741744
0.3506710243633688
0.1712884256167625
1.0037636420720006
0.7458580793901041
0.6046971894198948
0.20870348898821492
0.4059579144532276
0.5170613583120885
0.4077070652673004
0.5874298856424595
0.3997809538953831
1.6348283056205717
0.8571011620118228
-3.540553522428296
0.10441299400262767
1.4676982052489358
0.2676052151704376
0.2803495248831163
0.4275138317973512
0.6249361942743582
0.5231451821190768
0.8171709865872705
0.00655129594506829
0.4970700836248502
0.2612122476560295
0.489596242145567
0.6427297587289292
0.6544156240455652
0.9178603483648553
0.8061609995349026
0.780033470431992
0.005035733568603468
0.48605648792447076
0.27752991825295287
1.2943227989835202
0.5419127869319748
1.7415364874224968
0.23871647747161717
1.1261210494094847
0.6049367191217041
0.34001011847407214
0.2522561856798381
0.7964771475419317
1.0447223341560454
0.15994172030313136
0.39678055610945767
0.7863645298883927
0.5798286092066705
0.9768490140187407
0.9573799103158364
-0.18929249702735876
-0.015351180269279016
0.8115402970565596
0.03025104050028683
0.2935506643165527
0.6709732446768856
0.32134579325311535
0.4337140544089067
0.4213695878234208
0.4093070716471493
0.5048569441609722
0.07840608036146177
0.1908967397361084
0.2556097142448164
0.3413952270870613
0.9215868043633931
0.4208352985228832
0.15149313581909396
0.2754756186610037
0.21420244374684072
0.06355904726932304
1.4612557821507017
0.5951006534304304
0.3494894705653436
0.8730823542123682
1.387141036322958
0.7200983688448401
0.7554718606802512
0.12755243784906486
1.0591101310847986
0.15143162502160054
0.4708276905811293
0.5515911875846282
0.45991312518255223
1.1263726590971803
0.2853242579035509
0.7604597348137078
-2.0471312016953793
0.5804435409602617
0.3927334630311945
0.626322784963851
1.5179513236435656
0.17050044797432395
0.5129854968348541
0.34996658959189614
1.0243308346141111
0.9559022876074217
0.018946713121502447
0.6964251720612608
0.7664346143878986
0.4765136943987194
0.7503243439785969
1.078406931848418
0.9168893173131565
0.33268019321500847
0.3647061237339994
-0.05083202298904963
0.8981292130807785
0.3479316780769136
1.071981629299462
0.5126037825249344
0.9861820539722722
0.6414097703410745
0.058863282145961045
0.8486596443427125
-0.02683226253926606
0.9937924191999807
0.4180173792691926
0.31841356082661937
0.9156569588539012
0.2207001684970196
1.0408472204775452
0.2953273953140722
0.7590010540134103
-1.096269440635709
0.9311755090047832
1.4002057601905913
0.2550025588964897
0.4235759534377339
0.19748839996821027
1.052112149949951
0.28757347748636003
0.9126474480694824
0.11677697262620763
0.5777390553049511
0.9703309333477799
1.0912751184717675
0.6132358013231891
0.8535686734018798
0.15060085226461867
1.0886841459960266
0.09732180291197765
0.24573556956802486
0.1613225301034166
0.64139018741236
0.6976882163313324
0.5776208010674319
0.5813286221625724
0.3232201454610339
0.5902296124104979
0.6374135839539561
1.0116384003042858
0.02275597161038245
0.6218873071261707
0.524686773296645
0.6079907210226093
0.1347731253727655
0.5494707518321436
0.17722457923695567
1.1247637756372646
0.44699934705060757
-5.190534382696664
0.5862865721297913
0.7963477115466909
0.5227508906368913
0.9459005014973753
0.025387154170507697
0.4291279957795264
0.22008195590135748
0.43750720190873255
0.045458236474279344
-0.005747630585979909
0.6326809160823678
0.6309648440028528
0.2863307440099861
1.047582396138615
0.9588364123786718
0.7616369076314665
0.38837358937894945
0.5288851921785943
0.5746817579923474
1.0065798024119328
1.6417311017355414
0.3753927507529395
0.7621469747298926
0.12528984786835648
0.6929722277416945
0.1767194501842854
0.7881906251148193
0.5455533659792254
1.0910947703226062
0.657000044310043
0.13201814547950128
0.8959019043379848
1.159438214897266
0.25809949961598216
0.5256717266838685
0.31000576910057653
-0.6047316093266548
0.5668491382037018
0.4129625734067157
0.425876859771026
0.5102835887519531
0.5728199076976432
0.3132154938995168
0.5424486988132137
0.8865038103836663
0.8750999020435568
0.6359236729137814
0.33794657773900627
0.5057772262900813
0.21799036124358845
0.7913463792827784
0.7476757829866687
0.28224096660108094
0.5338982636350851
-0.06309775267229425
0.09954544722863731
0.35732469134233147
1.6522673120852926
0.3050951029252883
1.7065820409484014
0.3069775146251761
0.31102997994011367
0.6456105544746205
0.518166321307415
0.363437811270167
0.9725997764092377
0.12962719881936147
0.26512780440907713
0.6310955263188802
0.2131148206329395
0.43243655281715726
0.4379486212340316
0.38945301405693766
-1.4112146502693508
0.5670031740373626
1.2818502051251257
0.25688203409387295
0.8834000641116982
0.7533630501603108
0.6447121194654282
0.734533935508268
1.128419580105507
0.30526217040393994
0.32964063468594446
0.6705565979099005
0.2801976496695257
0.7563135871820085
1.0655663516576468
0.7560201049085232
0.8199113244273247
0.2308976025609057
0.5148347886697092
0.9223718370196494
0.6701089633079432
0.8829123663779794
0.4315332353657655
1.1010162364200702
0.5272607456673453
1.2734480132529593
0.2649708139054222
0.8349407763324103
0.4326696002415058
0.23612668144826096
1.1087202028934757
0.7572802730242532
0.7046707393544579
0.6631388250658578
0.9617806295113615
0.9370547830546782
0.9881737276297576
-2.136227384137721
0.5801468121317397
0.8464453126319654
1.1138959086878084
0.6681658281787994
0.4646487354888034
0.6376094820951064
1.1563299585047326
0.12688045349195717
0.13619215654119138
0.33120516951268225
1.3476359668262865
1.1038227933436862
0.7139222896265239
0.5347243220696978
0.6019692682576031
1.1775040014713558
1.1817448053539328
0.6732954627353528
0.3681125534532711
0.49966823248212333
1.1403951962346683
0.9676347024109416
0.06705200741947394
1.1320864348519448
0.72079902935611
0.27460224049827847
0.9477908995967044
0.78613404017706
0.24342773605343632
0.44816337250342336
0.4401669109802328
0.46840143436608817
0.32970587626031195
0.5961000416467681
1.0398592564502185
0.3301573637340404
-5.707998025915004
0.4068185531510933
1.4312699982756982
0.038216491373419384
0.3970570838025224
0.35383888951851955
0.8364023257955826
0.6335500568182736
0.8176479299015814
0.637333224940651
-0.006982724453461239
0.04310607873417329
0.8643749431475769
0.6434125723950843
0.49315068366062054
0.7964671381092098
0.7750933571859873
0.8137847149377554
0.23009675626974269
-0.05301550775416634
0.46417332671140904
0.8680600901298167
0.4797025795185591
0.2734950051163424
0.6883950224728957
0.6338102129730816
0.033491766243027306
0.2911550751030187
-0.054446747679559884
0.20291652955370162
0.8300551500192425
0.8576968522046172
0.3716407587801902
0.42830913720507635
0.7388813634141634
0.8015040741087096
0.2910754864055424
-1.7047531723641156
0.2199412157651779
1.5968176836159609
0.36265725491559847
0.7378907854976603
0.6334655421937492
0.5199728280898365
0.6099214990146712
0.780188871810028
0.5161739535642343
0.4721222129272094
0.5984294764178372
0.838390964075065
0.15332082225735874
0.3013990715189082
1.1930831991997592
1.1202098342757327
0.8361907436292391
0.7314962109502533
0.6634037942047504
0.41457831936198836
0.6443017697975953
1.0989896083755994
1.4633461311199136
0.3006255522441355
0.4840336601645346
0.5260724174891014
0.20244954690045391
0.31433236488102195
0.8443867954331297
1.0409888106708498
0.3199225228225599
0.9133518436221137
0.2889734525123967
0.7273810077587156
0.7932757798899329
0.9499895047325468
-2.475281532807723
0.7308627575116748
0.8660608881505407
0.8028614149853426
0.3317635916775113
0.400837865320404
0.6909792396149912
0.8523663808254621
0.10578043601333037
0.5568653509279206
0.6854629322639993
0.365053999465348
1.1250704596237653
0.698558643950472
0.8155818440830038
1.0876903831283118
1.1638699537049646
0.5212516333720498
0.30604413755071297
0.5108159299691036
0.6887326948785352
1.4512711521531143
0.4800265538612352
1.1134823668244787
0.2698882438294744
0.6397361572171358
0.9223192371774339
0.35421356058009673
0.10602979671869701
0.3693548484913454
0.6723090024279547
0.39083690749515293
0.9390357038027731
0.9359483197035542
1.3768857502959255
0.18950805468344903
0.3475792845634491
-3.703879290595914
0.26101360123436573
0.5095915530178101
0.22932331098246003
0.7364071929839212
0.39335245837694083
0.36595517023772867
-0.11885845605047292
0.34662559257704545
0.894132238844409
0.4087394468949704
0.09100304910634849
0.024076817402695738
0.5102440830783096
0.0201108260508239
0.3104055413604527
0.2742767103869464
-0.034331380762491495
0.7707921982822735
0.044442429032808387
0.6773548798536205
1.3478497777486014
0.9857423139779748
0.9815806184929977
0.7383489836693485
1.408984072090103
0.14695516013903567
0.9907200962073125
0.6123749135557945
1.2732715786001743
0.22332166201426826
0.024966117552693567
0.6293889763664201
0.9531420285187047
0.7585939707820941
0.6184646685071755
0.6711371146087481
-1.7000533824021575
