Architecture: combined
Number of States: 50
Parameters:
0.787515027656946
0.5187502622301524
0.7821407467255178
0.1606939631234534
0.0905419408457504
0.42379197711171446
0.46371271441549033
0.9937756526445729
0.12817854363722558
0.6246598709166629
0.6425586968418645
0.21235049874205858
0.13232226765027455
0.49367509559799894
0.6135581667527567
0.7154980678766029
0.7773151878479787
0.41104548529874596
0.20075818709053506
0.9707771847652539
0.07382079451103585
0.467138778351079
0.4336419083310852
0.030761547017971735
0.06256154210119802
0.33113565420271107
0.42225733253096653
0.7236970910483401
0.6599903865619301
0.376560315801856
0.4880008203282763
0.8947365421492807
0.27709029791521145
0.0529436981509791
0.44757392891214964
0.7961242313252447
0.3493300707466117
0.5828286956389771
0.4617503758538334
0.3926803321084543
0.17783190077756128
0.8054755781053127
0.5488630186550487
0.7140429713264511
0.8656839145165244
0.9173190781934003
0.2403326759900255
0.16878610375211112
0.5174006403243762
0.12893104578105452
0.8907648555962381
0.22195018562970004
0.38614729514826374
0.06550524076710473
0.8431542587748031
0.08991296555644934
0.21120228188048895
0.37062224580063285
0.15605633165631438
0.3082408756028927
0.9370860692718612
0.6979893834727865
0.9682820330944908
0.9996333802605591
0.2570435545842553
0.376915555255807
0.9423082538938176
0.7687305875064979
0.48823138880356354
0.08270853261025912
0.6532267695312343
0.9419395905602025
0.0051224764176919235
0.3690289941509255
0.058348276718572234
0.7102954112507524
0.08430057668792545
0.09418848673790359
0.8899499509949309
0.8107962479592127
0.669376561408141
0.20008334204327405
0.23934660181056078
0.02774049299420478
0.7984435690133872
0.2830342748890974
0.3715342343410357
0.68021802740438
0.73451585536312
0.01090132136922517
0.27979112371704706
0.7471710629091348
0.09146776670317991
0.11582638919930066
0.16473447423782517
0.9523184702426601
0.6719891230154655
0.805970049473271
