Architecture: combined
Number of States: 22
Parameters:
0.012056042682220824
0.70261240384115
0.3935228870176669
0.08968900552942516
0.451229457820027
0.5531261957744152
0.5626856777246447
0.03790710549055121
0.5101433529921232
0.8996340995725186
0.024621943544015368
0.6645989679420168
0.10765563825652125
0.6932742051340864
0.2896313067559374
0.6561395066666383
0.04961524194448652
0.37439335466279067
0.12988683262197465
0.4699122738166758
0.5130436191573455
0.1923033023605326
0.9586460715168013
0.7377941113515649
0.3569948536778257
0.5670476048593384
0.9385769550041883
0.8201158160721189
0.4909237838656014
0.8971505180090162
0.08401112921189569
0.5833058030907201
0.7732822572602206
0.5314576239248113
0.1948852953812259
0.684696185720239
0.862872918443394
0.8743978048253744
0.6931268546341721
0.9471840478522127
0.3754494157061502
0.3934357449169167
