Architecture: k-jumps
Number of States: 36
Parameters:
0.731175592970807
-1.827917635137372
0.7014635215034449
-1.739605408623126
0.7186247235125569
-1.7661111401652212
0.6297467413100819
-1.2183867987950694
-11.512098316502131
7.533720921189819
-3.9552338366978796
-4.3422761357516
0.7822874768686595
-0.8104690088578892
-9.860673785789498
0.9675588433050336
-2.53321040843257
-9.493943686295012
0.7378212391890537
-0.43846852933973635
-7.417320488970925
6.07468925838015
-3.0136746329170805
-5.19460015643942
0.6127092543232814
-0.293133685964595
-12.830965034734671
0.8224026085349679
-9.431745990861714
-9.407982344827781
0.8592083231479798
-8.757899583046276
-9.367580037163421
-2.0196263519723274
5.712046181464516
-3.915694694785822
-0.4226332979372151
2.5933326342956193
-0.6516352943547083
-0.1563866257148286
0.9952913520330458
0.1427065014018486
0.6789481659758391
0.981735755901625
0.28824308494394546
0.2377165274544538
0.2693602224982817
0.48420418301748014
0.11523441815263474
0.8461000244433552
0.6017062862860192
0.19612051633699573
0.043233156970931955
0.6349924825680057
0.9168056070843315
0.2470671990269845
0.09938695611272162
0.4564366716166426
0.6731104343041855
0.3487739132385951
0.5124486949943414
0.01673864544642223
0.45507351427130116
0.08395574151024243
0.83670876495174
0.28592943299036677
0.02356321488704638
0.5864590348727521
0.7882776532219049
0.8541836649353247
0.2418317722527954
0.09364216569959827
0.7479220198466445
0.27144347137613634
0.8210083568500468
0.12441932742100237
0.4898334181594499
0.3750678940619797
0.09446214505112449
0.6805256043846452
0.8560947520744
0.442935825372894
0.7712147957222599
0.23533631070139882
0.7169267151137383
0.9691935125791854
0.6076445590927718
0.998410986326665
0.5719111018044347
0.5063259921450166
0.3839009521922345
0.6776435971114697
0.5738848896640409
0.6756487769280136
0.49617719513783576
0.8996558431734843
0.6088113011107072
0.8912525874705893
0.2542032722238382
0.2717224390516483
0.3887277166172316
0.9503409625637692
