Architecture: k-jumps
Number of States: 44
Parameters:
0.7964804561821146
0.9132740781394176
0.11835652558042287
0.1280534428205602
0.4867519393547727
0.9569148025454444
0.8010516846026337
0.2383451800598162
0.28072502144460787
0.007645291775734919
0.8457179874667381
0.25979084786089246
0.7530298344936392
0.8977715759714249
0.5703481606749337
0.7599304406614568
0.001742493101551612
0.9836566336361238
0.031088267564480243
0.7574738810400765
0.9368284312102281
0.9976732174872803
0.8773238176781055
0.697056142397014
0.3745546557733085
0.6500506870374717
0.33981207356378207
0.6009021407874311
0.6875481755876165
0.4651234759870977
0.5069382622671312
0.2467368469431186
0.6231937835647886
0.7366517785057822
0.020324362379643746
0.7479847418333723
0.05165685760953198
0.7266595906596411
0.7667702803926236
0.8077399748652492
0.7716541239728488
0.6829675106116457
0.6354909974885878
0.8904587931430127
0.8185999210076641
0.9403346354186589
0.6001740594866816
0.06755993883124833
0.9155065472014631
0.3551865785156614
0.06650464365823983
0.8345251337413122
0.7706939314309889
0.7510845650940033
0.6772953309002574
0.36252076278874645
0.06783210422867825
0.9361598752817768
0.6158201248748278
0.156111610850712
0.7626423148918993
0.4901932587540402
0.2765377953466045
0.8871846286469467
0.8779758344173823
0.39712842544669114
0.2245682406604268
0.46609957719098083
0.12272245775627266
0.22007888245935925
0.08195750133127278
0.971399053228263
0.6227083083650908
0.059141549228543755
0.9793822072495821
0.4125646148389165
0.8488090261761151
0.49734274172712956
0.453825373850269
0.17710005894759984
0.5368341175006998
0.6514803953999183
0.09517536569085983
0.4408983509513603
0.6619042594469385
0.06662068283116873
0.40810843283113973
0.77118271158987
0.8390700236671721
0.08721883757237037
0.02633158258207169
0.81014249972024
0.41806169397800685
0.5779655272933759
0.8473539954536868
0.7257732387997239
0.8993379871778664
0.666313882548397
0.11208323216500404
0.16219226644624385
0.05777643770432783
0.4465076860010305
0.8913927015990682
0.9825159286413164
0.4265967767441349
0.2690677026752496
0.7644143570768639
0.6199829690769155
0.7825935373231896
0.9207916360777869
0.9354638484208311
0.9957379372756874
0.6711391328033233
0.26693705316728267
0.3570224671914154
0.812897401252475
0.33374746370313024
0.07855844347010699
0.9775178196529275
0.10352877393308457
0.3642391300671751
0.9839480742136751
