Architecture: k-jumps
Number of States: 26
Parameters:
0.7662748124232378
0.8459990032295387
0.4188898206606523
0.4033003508183338
0.9126777586879947
0.9089233695473365
0.7376807482945806
0.4115471485817539
0.41569671752970827
0.06447453564595584
0.8314470387190722
0.44795209883403886
0.23609409941816328
0.15672761457984685
0.9261869830708708
0.0979393950416384
0.11048896454370316
0.709429692578875
0.3479638306172522
0.9476581307730779
0.7743938693752608
0.6215476946856306
0.98659410253655
0.635865473056715
0.8064376268942374
0.9410526646399838
0.5412362958885931
0.2869698720194136
0.0442587153136319
0.37530373690921315
0.40140885897378664
0.9871462298979065
0.706313914091861
0.30474688795613003
0.07886790201162941
0.49042596500457225
0.46038083252189277
0.6353448391743794
0.990919792982373
0.27471354632510714
0.7274508128610622
0.15974806125425456
0.5945646255872784
0.05101639766199406
0.43181399477786564
0.5021665516658905
0.45943480063648734
0.9505777524611161
0.34383535640813245
0.13176908639417484
0.26538646763388984
0.560393012584057
0.8233865165091946
0.743353316519191
0.04801541623298178
0.2048253437498867
0.6049969259555819
0.13975961120276992
0.07896708504626515
0.8655140165799035
0.289122961926925
0.2025003111749052
0.9951571302681733
0.4956620713701513
0.4512315483953149
0.777822905143126
0.27379438588165883
0.4314066793330654
0.9775145842401852
0.5351481009411986
