Architecture: combined
Number of States: 28
Parameters:
5.199179013634569
-8.090465417366149
5.4539981514307785
-7.911725606798442
0.7114712876783449
-13.758864866154594
0.7435699157823424
-11.263334296984647
0.6965230132390257
-10.021938276132097
4.431539458220176
-6.498666085230864
0.7046238510063211
-4.054792904287661
0.7680267797966963
-5.608414583210238
0.6784914165115796
-2.067323065572048
0.5349298016471951
-5.851889323689253
0.4719447007010429
-1.7204274634244254
0.1186390105802287
-0.29882247158035646
0.40746587354796254
-4.160504111734178
0.34989246219220344
-7.44366992035967
0.261277275215891
-6.366195296628499
1.1771771641476128
-6.277694399499088
0.275604630138972
-14.999931927690662
0.2255307833925572
-12.68560568627453
4.206711071246981
-6.218679478598611
0.2805296466892975
-11.506218060957497
0.2204636266515923
-10.003604896271135
0.24493971320405508
-4.906039026272026
0.3585923822833778
-4.25469757774815
0.21305236486752244
-3.410700220415185
0.26919025597179774
-6.4905510208819885
0.3634748329561287
-5.297471980249071
5.857068113513644
-6.880340776650141
