Architecture: combined
Number of States: 46
Parameters:
0.02146272876678712
0.522761524513988
0.09242768417228031
0.25397917027536265
0.14335867767430555
0.07792334768520659
0.6138111354490353
0.050142148950843346
0.6850356655231049
0.20731980488946022
0.8166628153794312
0.9750522084979332
0.36103895174762735
0.5878353144463316
0.3336954415884922
0.009065690999261689
0.41956385540031893
0.31032021796897125
0.39623105107506185
0.9417643937370914
0.446442693435951
0.10384684169167446
0.4464867641720577
0.636578867222219
0.5214613861721848
0.666319105045332
0.18848772018742066
0.845403343874995
0.7733425491440451
0.0797300308607054
0.1964712604253197
0.7168264391498936
0.05410726846628
0.5642352031496464
0.8674808540228812
0.28686312356465216
0.8258357707862679
0.3204584937681524
0.7330731685741286
0.6780928039889537
0.0671854585158943
0.25703855677978293
0.8684794567993661
0.8662089122213499
0.09563873074391083
0.5341266344788307
0.7078747702793315
0.6918749643010973
0.4254636205055411
0.7020368043446711
0.4879319019825151
0.11017284522999549
0.7331401704148434
0.17478812695454737
0.021021729808578415
0.3610744362780589
0.7763987053024287
0.8768256395370685
0.726114506432746
0.601466560952303
0.0037194748661499855
0.5384531535344087
0.9509907798960564
0.2306852038038858
0.46890462298746416
0.16144385220207913
0.791811342817163
0.6123191469079563
0.7984245350915523
0.03202128416264827
0.4642796790770284
0.1378983580555514
0.5542827482463905
0.43456253044641124
0.9782865900833959
0.9409987106315039
0.35456174111124217
0.3061668335852863
0.9214397979135679
0.295505007997377
0.13798088191388613
0.6879878951218762
0.007163948082524185
0.37145578787012357
0.37024156741505854
0.009367241385815683
0.12375543594944383
0.49402762487979157
0.42558447130610677
0.6090863815836522
