Architecture: escape_chain
Number of States: 24
Parameters:
-12.517726123116136
-12.448873724311929
-12.447846409574515
-12.605687816967349
-12.567670342673532
-12.617209301154432
-5.510259440451951
-5.505378920172104
-3.995951653615392
-3.6688337127055997
-3.347233694201291
-2.5836668490104273
-2.158440446473288
-1.5775640778355224
-1.3047481641866567
-0.9924631776548402
-0.7990496812888608
-0.438521734319735
-0.48361250199810973
0.14324745413666376
-0.3585988801626842
0.8477702583450635
-6.202896415488333
