Architecture: full
Number of States: 38
Parameters:
8.849803670449049
5.6915575279935995
-10.483534989199997
-0.770886234838365
-8.442225851176374
-9.851514489655827
-10.208902806609977
7.787155167933851
-10.223254491950081
-2.244748047753882
9.79348348466075
-10.47543990746453
9.482494552744107
-2.4616773028382295
-7.23374490979881
9.65986637855189
5.720823051035631
5.170231941316546
4.04593924147832
10.006761136116529
5.933444853576451
-8.52416509474625
5.961161059068051
9.496693396037763
-3.076201262047687
9.497661721335831
7.073888386574425
-8.358932923566718
-9.384268409538327
15.0
5.461144936527109
-0.280347426945834
3.091090318899503
-6.289669838665413
-9.666588277617102
-8.344388540739091
-15.0
0.18404537812061522
0.2684951208931115
1.5522983786527347
1.3557399520670739
0.9344746749702753
1.2451505233342748
1.2184734816944687
0.9106050608373345
1.1595451415217866
1.2290545870203833
0.30882885596277787
0.8482807639499436
0.5873537894854468
0.29782667002167557
1.4507319645931471
-0.12693594461071764
0.008867375838278265
-0.14242269178243996
0.22511828770132666
0.3994191687055
0.3862945962977424
1.2892087301648834
0.5279757329240446
-0.13466273135179144
1.0341966367269348
0.06512715630878747
0.44421541224178235
0.9011397640288471
0.5842129832943879
0.19551915740297574
0.6576949377775991
0.5281704041940822
0.6882839308488531
0.5962470088707527
2.116985744507182
1.579934556742534
-3.975663014286785
0.36026272732332204
0.7854007126024365
0.9999645361975166
0.9076113040950046
0.9720569828721606
1.0465522828315483
1.7471839947148535
0.5775277753159738
2.248523402088413
0.5214304944569672
-0.10954767451426242
0.5232243838374966
0.08987282681880926
1.0387184738259363
1.4630404910467505
-0.046075301935579994
0.43954417283425556
-0.07265824295257463
0.02559131551903917
0.3197354864940046
-0.0705478737925937
0.3524785115330419
0.5882920720178941
-0.5886708692812539
0.9267106967772771
0.12496271343171499
0.9419060565103191
1.1926963272825606
2.9741378327959285
0.1041438888573871
1.0381276968110906
0.7728063108397305
0.25673081950793436
0.6088077675516852
2.2295044796024706
1.0680776967447712
-8.790195502172574
-0.11674534008561657
0.34112564768452375
1.5915686869106627
0.38460276362125245
2.453079776685897
2.6297366988494355
1.7934868346559723
0.19252698843945865
2.0487938765664366
0.4914954091934323
-0.3900878518284269
2.342163096748595
-0.06011955782555358
0.4091644579598608
1.7454073133313213
-0.14457372088426668
0.24786487043806088
0.26709824504675983
-0.7166587385000469
-0.21670638654109586
0.3738971781546901
0.9467202861894402
-0.27981150972911695
1.2969384429206212
1.290321750033862
-0.34731715541537106
0.3809535611168112
2.2149017940852507
0.8041976014837829
-0.5749298916941192
0.20799443430728487
0.523019794266283
0.13696257814319726
-0.34866517860455887
2.0743271178967797
2.710913207449017
-4.329934244565569
0.0897451976757731
0.6242931183097487
1.0489588580653613
0.4083992709705821
1.0076218224457203
0.7807154496232158
2.0843011816038346
0.34796055936483383
1.9027744669597493
0.5490832461119656
0.06278513553433579
0.7388942551509651
-0.005389160845320028
0.6644755249459146
1.0236980174242587
-0.05515499995273833
0.38521555074011316
-0.13368575252088793
-0.07394467406713395
0.20940034831044887
0.46621506453032713
0.9287529435612686
0.2907182287536456
0.17984556626139017
0.9715350908917446
-0.18388981969784446
0.11928314191968972
0.45372838616444383
1.69080629667448
0.06321120819896124
0.165844282983831
0.4302439947903406
0.6069863093901263
-0.10814480025878678
2.0421577549533203
2.4064239210285785
-3.0895741348184487
-0.5610272156115773
-0.0773134714813221
1.292998218970439
0.25027989770994136
2.654951757910016
1.6172888992994572
0.31492670774466
-0.39850578990649643
0.37289580486769486
0.17880501769850468
-0.5648828488571402
1.164970800794937
-0.5300795796875225
0.3891630314767611
0.8029993162887344
-0.5068505728393696
-0.16782244187463013
0.04479340757148687
-1.023436108093039
-0.6484091052756144
-0.06893752192498614
1.0200098959934656
-0.601963845980892
7.793455763568127
1.30280575007647
-0.6414843020084094
-0.1359242232280065
2.586570329499491
1.9432075545952667
-0.9162302402361888
-0.2775892835865474
0.7449430466178363
-0.2504631511545978
-0.7288673611680926
1.2114438933079437
2.711882099146396
-1.9977099104497185
-0.47024667145158805
-0.20227939395183125
1.0110213306964033
0.27808521963520205
3.445567869651061
2.386275220559651
1.4231669981275556
-0.32184533097470447
0.2900617368297644
0.28761582138070074
-0.4855521976626025
3.2255444601641177
-0.4990264432428331
0.26692289998739216
0.4289112325938671
-0.4095828671768313
-0.11818231368089614
0.07688551977480712
-0.9516511026373702
-0.5057764692517499
-0.046773083818186234
1.1281711233181542
-0.5365217422125964
2.0421309479348304
0.4201926704114081
-0.605759744419991
-0.2050256997671375
1.0976754934427602
1.0068523639913545
-0.8425208582961009
-0.04629206652046826
0.6574464099189982
0.3143983724600916
-0.6931806820051989
1.0464496281132343
7.835676948314517
-1.1751732860977508
0.0005340020190680648
0.3458993156575746
0.8514543150556667
0.6873996192400224
0.7916629301661453
0.8909177427069724
0.8911410532540089
0.5313943152617304
0.7838433786608936
1.1195019155084363
0.05692305961602395
1.3256076609288518
0.33524744425904446
0.41501803723192304
0.3643421342067086
0.11192560445847327
0.358070291419649
0.3167696165729949
-0.5371278575684176
0.05503915887987923
0.13899633354456048
0.8107005958260357
0.02188208486516324
0.07566325575612676
1.47523032299104
-0.06907018343398835
0.5736525641226552
1.3712172828498366
1.7734681247956325
-0.29150246329036694
0.5524978662074751
1.3084209587960678
0.9154487310825364
-0.21559706222901925
0.6654376443051235
3.5981243498240305
-0.7361368280198354
0.7208723522507167
1.1862880084710687
-0.18471984334130528
1.7059770078745558
-1.3336929893008893
0.03114282383337618
2.4268463554002406
2.880307708791862
1.0503428764764413
1.3430114923677816
0.7836165642454402
-0.8377231431670213
1.6978865668142273
0.21995927251779582
2.7802841843083956
0.3212278931199857
0.47336425082813754
0.17754712456966412
1.6352055545135056
0.9580146122932813
0.4119887783129253
1.0785898048588738
1.2084707189593165
-3.578154124410603
0.12501939672137916
1.0525021880989434
0.7273535931155439
-0.42164369117288947
1.0666649867780882
1.0237827457117652
0.9686282650020661
0.753251822093997
1.1597501997849209
0.5933754494494494
0.6203343763579402
-1.8298317409462026
-4.464273013921412
-0.05658530191958889
0.3772207849053935
1.7413819017282988
0.5393564043134587
1.5725542212687398
3.007104744488192
0.6463895107444282
0.19212831937834143
1.734192402923879
0.498050364788345
-0.13980831997055373
1.2268522202916887
-0.12891509583735253
0.5510361835676623
0.678286142846991
-0.017518025652234308
0.014281839813373219
0.23959405601774955
-0.6942804988313769
-0.13380047847337198
-0.017556395768734138
1.5726744803160118
-0.1524358569775576
0.6385479412455772
0.5134783044008604
-0.23590829844142092
-0.0068892777199829
2.496759643150022
0.772935812460609
-0.5851436624485863
-0.14381848379746756
0.21435286415367782
0.5907200766228478
-0.3569850642322697
1.308320067370518
1.9493250001903464
-0.9775929784914403
-0.2856746480092056
0.18227342513587583
1.1595138195903332
0.7834702307466234
1.734132838697245
2.3657225792255328
2.2290188336924723
0.5311397679264981
0.5373816498042524
0.9815097406833533
-0.29257876314296705
1.733809073958384
0.07224847121949239
0.8029835816041807
1.8191318790290651
-0.2761545419177205
0.4802791500748913
0.36760482916485765
-0.405679219208872
-0.2508479329579238
0.15507655707365053
1.154156116614722
0.1842514127476441
0.7259959012927886
0.9478389147365677
-0.0673071028312633
0.9047842794776799
0.48215229369537915
1.1264637377578097
-0.26589940740927087
0.2551371445295146
0.3440641215926042
0.16715250420214253
-0.11654541664430654
1.649454581470482
3.191887556800257
-7.040481826099105
-0.05122669096354671
0.292518060669588
0.7819170565545862
0.9472127303917467
0.3660194525742667
1.927073822832138
0.9741595775696414
0.7030412867327315
0.8911686225491157
0.3735384157420686
-0.023117184336809496
1.5802666018614486
0.15713948111614542
0.6381083037894733
0.611389598242493
0.3481484558604116
0.27181794024124606
0.5681043041234806
-0.2775696411119273
0.13455467981226266
0.17074505209569996
0.49106010070462225
-0.05653809420067781
0.3161472026546312
0.3254675875926447
-0.03488466406188431
0.8792731578103544
1.4304630616723195
0.8182742185776651
-0.017848029061709115
0.5344217450704195
0.8545915672127171
0.5751461813508909
-0.09759661342849321
1.1235550919374973
1.1795622950090152
-1.7017568222234645
-0.4334906273194557
-0.19976142552679235
3.695101798407868
0.77969974215637
2.2973407597929425
4.965549811444906
0.8450454562436042
-0.16118265491373174
0.8847941675552643
0.46458618587817413
-0.5548987449279497
1.6269683630161536
-0.46164172216395033
0.10700325305819192
0.20514315597019359
-0.5367676968713332
-0.010065356060697523
0.02629803463317287
-0.9530041581573238
-0.5038970228146794
-0.22818986046478754
1.2029737696414253
-0.5151959122559651
1.8353150862214846
0.7422181410859161
-0.6006516183708968
-0.13165234076696217
2.0461636390168443
2.2814584957165946
-1.0540424044913836
0.030563534794453836
0.6052353991534333
0.4049528669782947
-0.6936153727796281
0.5663843060570718
2.6767665309639668
-2.3645389026064776
0.19453062064766116
0.5308998166687391
0.020570598082758188
1.7005676984329219
-0.4706350566878038
1.03576643377638
1.2132049831625056
1.931094387810577
0.41764709443597203
0.3382011635743354
0.28945936051746735
0.1680336701609936
0.2588377163828242
0.9755102922495039
2.331190646002711
0.5025333552565796
0.5652699172460157
0.5842462746030909
0.34951046903362976
0.32311639558209876
0.7132420683180184
0.1658983221358537
0.7309687727325789
-1.2777213796670426
0.744716762542563
0.9090431186567564
0.628872894887263
0.4655971869000136
0.46435689493426013
0.8572065297920789
0.7343755454493611
0.7472956657328703
0.996512695605415
1.3706954844101282
1.0118967333109965
-0.21730882248659142
-4.625707574363164
-0.11675418714514875
0.6067855850322614
0.9818978304602719
0.8818679371987459
1.1729757999822295
1.9183884459990874
0.3974923778248042
0.06154899617207561
0.334278050722696
0.3623359725911597
0.17503056330633116
1.3215335501134595
0.1701913853442069
0.7832602160964586
1.16717058644997
0.25672318659524346
0.14408685555868206
0.6000259680763056
-0.25594118735202837
0.10456788424047997
0.2778248941227824
1.7109003714072337
0.2601930378433266
0.9877898475514799
1.4033922775375174
-0.10795396885232188
0.253038329890613
0.5938624172040271
0.663513278773607
-0.10797815729443343
0.605439229569473
0.21802416618602347
0.9196499823552697
0.13534347826769288
1.936278377842357
3.0436558660312554
-1.9080212776725187
0.3529507617403898
0.3844788744434565
0.41321525044447566
0.5177990793129368
0.3935228092458091
0.6735798393203738
1.6039586516656554
0.4039035799289987
1.4727057149994467
0.5868955990220178
0.45336669016302167
0.45139758991647927
-0.06259337975668977
1.1685951735760567
1.2902065354147059
0.5688928718219108
0.5181375516249588
0.5296266433953832
-0.38852648015222235
0.32912091139076094
-0.06639931098072147
0.9959957715093123
-0.08543815540515398
-0.8540783591451601
1.2156046254710222
0.28774954205781034
0.5291313104170031
0.5488746724969599
1.0160245212230794
-0.039931233119577025
0.12556678794590234
0.5723740641269432
0.2745168093854146
-0.1317920031819228
1.9137453927015589
1.768191953317791
-1.2756437015864264
0.3155490310565067
0.5171559138565625
0.29704932135141265
1.043060599184955
-0.4881489734917936
0.4841655538238658
1.3757614754425287
1.556318515303454
1.480726986421128
0.18123062711921767
0.54240926555661
-0.1510823091575462
1.611975093871194
0.4067503335096644
2.7632762881088246
0.8897450142078489
0.8646980799486558
0.4017055651670013
0.39090106840134986
1.3098647486730124
0.1910070181107236
0.8980669344715135
0.3632881488765407
-2.5433630895498758
0.6780075200440889
0.09547731252657303
2.0922263922067734
0.39719889070563424
1.1591440058389284
1.3291076230283807
0.4879906051766417
0.6625769729988092
0.9046202490474065
0.5307312407801055
1.3280005162853363
-0.356358970601689
-5.439275876911376
0.014449231241552701
0.5406350515780721
0.8509383940552849
0.8202211250849004
0.9053832713550447
1.1498485389658877
1.4865159016332194
0.7115809428688452
2.109792360361798
0.35552062814035895
0.23541846256893503
0.5092697326499308
0.5781976137879311
0.3311852224449679
2.2463870116163807
0.35615776410627076
0.585871028385136
0.21194072988047147
-0.1838743416789181
0.15973935366398323
0.5007350068372561
1.0579416728633584
-0.07206293084308676
0.18731731084535794
0.6174108536951681
0.04462917586857572
0.1652927692616493
1.5157752764230257
0.6568806962453623
-0.06279804552681137
0.20421386798508978
0.3921380755106108
0.9441846812507592
0.3280072147333714
2.383802083865667
1.1867479865881647
-4.293470966011609
-0.48498465544430125
0.10139536379221718
2.460670379335327
0.14315452874583912
1.7993927495146937
2.921387629959351
0.6523548081992252
-0.18877674619520293
2.1598810497374674
0.4521824465917057
-0.4584459704650405
1.3184717749573218
-0.24801629251430685
0.10078424538433707
0.5041859520662879
-0.440313663411347
-0.06643252209242699
0.1092686959971705
-0.7723537302101341
-0.3170720415757499
0.06047723269500867
0.6567386673890263
-0.35278915232031405
1.4989594893078075
1.6628983317854593
-0.5112079007729844
-0.09387738077341601
2.433975924583197
2.2474632084982185
-0.628756952646413
-0.1411525025854364
0.9835182721813162
0.17512251232650886
-0.5081644453959915
0.9092846571333673
1.829804077604876
-1.4087897273345324
4.924492161761608
1.4909399671220223
-8.72820762839614
1.8175404213292246
-6.748466671906328
-8.882888894567074
2.4289268744069608
8.240048816824846
-0.7205754627494061
-5.191577979311547
3.702500757287632
-9.939668377945468
7.256033888798861
-0.3353254472828663
6.34582675171961
9.51775409445203
3.943145789101995
-2.0635599110877374
9.830265103806708
8.298675989407819
-0.14852856885398968
-8.391180695677203
8.834082376231537
-7.0146311630996765
-10.202249211058119
8.49944015869054
9.631751117320086
-9.262899689325282
1.8394009053160933
12.292603501292628
2.1830702223876086
-5.4193383761750145
2.7626155530569996
12.047614066532184
-2.7618143342516355
-8.076546896670237
-8.240066310931178
0.74830165031906
0.37872864229771663
-0.5363301556806754
0.45471624010032247
-2.2478959399416407
-0.08146305646156843
1.0356878540945929
0.8330004922702404
0.6060331404656878
1.0393743722743956
1.1997714816359728
-1.6343268150573798
1.039559614638402
0.510919273830995
2.136319387919199
1.2497851254923003
0.9521894341947816
0.405471081877585
2.9993104526951067
2.502665374934736
0.03907023179801349
0.6230549763514255
1.907078219601363
-4.5428628799902135
-0.0077640833299168766
0.6418745922024469
1.9568335070272662
-0.7251170791025473
1.6463995710123358
3.0887684357881158
0.6549960640422984
0.5742234994024341
0.8384074530720238
2.319936442791049
1.6167693586029843
-2.062398140304456
-5.90616211439768
-0.24814589812177607
0.09779728934940085
0.6072239863839776
0.6254388759244341
1.9052752671374507
0.7483365632845629
1.2580005445360818
0.45840702929405863
1.817694747157795
0.3307098783595114
-0.11055303833742042
0.7555222232685589
0.08437319509095736
1.4418391692574961
0.7074883880644824
-0.02602481230718527
0.4502030771985556
0.41547038334944375
-0.41369524123098395
-0.16344242027282913
0.11061245057220996
0.673378888889572
0.10096372250950594
1.1791353468223054
0.993202946899459
-0.15539256018956007
-0.010313776647355007
0.7579631687807802
1.0007484673445077
-0.2557777581210314
-0.09702621682628136
0.3862402716259038
0.21555374003188899
-0.36660057137015273
1.5407697520949934
3.1978590701963348
-2.2563848692894943
-0.2049938464966905
0.31543630014078083
1.4689088833355746
1.3075435921249663
1.3175774064223202
2.5517696926370843
0.944831041381062
0.13870987675419044
0.7834972762710114
0.4181213880400464
-0.42607815726080883
1.504463902990725
-0.3079735750108456
1.280063420582565
0.4797153860685642
-0.21375568638709605
-0.09097909582992031
0.19049263452694143
-0.737662402396462
-0.18977133595549603
0.032583139396550685
1.6806114852391087
-0.2936610962131348
0.9206114671903574
1.426466760635178
-0.3226817246157348
0.2802111130694394
2.6989953535806093
1.239303526984919
-0.6200437210706974
-0.061681787119289504
0.3047500601813145
0.2578428131239138
-0.3984362521452372
0.7358712665859661
3.137830995542287
-3.546481945025732
0.5693884250088722
0.8553846132049652
-0.04494162820215816
1.8998540100763754
-0.9160571957419367
1.0747494125420811
0.6879380027540084
0.4692068832095704
1.5466277178944177
0.34488091104106405
1.4919971629161717
-0.5512177202555907
1.8952562862060538
0.7921544852412942
2.1972165989772106
1.57858314952641
1.640976857985187
0.9330310144229216
0.5559818088193704
0.6783437354376497
0.24602959122040816
0.21997891047494209
2.0285201572199707
-1.9298615216412593
0.024647295833232587
0.8536701287807088
0.971963691911314
0.501856533327722
0.827484754460784
0.7408838171876473
0.8439717102895871
0.5874323074254036
1.3453847675267663
0.8493436148332415
0.7218162167564877
-1.3455483190790463
-6.814451343254647
-0.8935520366075227
-0.6726430343705516
1.433057537402881
-0.09893962199401064
2.582166144743956
1.1972059856206831
0.06204358409117996
-0.7886918389326978
0.27585051793767634
0.37587604253028717
-0.981315532274927
1.7859557602954534
-0.9719043194404859
-0.046121748038503774
-0.20210381004634823
-0.9392973029086114
-0.6721698466336333
-0.49953153395693606
-1.60560422721523
-1.0808840590612663
-0.600355263651968
1.052360696732306
-1.2292584479597508
11.597552875551166
1.0598354555285434
-1.0032986116994376
-0.7340437558661613
1.6781198936201462
1.0210777498351393
-1.6353689798189903
-0.6831094759375094
-0.006122295362462988
-0.4935640854084793
-1.1566618060721299
0.9436143924499918
3.206017434108149
10.320806615074233
-0.4923573812821
-0.18702253846229613
0.8891105138087323
0.540005245885887
2.610252832275795
4.029093384578086
1.2849795701889648
-0.13603639999003178
1.4222154754401763
1.2541488802714411
-0.5604474342998739
3.2221006766156366
-0.480920080732598
1.0467510131788609
1.0178894442200843
-0.5509732716083453
-0.16708112840073064
-0.14875222946685251
-0.9221355480661692
-0.4969678572335686
-0.12194748631731706
1.2282103082095484
-0.5852502047281785
1.5403102016880075
0.3365685288914773
-0.7454659208049795
-0.14262885034694903
0.6091067371113276
1.7419264688748788
-0.8180355033996629
-0.1724658563446118
0.1697063545032327
-0.04578164753532867
-0.6563409487085443
1.6301449441975324
4.883674273370218
-4.286211462920562
0.4318165640449912
0.7712663208233291
0.37807742216476947
1.153102339751053
0.06666685747128953
1.3050680064514955
2.2759005190854036
1.2012095838373136
0.9316579882734756
0.6604479436113694
0.13173518799381354
0.2418692120329596
1.0547368773412975
1.1511358306789667
1.0119598931429088
0.5507942142230547
0.1084808733403889
0.32822391447067256
0.7053167683253996
0.7076968925110404
0.659546658680702
0.859509707742099
0.11556135367025906
-1.162929273395064
0.7802589501447239
0.006614332052240506
0.44316864987503385
0.34800421256644093
1.9691509311430382
0.14781294552233654
0.11593323741528523
1.2027721804510778
0.8879653394367621
0.09040752895980793
1.8078001406115303
0.13069237834578587
-5.7641411474357325
1.2210932031710815
0.4167827862696012
-0.10832794528666614
0.9737481583532726
-0.7909934471055722
0.7579183358622391
0.6159763790440869
2.604278793299537
1.3207336087476511
1.2192648166333915
0.31105576661474005
-0.19091479777738937
0.881729514601507
0.9223126369446922
0.5155252346133691
1.1368943997090883
0.514840348068115
0.6376836233931855
1.2705252855295104
0.9411874402712672
0.0036817234134570312
0.958792772557189
0.4360702164498131
-1.9417397780490935
0.6923817001191583
1.2620568516089823
1.1933428257360146
0.0687421095522491
0.8124366355648638
0.2767426504432859
1.2007548147899991
1.0366795314626873
0.89104511442166
1.8161633406236695
0.29781869219007956
-0.5350580355917439
-5.0932227764447955
-0.4749115445137947
-0.22254078136445365
2.8693960936293026
0.06591988891852651
2.2320603994413735
1.2531362084551043
0.523599815182895
-0.1375238932280843
0.8464667470188897
0.5033805031500532
-0.6005204271537917
3.26433933393025
-0.5110050366209635
0.8972094027199726
0.8981699255244127
-0.447339852177605
-0.04891046396623226
-0.23901974755127492
-1.141632850439333
-0.5541309973363906
0.016094273336920872
1.4052315335037056
-0.5587792828778781
2.1455735496599075
1.6445083152410938
-0.5911223265440565
-0.15004468021775114
0.8065613574185226
0.4443390930760444
-0.851244479111231
-0.06431143226066957
0.6294442340376358
0.01994432148511485
-0.6870068087296499
2.269068457815309
6.348795418622287
-1.601430311358927
0.17516086020114163
0.045410789935416286
2.047247666192084
0.44893413190638753
1.7537464133633667
2.478817642581298
0.45836102919269817
0.17660245641897568
0.512471574816621
1.259869466747374
0.0016730243582375433
2.1658248318296853
0.14654233391598062
1.027719316874409
1.3722304291378757
0.1445218717000268
0.3976530961554753
0.043777983994106234
-0.6471511765498899
-0.1942257879194583
0.504237357915789
0.5537584123355601
-0.1863641259361097
0.34308552684560634
0.7310091156987798
-0.07928683543787325
0.03296037931482405
1.809680205423974
1.2196242633293337
-0.4613486215651962
0.24002529501653827
0.9772307057318479
0.5550236618945802
-0.2068757565634723
1.5244650712799857
3.229425551776694
-0.4649466913483101
1.9508864212964714
2.3282010389016645
-3.836794052537809
1.233025053466972
-5.8416953063215695
-1.856635786266967
2.559832764009922
4.4010728812016655
0.9599415000889852
-1.133856880857043
2.1141932815611004
-7.586902630220192
4.092531312254104
0.505302495367077
1.8708102673358984
3.0396217633514007
1.8612726403200595
0.002515580280326203
15.0
3.973589158254169
0.8529951469142554
-2.317449718220062
3.306453962981558
-9.099814567099775
-2.54154249591084
1.9416279440877808
4.5000481861137285
-2.7656588390173256
1.4187924742505076
4.27153569581212
2.8281074180105303
-0.5036751438662714
1.2500896872155312
3.7829083829446266
0.5538771344187298
-10.027163877804236
-9.769319032249657
-0.28141258617660436
-0.10876528903422372
0.6344952176392464
0.3142250389730659
1.4784820803786765
0.9298839013309383
1.983433603977769
0.3681228638327512
0.9554198806736294
0.4940903061176646
-0.23114229730336605
1.700212257604484
-0.03895986632837972
0.14038143260793776
0.9807135681552182
0.10692714751367621
0.3637616588205684
-0.18264504468157777
-0.369617363599883
0.05648078982061795
0.3826526951163863
1.743457546383784
-0.23473012560514936
0.30824949589299316
1.3706946428242128
-0.15019095089170953
0.7920257278155504
1.3785137005596713
1.9395063404593014
-0.20739161498224915
0.3600941992829644
0.6684452620925057
0.3578034360000892
-0.055520081958400455
2.03425660532983
0.9063921186181478
-1.8202010819289118
0.18946762283844742
0.5982349691194649
2.4142250196270965
0.4997941663402251
1.3568790493670582
0.9471420734961006
2.2997310062928165
0.5020688457305258
1.4573492511300865
0.9517042120873656
0.06327807526151617
2.178687652114997
-0.03326769265087599
0.46761812204156117
1.1575130921115622
-0.19294334238425573
0.004967103218125409
0.4009712010924851
-0.17615238166876937
-0.16519646165672355
0.19522376845930123
1.512684998720394
0.28753030710250094
0.8058638777068426
1.0617537953860359
0.04184618335282746
0.8558850335456961
1.8724989913112873
2.301834433817724
-0.10611861389896188
0.13793618498138105
0.4481457761582038
0.23616649125794176
0.20913077333821015
1.078637288344806
2.016176563300196
-6.332539559201005
0.04730768043058484
0.20872538667157953
1.464594323528806
0.7640470542651405
0.9536583308374021
2.3840763047258813
1.7056440897758984
1.0110956402337135
1.1130681680877863
0.8863385243387465
0.13406825047149906
0.4797580813348788
0.2492824330152998
0.3022216539604581
1.3201593669295832
-0.09506369124459146
0.519302608853993
-0.013401604952309137
0.1443475759452512
0.18354347941225072
0.25396041117492973
1.6496570566424145
0.6779268103276039
-0.27896240311332154
0.24970147787779312
0.0394280309315876
0.636881615778362
0.4365624172307061
2.405637913972877
-0.19630790748089674
0.5073128654896458
0.6342565424388784
1.1180707836443022
0.4911161498073877
2.4153579603572406
1.566653206063665
-7.659792814887772
1.3325152285374147
1.093437919388814
-1.0164534186316456
0.6266367250115707
-2.0119771007947023
-0.16463078771942866
0.7791331114416294
3.1869724318873853
0.19546363979752115
-0.06724710029100488
1.671404376062238
-1.414251796592006
3.545594779224802
0.2835693504698061
0.7113672201212384
1.6689589267446987
1.5399411445960987
0.033596605412648584
1.6485655360830422
2.116098346987009
0.5507958970716229
0.048875294554840194
1.880784683246113
-3.239210344192009
-0.29559554129749954
0.6434061275936777
5.289517619123739
-0.5805621776572387
0.6515241587851832
1.9705173414594832
1.148254148700193
0.701683705275661
0.5549374097046145
2.643517658358353
0.6357994774941818
-2.8372681766617407
-8.960338630027026
0.13891338095519037
0.5370385779377875
1.014010967209414
0.46576309598491134
1.4971255995704125
1.440079020797327
1.8753721964744559
0.46677628947839744
1.5805538054834902
0.3674555899919415
-0.038812602941640184
1.5061537203534574
-0.07439044728600573
0.38178887902054665
1.1540921950041727
-0.22222907979736073
0.02074865322975644
-0.05950649717490692
-0.47537638702074836
0.006289142733955393
0.114179765982604
1.4287859471759343
0.059594266773006555
-0.08001722600184528
1.4155031040115984
-0.06970674559788757
-0.002101676986656521
1.647317386946062
0.6842275122304822
-0.3455715571732633
0.23093303282103939
0.4510027199744326
0.650990539793968
-0.17218599198017376
0.6879431809327726
4.064732797625405
-2.9946703770805243
-0.6273582602807722
-0.315938300554728
1.202564628942499
0.19802668588216338
9.137862658179248
2.2689118166320448
0.5291013329922118
-0.4906471114825978
1.1711007640191418
0.42772925032767334
-0.7037507910072931
3.0592987677985795
-0.6676612992293244
0.15400060394225032
0.12059189198550543
-0.8240344291213906
-0.3346036853186513
-0.18593198385461449
-1.3637145481750501
-0.7364939200732781
-0.24348530674879312
0.9311671310840657
-0.9315039917408714
4.303140621684198
1.1495358835604925
-0.9108557776114398
-0.33226899280220146
0.6469676354556099
1.264169104954971
-1.379183640648819
-0.39519712824336567
0.3588194719610165
-0.21379930053807492
-0.8697121023927838
0.4575572844986948
9.998897413110083
-2.442999653601268
