Architecture: escape_chain
Number of States: 30
Parameters:
-14.81024006775947
-14.898590012975173
-15.0
-14.894661902411048
-15.0
-15.0
-5.523927234147104
-5.545929672254859
-3.9902026737872323
-3.692011276328578
-3.3612312910607542
-2.599507161636104
-2.171758745934416
-1.6006739941247932
-1.3352371786221948
-1.026909304024453
-0.8591616391037851
-0.5266184021092821
-0.6219618017112433
-0.13415953563352073
-0.808416680818609
-0.18672261118575126
-0.5901263348477813
0.3635806503850287
-7.150948941691249
-0.6424224436084103
-5.858522503206416
-0.043738155951707644
-4.4366659718153905
