Architecture: chain
Number of States: 32
Parameters:
-3.2039552093434462
-3.113593804709953
-3.1612976432932647
-3.157224864269143
-3.4336978530691877
-3.112306150350566
-3.414297584693619
-3.083654795542631
-3.0992221151084967
-3.201884233559178
-3.0940809127080584
-3.068187800819563
-3.4309499329507425
-3.4696856866587757
-3.137689321423859
-3.174172316680464
-3.419560297896757
-3.323385473709754
-3.0928641912963766
-3.3484057203583286
-3.348567755401038
-3.1928975210375428
-3.071239747034592
-3.2814906708674734
-3.2912997068107885
-3.342951683437586
-3.343550187285843
-3.080042899094718
-3.111691515558247
-3.1224640551011507
-3.0615042753980406
