Architecture: combined
Number of States: 22
Parameters:
2.271283536691805
-0.5748768504239872
2.2685771926301936
-0.5169899244675826
2.2265182441140343
-0.4934088737146722
2.1982987898939466
-0.4502228988197664
2.2110168596672612
-0.36653252179575496
2.2105022027849155
-0.2837645324744643
2.1939988836228244
-0.22628461275500453
2.1381608904453127
-0.1664638244054634
2.200662567126686
-0.02321708768467906
2.3348768678717775
0.22514139672776712
2.1213619823007326
0.14654857610131655
1.958019025562923
0.18652163423060997
2.012728276624461
0.3259370411363742
2.465102988402082
1.036840964602665
1.8381254311095905
0.9863866839096632
1.9818436264880217
-1.717847696140615
-1.812082949797399
3.319278640860218
-0.874615298435278
2.6754469643485796
0.04048887448122581
0.7806896863116732
0.6087552741888713
0.70999676389422
0.9363231940621822
0.5087054312182533
