Architecture: combined
Number of States: 28
Parameters:
14.524050340311275
-15.0
14.47373470040965
-15.0
14.43076443821233
-15.0
8.79051044656936
-15.0
-0.08504599044261031
-10.835894436060599
-0.08525035934948016
-15.0
-0.11235072706595378
-3.337405828587511
12.128572867662202
-15.0
9.299703341602166
-13.815170919919249
0.0792386780773877
-11.655523225597848
-0.5521579013926853
-0.6168835918974573
0.3372609070488973
-10.985107814855056
0.36825257471819073
-9.479655400557808
0.33312702380037285
-8.095582122711521
5.314916662392967
-7.786448243886076
0.3993653014892661
-8.195830174213073
0.40723764422532926
-9.634281749672562
0.3310772022538068
-10.872787428654489
0.381854490648018
-11.351434966010055
0.3565578709482796
-11.729920032119615
0.4273303628637302
-11.092728112678568
0.3975618042779925
-11.688784846524616
0.4195176821326676
-11.607859509737283
0.3573376164696335
-10.369309141976153
0.3934160880917353
-11.818644070455262
-4.612624595774133
0.31807315652134915
8.257041752488368
-8.229494004463408
