Architecture: cyclic
Number of States: 30
Parameters:
-7.740431227133223
0.9084457181270948
0.9101810785221455
0.873718491103205
0.7719795301610799
0.17045817382280604
0.16592696861491174
0.17875224047945626
0.7776035021126463
0.39327687146195445
0.1948844277804992
0.20416868456594783
0.24955276587501185
0.11516390804615728
0.07707944284973156
0.8551290491803263
0.26382266008244304
0.6569026143786699
0.07374553584254906
0.45176560872938154
0.7265703728677736
0.48035724649241285
0.47686170180718623
0.5599866909124546
0.9979255806047637
0.16820822198336027
0.04746982597952265
0.7754939740639387
0.02931291688436166
