Architecture: combined
Number of States: 30
Parameters:
2.1380695214223047
-0.6540879630090212
2.2211039985574894
-0.34691010056728705
2.0933050312647885
-0.5168016721338275
2.6627201847680264
-0.15421399697516874
2.0254251811830524
-1.4653374202043676
1.9497584099543073
-0.48496906107349824
2.026315278850147
-0.025917547321830756
1.9293038430036162
-0.933676432139454
2.293636207271453
0.33559412355839263
2.2824288129490617
-0.08001069123125673
2.7442086852686636
1.2914935730390062
1.3511332304543973
-5.618457496928325
0.8859570108147242
0.287253205259631
1.5174873993479285
-7.647216445247637
1.0434795780554278
0.14313727009815053
-3.0152041332615047
6.0541966912794845
-0.32857989549719724
2.356872986356421
-0.38047688758139425
1.3918075745060583
0.06663700273080837
0.447823881457081
0.30883658444057455
0.9188561523404929
0.07183008286355586
0.06801736262425606
0.24811020275595153
0.09725323335735137
0.8624829441458913
0.6533825214785435
0.20546162737695606
0.871701437343637
0.06910444661554493
0.6827242945100853
0.2990215528137621
0.21003432121413124
0.07355251871544355
0.6496461248973588
0.4849724277230961
0.9771465918293669
0.4416871396052835
0.761667869995499
