Architecture: combined
Number of States: 24
Parameters:
4.485016371003793
-8.330015046932791
4.353632770418123
-8.289111006531087
6.47911921844448
-6.577564144226266
5.884235199551893
-7.130474755484779
5.307231337426403
-7.522755763224697
6.597680226597744
-5.87088364348304
2.058095417360742
-4.159248613057121
2.0530328734305923
-8.636417565100151
1.4458070333868305
-2.6795961384810734
1.4703217767357608
-4.153607338868053
2.70867374211077
-0.4221248557402921
1.4239777733466974
-6.462669351721852
1.2778999666493611
-1.8578199795473516
2.775163311048175
0.03447909061370293
1.4944403843496536
0.20740385573416723
0.3979103363787193
-5.228916707659211
0.4106070829567597
-5.080236154507139
-0.7974306583339044
-0.018686793684968887
1.247776246259463
-1.859296697797715
1.0190364769156723
-3.0013510231278553
2.588597873630096
-1.3767413437968012
-2.4765651424665265
3.5392301225208027
3.367184825674007
-2.7765209751945608
