Architecture: combined
Number of States: 26
Parameters:
0.7160209245910493
-15.0
0.7358133001687895
-11.961793067990532
0.677563753003102
-9.342279856634168
0.7514421387685605
-8.511648003772233
0.6945886421407647
-10.64544498681826
0.7425563184797651
-10.905294764127333
0.7048361608729453
-2.8816732205956423
0.8160467924304801
-7.198977362611304
0.6976790762056075
-2.0083306195111668
0.6919378921791104
-7.031024491826685
0.08188426271595169
-0.11269858265126541
0.24883151673476958
-5.403642061914792
0.22705443914125192
-8.473819219406684
0.23752144714161025
-8.83685097029816
0.2264783149230383
-8.79884041873341
0.24304337206644763
-11.180078037509585
0.22568643517274795
-11.704804894215822
0.22732546650667024
-10.83762739180529
0.2449014572143315
-9.293384978709454
0.2218538703183261
-10.966607134887203
0.22709405936206395
-8.542812159954671
0.23111597400938744
-9.077393389938438
0.22325529476097472
-8.519678494424749
0.2159121119284539
-6.196534363395843
8.485713035519101
-9.446986147510238
