Architecture: combined
Number of States: 30
Parameters:
8.518054607781428
-8.479776101897055
8.728018806053946
-8.07073379843949
8.639488097236471
-8.419463407789461
8.655814827916323
-8.456860436303886
8.444050431331522
-8.619899113327252
8.356534428397831
-8.060435863159736
6.860948503037247
1.3446500256687368
7.559330315144367
-8.74349055380939
1.657700073577895
-2.976592666772419
2.4127454376935584
-2.6547638674086436
1.6112136088970912
-2.145553970761233
5.684424183252135
-6.351288892149292
1.5050526551033832
-1.9034856085084209
1.616462028852052
-0.5806162200719878
3.137401690091503
-5.0653425542617105
5.254940974901553
3.460437043191247
3.5357543476237243
1.3090552188373352
2.5950915830960923
0.6124014256803568
9.76657297321726
4.702665136286725
11.325636994959137
10.528729000344264
1.1757659021730873
-7.409172418921477
0.8523516836805994
0.16708339370429373
-0.03420496471319042
0.9953088384075329
1.7743984251216234
-8.044003625052955
1.5705319760423233
-4.8422356716067245
2.1131670462140795
-1.9351819530552943
-2.1041589739645232
4.211843140388127
-0.6749375557273241
2.039189531157847
1.0166017282208775
0.21935492864443418
