Architecture: combined
Number of States: 40
Parameters:
5.517801684106447
-8.867807524633207
4.735083023975312
-9.322829798664742
6.691359389815159
-7.884976986909576
7.4278047834834675
-7.202423006465033
2.496709464632571
-10.393509083431345
7.176033964478277
-7.04793003845518
1.3159373730774173
-3.8978846285355395
1.336216360833142
-5.146748234966323
1.2716041097519775
-3.1624786372393796
1.386358641687818
-2.6372649867982334
1.302608278533649
-2.4322383092913658
1.6084151551387866
-1.206521384704453
1.3221231606114572
-0.2163136058855941
1.5659987731443756
-2.6943406167111204
1.7012260191155217
0.2777563504694745
2.170966676727489
-0.11802865685817118
3.1840759619920838
-3.612197373334335
3.005355836058482
-4.238638602777817
3.2514359341566994
-1.9519329622222572
2.3065110284568413
-0.7251078598566569
3.675993856560404
-4.488876104210013
4.220979859023035
-5.8222917724584535
4.491214492261859
-6.404593745614681
5.209120060372187
-5.632631293535937
3.7564357154260803
-6.2035818184939435
3.606358734321861
-5.415148173719005
3.5145955864728218
-5.098244574487075
1.8699767020639064
-1.2982322547130762
0.504479783837886
-5.526042906050798
0.5509706710660073
-5.917316913575138
2.4620530776054648
-4.627601364879821
0.1604223426199078
-0.9813881855499154
0.5534658727557887
-2.0012590173736857
0.47155531409603235
-4.400387405242891
-0.744739605095892
0.0223944216661075
-0.003612225551207905
-2.7351542924028016
0.14087371937662047
-3.1927336053085162
-3.8656021480830143
3.3012737520249043
2.8862920907152905
-2.2419869179131307
