Architecture: combined
Number of States: 42
Parameters:
5.77927318969851
-7.380998924964431
6.437370864664054
-6.611253352642427
6.997586244118223
-5.951023525752853
5.918118949879664
-7.2677904660256
6.500811704003989
-6.493674680857344
6.256136963653216
-6.337190370671389
3.274566473384363
-2.206442694261619
3.41099935488505
-2.836908720354481
3.5069926737360992
-2.059935019030678
6.479921370133112
-6.100008429591249
1.7587556955190846
-2.0897970113886455
1.5012253947742413
-6.772850248812413
1.5997841456841735
-1.7436283642447687
1.486801311991058
-1.6023544268403271
1.570993279521499
-1.4177858302307962
1.4293535436175193
0.4123853023657307
2.2709421989122474
-3.6795419702120786
3.661853894670563
-4.031896733184757
1.0445158948318056
0.7628032993194083
1.1383360567995473
-3.930126267262074
1.3108579215217142
-3.9727550370014546
-0.2572947262362664
0.9014105503226323
1.7785087177074095
-3.0279150869598035
1.6717923453730235
-2.9622914874865196
2.25992789318653
-0.977683769074076
-1.6036741167411388
3.7681386133097603
-0.30851968690437315
1.6808368189556198
0.4109959096428766
0.9952793573788797
0.00045576030383887907
0.6396819856700228
0.557417521884584
0.929274997682182
0.09163083885251913
0.44873226447564013
0.23544430372343844
0.6962780236690923
0.9124866385452605
0.23840517705654213
0.7751328796306276
0.7986141452813462
0.6094341358863035
0.5011482144138648
0.5905739315741882
0.35823822737182753
0.8571549551419382
0.7591092287459493
0.2740885322788378
0.11638077422711846
0.5119355227038949
0.06510865879986327
0.9240282403168036
0.6581104429097324
0.1379300414915674
0.8804547918605077
