Architecture: escape_chain
Number of States: 42
Parameters:
0.6386637267553473
0.03527955092288848
0.40409933059623326
0.14578013705429682
0.33549010778361354
0.534868586172503
0.9047359820560162
0.4829544263418506
0.3634449434514746
0.21302317013917116
0.20261277904025998
0.41220516518982897
0.678126947132519
0.23420678385679183
0.3620752020854604
0.33746621675978195
0.2556246778756692
0.6667727620394066
0.46691946811111673
0.9506000007418458
0.575927176021555
0.0877495652558189
0.14436406147011427
0.3705565338401027
0.019491773523078404
0.09962158791258502
0.46533141232936637
0.4224456805359552
0.11198578164919448
0.20876988804355212
0.7796754195483165
0.8754706249743107
0.14746424476752873
0.4079732315796851
0.6841737026131124
0.9972591761543717
0.6905793440572966
0.8547518179304575
0.5499854983394572
0.7702118579782261
0.5197432370989127
