Architecture: combined
Number of States: 24
Parameters:
14.952765405434324
-14.844249498888146
14.959442694902409
-14.934954830115332
8.380067151365068
-13.070346263734669
5.014125883209158
-12.956628085500668
15.0
-15.0
-3.6350532026960165
-14.377422179731647
7.673113970754158
-13.275756536612613
10.62866371039577
-14.557301691339328
8.535346327981374
-11.813798898856426
-4.873135880712011
-7.5201750742348175
5.488271232448976
-9.913234120695284
8.908776842122432
-9.498233722529566
8.734869607118247
-10.600733281989994
3.9252616243597416
-7.947929681105967
6.389441490408737
-8.015869542960004
7.21699025877842
-7.155495757399265
4.727896604307629
-6.923462089712753
-1.3304869335607439
-4.680680635001603
-4.5393322733478945
-4.011083130155158
-13.785821415604246
-6.601492472678456
-15.0
1.400696042360075
-15.0
15.0
15.0
-15.0
