Architecture: k-jumps
Number of States: 22
Parameters:
9.919574666958201
-9.540323983605106
10.928026936717218
-9.37259699002736
10.464125154070198
-9.159789346185432
10.009214920632576
-8.775381834309737
10.341972595440003
-8.872159341768128
0.40584082654142684
-14.050023088160655
0.40073490838359827
-4.293191736123546
7.623145394545954
-9.51615654472705
-11.269533514968725
0.1738077604346455
-3.5186138130304245
-14.0604168846959
8.39512853599192
-6.8836209327586415
-10.547808409808454
0.27360555554327565
-2.6468088716829765
-12.531253722374396
0.1687997365619422
-7.3267824253328655
-14.58681721713943
-0.2154643168649211
-1.0546250277580933
-14.115159928523875
0.016723702271759962
-2.171330065217312
-11.077978178644193
-0.2290414879754099
-1.0406993426492464
-9.929552627643936
6.494031238147074
-6.867438026658028
-8.31289318609644
12.363581841680006
-8.2905886084687
-9.928330714472278
-1.8799760302979585
11.006581015335275
-7.983293410632199
-1.5135238127736905
5.528878512466472
-2.3393832283559606
-0.10895424727101166
0.9509243582096086
0.13551560703677562
1.5878057705565713
-0.1646309354356247
0.7971583578004011
