Architecture: k-jumps
Number of States: 48
Parameters:
8.098452371969683
-7.649858116315285
6.682017388564978
-10.739513675949059
7.86186730135932
-8.27736981058093
6.351969586785836
-9.417131232932528
1.8559626877081488
9.782992264823609
-8.275642125420259
-5.4857100685926135
9.356250009114884
-5.419869108056462
-4.511727637698848
4.718780903933921
-0.7804474275563753
-5.297457816343609
0.17167961687423264
-5.510516215131363
-5.897049083585137
0.16823459905034233
-3.8490834869780732
-13.70440019190511
4.949099408643528
-0.3379855413125795
-15.0
0.15990061673633657
-2.806331389521523
-14.430969051731916
0.1259629706942592
-8.353855455894402
-13.841309739990162
-0.18758259849148798
-1.499990794289618
-11.652497451496782
-0.33916157273347536
-0.9437420001490587
-15.0
14.011921734738422
-15.0
-7.086401903272807
0.1935165813167537
-10.43781646224212
-14.339995407049974
11.459002116745255
-8.143048095511109
-9.578969143535499
-2.1384373003389996
4.963021761629831
-4.075100307909704
-0.5439022807669204
3.60990693115072
-0.8404371832553673
-0.6228291987105037
3.0229813269278303
-0.511977139874503
-0.5533700109661804
0.9767594653997758
1.063423023733337
0.5393393282178264
0.9707183097197842
0.7456499007247832
0.6968991813967798
0.517695986757039
-0.009781602404160815
0.3625069532094616
0.36501869551185767
0.6575539835870569
0.3716080236916997
0.0646327961436113
0.6913251289831209
0.41688815638179294
0.4341841407403286
0.45754398132709917
0.6788558456370143
0.5086319208689909
0.01189819156984957
0.6434546009322862
0.6238355544091997
0.5485367226242787
0.6931824042331962
0.9865046124981915
0.02125924820497349
0.9025349565153575
0.8894425033455515
0.12081506787304885
0.5059246937017067
0.3474682211162736
0.8580259642425643
0.7509196625115212
0.7500326601507505
0.17734740548673722
0.8786664712232342
0.014696197402230937
0.7440926756566876
0.318014947712565
0.7946280451004517
0.1807561105547616
0.23356440839940018
0.6042731573684724
0.1550470886692371
0.8091709569343202
0.7284563812645968
0.14837858103170554
0.835062530467324
0.3158229832088404
0.6673538901637546
0.028764568478859442
0.5625400871832961
0.4889668814862501
0.9266027046274607
0.3982372083889467
0.13882899325617015
0.24070932847873483
0.1836634370982514
0.23786291204849597
0.8992725766232662
0.9265756421026511
0.6845871654603921
0.2193582333029328
0.9031028560872536
0.5364727475910525
0.7880624974005888
0.5564466857460139
0.07908222542378229
0.5637937960692924
0.23089158851681912
0.6446518482357211
0.8085574702065631
0.196221300886257
0.914194951788824
0.8636416629531112
0.07701790302876366
0.2558696211497825
0.27873593790939655
0.8983982219548414
0.2266011060083919
