Architecture: chain
Number of States: 50
Parameters:
0.24139855002955735
0.8799550230403527
0.6764995718255965
0.6579005267318814
0.31463249692959727
0.8022885502854945
0.580055417203022
0.5560387737650502
0.8489912075803242
0.07803093468292832
0.4196840776049806
0.6752363237343966
0.8367661541668346
0.058284578328593906
0.7989397928759072
0.1917750079492072
0.4328401806670449
0.5548334362034277
0.8143997296750827
0.3962778285771462
0.07317527383042988
0.4934247164212937
0.32000315609272156
0.3471656770666328
0.09512497090351402
0.6195063170549984
0.6999423694822411
0.5588924450846834
0.9339004162638175
0.0030348564019860857
0.10866518526218405
0.932241856148999
0.44098941568709493
0.21350170778685307
0.38419585058555705
0.040232449298954975
0.3569996660003405
0.4194838024353835
0.5468620980467652
0.5491546064344481
0.793090622254075
0.05863682706897422
0.17525873781856505
0.4236119199456091
0.326359381670821
0.5834447135194613
0.9220550157464646
0.8690796210664143
0.43270982382267165
