Architecture: combined
Number of States: 30
Parameters:
14.939741098286484
-15.0
14.937901335059427
-15.0
14.934271386455068
-15.0
10.339002673538504
-15.0
-0.006771570398398914
-12.523183672385683
-0.012597630138792254
-15.0
-0.0442557748189349
-3.228809311595448
7.456362421139708
-12.140929382773269
0.6443197626389894
-11.072619879751398
7.281499819240278
-10.845937909673069
0.43381990555694416
-1.215158851754981
0.16431978839024475
-0.32055380245348625
0.5833865708627608
-5.303291191756965
5.339132019486318
-4.543505203380584
0.49133437064712776
-8.641616451953384
0.3792741185713123
-12.120532741009693
0.4250746737151887
-9.51581673008679
0.487825201357549
-9.863203364236798
0.3959174881955626
-10.138884406696063
0.43533726530273104
-13.090432074041749
4.346704650488836
-11.942547968414914
4.856486817777871
-9.646473659751107
0.37448235004096575
-7.243337380410993
0.41587707437015525
-2.8179568339490797
0.39594910502810243
-4.772640889517662
0.4106969159311888
-5.310704111625766
0.4179596821687435
-6.629015796224241
-3.7057832659073884
0.5506139164918318
6.493847276354251
-5.617614304913882
