Architecture: escape_chain
Number of States: 26
Parameters:
-11.345388452114793
-11.33800209130885
-11.5212129812661
-11.454610350529803
-11.447839484424232
-11.328990839980076
-4.422587076670244
-6.205828038917964
-3.7247206026559705
-3.624736133118953
-3.212759561486362
-2.5209198128140797
-2.5086385699626033
-1.3453756273750728
-0.9544161425173885
-0.8425085385105885
-1.0482697245116992
-0.3659774769374459
-0.430122180463003
0.054512878892457574
-0.6494241909862681
0.31124532011585326
-0.6098839660833604
4.779195114711065
0.017963504239479233
