Architecture: combined
Number of States: 50
Parameters:
14.697291643932159
-15.0
14.855030219486363
-14.894019305510623
10.065580581068385
-15.0
0.7186583498603665
-11.372139927807655
0.59689072670117
-12.071073699939912
0.6952219450703858
-4.1731563337550535
4.349508770788948
-9.291841302226581
4.988857499022309
-9.811690475979947
3.359024883508825
-0.5768359213748591
4.413591754142267
-3.537586842668915
3.2955404864731244
-0.009893514843693834
5.668683019866163
-6.114078113511112
2.8131051958116906
-0.2756119778613193
2.658874745863679
0.5988297544367501
1.0306331528990995
-5.884432239490087
4.236585017177629
3.1588278771582705
4.914995715142147
-5.912101184938824
3.7975825382919166
-1.5024540667812059
1.866813453655577
1.74681435447579
8.449577867589207
-3.6173545866428807
4.439540665967135
-5.776629413031109
5.2613047763193865
3.904595110830146
3.027374609267701
4.054115056883718
2.724282090965539
-2.0403676824773345
2.996891404863749
-5.086930976897494
1.9834804791062308
-0.7686432574929977
-1.1953571937872554
3.8681846961945707
0.009204860972157381
0.5989408364098453
0.5491267627898647
0.4228217133844456
0.6301382118764736
1.1730978440651516
0.11310705154454345
1.276711893009588
0.524201224480205
0.14472006282672983
0.9070127998127528
0.11626653041580814
0.8240348600369313
0.8864633584296874
0.06749923582127004
0.8101275573237907
0.7111823156393532
0.36403134911057616
1.0498465171721607
0.5390769135739055
0.9529338462487214
0.7231322603492214
0.562162577884378
0.32609613027606665
0.15555834167041288
0.035401512912426686
0.3761009227525957
-0.021947255057017723
0.38979395304628556
0.4282448002976211
0.5091545068316857
0.1726961716335631
0.805463822452741
0.7881727135304417
0.7401063386226852
0.3988962147508748
0.9553757891479218
0.4136927231852931
1.0006897352722068
0.8384105694210163
0.4228198750977934
0.059540583541195805
0.34401613556442046
0.03685846100532994
