Architecture: cyclic
Number of States: 42
Parameters:
0.6635360879150262
0.8091815741123339
0.6545804821407395
0.2827418480466851
0.06691101412780565
0.7644051438576269
0.7500332994339105
0.11921989311584602
0.6672608635845307
0.855565071301461
0.4874055866549458
0.7983902184557792
0.5599252689697678
0.43010039831355695
0.1806403837432009
0.7279431306232454
0.3932987847368682
0.16461443084119032
0.10323402158902306
0.19212197779403317
0.6772935791182682
0.3079342558513358
0.9664007316658623
0.3261404662252696
0.4840248265478396
0.8126719017897351
0.034201722317273475
0.4549567892280655
0.9700259834946547
0.9002974037493194
0.3015207747527223
0.020879998702842406
0.8979494262346052
0.1876743463075189
0.432055247859076
0.48288189798524206
0.2348107249662541
0.8917871135873104
0.3766951458733273
0.9952667547010638
0.6366161116014393
