Architecture: k-jumps
Number of States: 18
Parameters:
0.2843171061655506
0.6606454376916472
0.8382485383936279
0.5861586842440912
0.9835818864419845
0.8312263957914192
0.6808015309569794
0.6707111529748122
0.7628965149860728
0.3654212768775724
0.4066698526313631
0.4853685585705342
0.9350036274832975
0.6738140696979837
0.12648611080339944
0.8232417665546682
0.5553369733995982
0.7769627189451532
0.6423255507116701
0.10879923701816974
0.9238855084108918
0.676181496190483
0.8036623999789269
0.8112081421428134
0.2800268118186834
0.4326216353819281
0.8097343694274309
0.5047780894206956
0.3515876253066619
0.5160288477528882
0.7695193409132233
0.7583890988135994
0.6530196562245161
0.8127022882401813
0.24862797205869103
0.10132353660641191
0.009997972170787461
0.5053518777822535
0.5011878741819593
0.969768588287961
0.6975307334004435
0.9126177164886572
0.018736931399500167
0.5050904677213318
