Architecture: combined
Number of States: 30
Parameters:
2.0896500634503483
-0.7405367403587804
2.0830790060346156
-0.6838141949597986
2.084902312684014
-0.616440348689482
2.141503186580046
-0.49836576485050177
2.09976392608746
-0.4577546410806351
2.060308841537422
-0.4193435505613083
2.06315633763533
-0.33663283105384795
2.0287342743273586
-0.24665830039877282
2.3127906442184347
0.07639690119820669
2.0564182305961576
0.005288492930217752
2.108598729166249
0.13448275919466357
2.2192964549312624
0.4267121970678788
1.924844502298738
0.2906984608229111
2.0154606106635926
0.7103955014945946
1.8496411930604886
0.8841096389144074
3.624037237159566
0.5903467747439094
-2.121554652183932
4.936111604638595
-0.721355256288014
1.963459672364132
0.8421516965370295
0.21123107527049298
0.41088606456731536
0.919754099939495
0.8878796649543788
0.09924819068611967
0.5621324978215113
0.9158889421269617
0.4585099496543329
0.0960249080022324
0.3209371861373608
0.44617400041418
0.3468176208150401
0.2981000720479168
0.010478069427077075
0.202330861578097
0.4751408319333541
0.157128411004393
0.9116410292853463
0.16909140784578125
0.18648750901177158
0.42401776377324196
