Architecture: combined
Number of States: 16
Parameters:
-2.1549921322214636
-8.683505238671005
-2.3763898677185544
-9.779756946642173
-2.560432484657234
-10.679645671311558
3.6482382814495447
-6.43619711914006
-2.473914904628738
-5.948228470418812
3.177905810890579
-6.83257461798136
-5.515657037169782
-7.437136179382782
-2.129813028993592
-5.978602224706284
-2.6086687690264783
-10.494485749922857
3.6084971583003407
-6.616715811572648
-3.405673074412789
-2.179161799501217
2.940489509083087
-8.56078365496647
-4.811862133073088
-10.542083022720643
-7.55053512123499
-7.5637263366396175
0.28106175491599883
-8.890560948188643
