Architecture: escape_chain
Number of States: 28
Parameters:
0.6647109199587751
0.10144798057716153
0.39828898781446054
0.823048464294801
0.08657425197026936
0.38227914478193636
0.9158828918700038
0.8169103768448724
0.8357597674742894
0.9002949294612909
0.16624363316903157
0.46088839970957407
0.08040404402391954
0.2548476707494035
0.4145102170568221
0.12663927667146702
0.3085122666610842
0.6114691984911406
0.41618165783202166
0.890994175594028
0.9624256059970322
0.6108834800339462
0.6666280276039438
0.6212566527535447
0.007938853309104932
0.32522998553252336
0.013529796836304397
