Architecture: combined
Number of States: 30
Parameters:
14.9163998624011
-15.0
14.999957715530568
-14.966861259990091
14.766032442342002
-15.0
-2.778086429794002
-14.043830662041117
-2.7809251818173415
-13.751844354426886
-2.78026683928438
-15.0
-2.7803973168325204
-15.0
9.370126161746319
-15.0
9.249227495676502
-12.374640162579858
3.4530830633398555
-9.559913166916463
-2.7781930089754567
-13.46660188890374
8.162118599875972
-12.572861149818886
-2.778374340699841
-15.0
-2.7790563865827367
-14.214985760468684
-2.780169976108019
-15.0
-2.779332742419974
-15.0
-2.7827511697866103
-15.0
-2.780744920360269
-15.0
-2.7807813091104183
-15.0
-2.778934404395335
-15.0
-2.777566746243982
-13.89550330658254
-2.779372340573979
-13.811157384930889
-2.7803763926240714
-13.640993714630426
-2.78028963637208
-15.0
-2.7808933093927086
-12.214220598219068
-2.782525857067291
-11.440353618537157
-2.7795749647870727
-15.0
-8.58114272775274
9.575233023977459
8.336867376295096
-7.533243278978238
