Architecture: combined
Number of States: 18
Parameters:
0.9617612986989108
-8.740892181103472
-0.8666262875234745
-6.864940292559245
0.8795505105753781
-7.565691023957892
-3.0075373395809986
-10.433899636771983
5.8745176567430315
-8.040892983078335
0.351473511695442
-8.67847774156391
2.890612898140521
-8.394486521886794
-0.7004003510932084
-9.011902422155849
-5.388372583855463
-6.946849047468893
-3.02869912782013
-7.629154097302172
4.288625619218301
-7.96511774371533
1.5688160352788674
-8.436958019466104
5.758558285196771
-7.985692948721801
-0.33038760852674215
-8.175604383787315
-4.199103261111771
-3.4266553171885548
-7.877143910647494
-7.19595079885055
-0.3353288800613391
-8.900332718608059
