Architecture: escape_chain
Number of States: 46
Parameters:
-15.0
-15.0
-12.884792605420467
-15.0
-15.0
-15.0
-5.521598910260818
-6.214789439921891
-5.116050540933292
-5.099858085080002
-4.237721681661431
-4.379512626609501
-3.952635259968594
-3.06040897840695
-3.0636333711812287
-2.621729132198176
-2.310171150929698
-2.481839706074351
-2.086375563119609
-1.6240057081461612
-1.8095308666988401
-1.7756454970254607
-1.3728818822588398
-1.1542878146084787
-0.816605901884587
-0.7922517784273844
-1.7259133154265969
-0.4991180637832225
-0.28636539064956174
-0.0001824690931434368
-0.019699160915473305
0.008894889889937722
-8.14425440873551
-8.144437632896217
8.113488612833402
0.6414228688503667
0.30746079529628856
0.8793570912828793
0.7761976025980942
0.7833815143017187
0.6753332967031975
0.3778424020725637
0.28087961850360166
0.8182058138655551
0.3276470153846818
