Architecture: escape_chain
Number of States: 38
Parameters:
-14.917671101852607
-15.0
-15.0
-14.963858630907573
-15.0
-15.0
-5.512937109978162
-15.0
-6.18859668237988
-5.109247188651595
-4.587067871376014
-4.576731576753812
-3.8566072293867792
-3.3542804574695935
-3.035383229525196
-2.4726150059609706
-2.150601057029617
-2.515625284429554
-2.1777887087563474
-1.6850866733070013
-1.7337219668075086
-1.7805294613873686
-1.1255486940833035
-1.0887736127988508
-0.5521066347721559
-0.8329547774343383
-2.6682723031344877
-0.139713359596836
-0.2634916317470995
-0.4762325277120177
0.5020890506908601
0.6661602937886352
-5.008552633143985
-4.941438016573722
4.257482180411286
0.16805317171027323
0.1098807140811866
