Architecture: k-jumps
Number of States: 42
Parameters:
0.6008516092217916
0.5735522047488455
0.541930493456524
0.9215323302671057
0.3885822468208807
0.4974703082195364
0.58960574946869
0.07334969116798173
0.32286610980718544
0.31911696569580583
0.7253478150382281
0.24401774379494423
0.24089696088736012
0.8625008756010419
0.9699755429742333
0.9240289788953507
0.8727972269472454
0.3023287601748099
0.4474188374410686
0.04415665284692005
0.13631624512162555
0.14311026741145916
0.8968724310744127
0.3038164283554592
0.3594947093061366
0.5100308365574223
0.7521579844696905
0.13515487397206383
0.28473833066557563
0.6388222419239454
0.7936255020860952
0.9936504643325416
0.5876050342254726
0.10398693560235839
0.1189944378417791
0.9966256316542925
0.391162472910182
0.13218997807216393
0.5402815603387521
0.9029796924024266
0.40151295731253245
0.6345567321114138
0.2853255775221133
0.04696444290359936
0.30721913349830043
0.3897645751919969
0.5802983858128108
0.3027330554579366
0.771448013058074
0.188286201335918
0.6037549166834805
0.5879877865835323
0.7185806811929062
0.7295639225808064
0.6151697330877697
0.7116096874282384
0.006469426170802928
0.7963687515225698
0.4832225612437425
0.5983376738649041
0.4734248602801412
0.4638187013956836
0.9796908522995004
0.7302041643836367
0.9337512692018707
0.16872529489263244
0.5807155633824922
0.25645610310293154
0.85218184604929
0.5362774722484729
0.990158800768743
0.31935218225671713
0.395289353432416
0.0005810967345679652
0.1287469738640028
0.9651804563443267
0.39116612811022033
0.19696548161843674
0.48753993664431694
0.2792160555293778
0.5646112701627519
0.11431684252909713
0.1664225228498486
0.08516486668809686
0.24670664017575827
0.8442395627501907
0.9396853224136897
0.8333114069963736
0.8015280763916209
0.21068572193645085
0.8062041640527139
0.045418004136407175
0.20092598684596874
0.9053614729249152
0.04958430703997552
0.33332901287955485
0.5028866158153206
0.45866917514858196
0.4987257702893645
0.27297260610388596
0.7559050326468941
0.76652746342432
0.6759924955182618
0.8117824467298252
0.7302293500630727
0.8477262326693007
0.09131814199933908
0.8532846486490175
0.3530500575658243
0.8931441469879436
0.9444771141543497
0.715105363817815
0.6468927885465428
0.3762393487239647
0.8379562652533741
0.45168055889224445
