Architecture: chain
Number of States: 28
Parameters:
2.4828429746689897
2.482877077482725
2.482882365514571
2.48282430372643
2.4828434418782823
2.4828667739985155
2.482879826219073
2.482882249640155
2.482917553730681
2.482917132349895
2.4828592930893034
2.4828208307668507
2.4828950418010587
2.482832551808628
2.4828639084985924
2.4828314025683706
2.4829185691607876
2.482880118950135
2.482855121623875
2.4828784458447832
2.482859237518714
2.4829532459867467
2.4829165508751054
2.4828739538868416
2.4828772858218966
2.482890723156861
2.4828632193301523
