Architecture: chain
Number of States: 30
Parameters:
-14.998482280841992
-14.998482280841992
-14.998482280841992
-14.998482280841992
-14.998482280841992
-14.998482280841992
-14.998482280841992
-14.998482280841992
-14.998482280841992
-14.998482280841992
-14.998482280841992
-14.998482280841992
-14.998482280841992
-14.998482280841992
-14.998482280841992
-14.998482280841992
-14.998482280841992
-14.998482280841992
-14.998482280841992
-14.998482280841992
-14.998482280841992
-14.998482280841992
-14.998482280841992
-14.998482280841992
-14.998482280841992
-14.998482280841992
-14.998482280841992
-14.998482280841992
-14.998482280841992
