Architecture: k-jumps
Number of States: 14
Parameters:
0.810243837870803
-1.7664246927243892
0.8191887548626632
-1.6830468341311529
0.8083790488260157
-1.6181795670202577
0.7640762140856615
-1.473564329145113
0.8163900166865702
-1.8083853912336976
0.674339300409309
-0.7529448764451074
0.9442771159569662
-5.879202786898141
4.466292328099791
1.8567693840734496
-7.994642398867538
0.4740658723732636
-0.03242249225468542
-9.731926527506522
1.2193158238060433
-5.179444831685175
-8.153312439563807
1.1908674185994501
-7.1760436574270035
-7.062523977809519
1.182342175192791
-4.842660274644521
-10.59810716459674
10.964155779790634
-8.739408205718544
-1.6626849620546038
