Architecture: k-jumps
Number of States: 14
Parameters:
0.45332551683394595
-2.0058496339799805
0.4381149370407904
-1.92095826174908
0.4350455820320119
-1.8125549187179586
0.4541948109446092
-1.8300303440740373
0.3342473071840591
-1.3040036031754219
0.5615655727872013
-6.9737278539203125
-12.044464137878107
0.10421015721230202
-0.49414710119115784
-11.568245800959904
3.9809617298694784
-4.102847427678769
-7.0450819574019565
0.39078794474341294
-6.455624644415403
-11.828832503872755
0.41552375981443146
-3.79462893588535
-8.754012251589234
-3.013733652370853
8.253885093556484
-4.47624723984845
-1.3909040039964895
3.1543916088906667
-0.04977903306590378
1.3965778918349996
-1.1151449598091576
0.8561869681710248
