Architecture: k-jumps
Number of States: 20
Parameters:
15.0
-15.0
10.947883127817366
-13.476226085840548
10.5947169246848
-12.66992431933492
11.57708612131827
-13.315302883657294
8.821259431728173
-14.042321095832882
15.0
-15.0
-0.7356080377416733
15.0
-11.895530840120559
-8.035498877277442
0.06770438970676078
-4.74781241986252
-7.613592850257571
0.028768344865026812
-4.69900203116176
-14.431991721846822
0.035376593914678456
-2.794262507790362
-13.495265896322891
-0.01837343344785462
-13.138997800915819
-12.09189366489006
-0.7006697264080447
-0.5763404395037837
-11.844101080170644
-7.998125440856334
-15.0
-1.6097831087913674
-8.324017426331372
-5.081142625559287
10.401771169103823
-9.187789356564746
9.27114724819432
2.6021779865390173
-6.291293364508579
7.065972517436684
3.4883647731380956
-5.534612043709457
2.2660813986381094
6.183696519171304
-3.8012999465494426
1.8652289702440457
3.2109816924056007
0.9794336836620986
-2.3939137077726502
2.9489292336241824
