Architecture: combined
Number of States: 28
Parameters:
0.6744364414411559
-13.62931870182845
0.7635226504121463
-11.107487660786829
0.741171317614329
-13.908643653210174
6.141796280179082
-8.025076518117718
4.805489384691694
-8.52747711967863
0.7239099443851222
-10.402981427325752
0.8119634841287686
-4.390983995207139
0.73139856889249
-5.819721154212612
0.6819582926120796
-1.9354692098232864
0.6812777311928909
-7.059160325762967
0.5468490584058185
-0.7719975586005008
0.4298511419704161
-0.27596198474054
0.3701842667563103
-7.388454028903538
0.34572668194954026
-8.389879570322348
0.34431618597608465
-10.723020142121394
0.3764071125333874
-11.81478725447366
0.3182670149013583
-8.997619804599916
0.3746280943415198
-9.913074929907278
4.173446620708555
-7.911876302621766
0.4272930505081985
-11.980018145041843
0.373771566863324
-11.202076062565894
0.38239280188913993
-11.194771095836497
0.3638224904550266
-10.807809268777904
0.3839317341475879
-9.38309149338046
0.3856998055335428
-8.161595685584505
0.3686924800423116
-5.933062470625759
7.360737221566433
-7.386950265879238
