Architecture: escape_chain
Number of States: 44
Parameters:
-15.0
-15.0
-15.0
-15.0
-15.0
-15.0
-5.542851196565703
-6.21974381550089
-5.109519696539129
-5.1034486263153775
-4.240522669371253
-4.388577748945729
-3.9549131399900728
-3.059916395939255
-3.0633047858338416
-2.621773575621919
-2.311815941351201
-2.481474274249082
-2.089591274647912
-1.6295973582023335
-1.809852376940696
-1.777718458352111
-1.3728145823472073
-1.155125326848142
-0.8179513516459767
-0.7922792495066803
-1.7281278542602283
-0.499270362076917
-0.28713163682232334
0.002089197779672796
0.023172202435900475
0.014140090478958249
-8.450728074894714
-8.44342826069728
8.308004340806637
0.015408872316362723
0.9026833622230384
0.9662401766284522
0.7773600200626234
0.9686051009691107
0.030347273795374163
0.09593322376347069
0.6401353726523357
