Architecture: k-jumps
Number of States: 26
Parameters:
0.5675760479368059
-1.9276004393896269
0.5352399397960549
-1.8397725512902745
0.5343913520640923
-1.9501941761429462
0.44996603147650016
-1.2417731616926357
0.7519545402844388
-8.407585165990303
0.5775010291441152
-1.0296646676408796
-11.907709837111435
0.5046473577123534
-0.7238900420132371
-10.634265087404769
0.8537200870375382
-3.736157761828722
-7.217468953627063
0.5969998775449635
-0.563207934786982
-8.366563828335925
0.7416963291211927
-7.020120532526876
-9.672851244052344
5.532924452163327
-5.12828464951555
-9.651008072666404
-1.616322263169941
10.133844558318133
-7.4855465562433965
-0.8540756929480895
5.747243937491515
-2.6318909634757564
0.2839343141602181
2.1140253012715178
0.06396690786623847
0.32979152405743967
0.8527649499255688
0.3705708513871658
0.9248366714122107
0.10570606143395983
0.25549020828734326
0.5634031676558154
0.9763407539607546
0.5413116915846028
0.4276532330848077
0.6990548854655888
0.7181170927853652
0.9255746988260131
0.5848818145014534
0.7464894720260934
0.20702439358108124
0.37939030803739243
0.25856849905281865
0.194540855851691
0.19525873386386983
0.07842372055195035
0.5984765801488986
0.023864226345850947
0.3213333184857996
0.5044238686984864
0.444508704151647
0.9061905788494812
0.8479524295551588
0.07448774902346067
0.8725232247654572
0.7778499309897499
0.09690642533161975
0.09163001324580122
