Architecture: chain
Number of States: 26
Parameters:
0.8437979592513417
0.05026060768289986
0.8967470183764165
0.7646503693409727
0.21655688316155575
0.3966670420982187
0.32412736498056693
0.9239370064005527
0.9408653144046587
0.2359834803801678
0.4499771828597289
0.4360116551119587
0.7490375769114783
0.9819340091128742
0.4360156989415359
0.840780938470124
0.2689618167884078
0.08816569456048196
0.4736281216083965
0.6141488363540802
0.3865671846744826
0.03800320045880312
0.41191334762690845
0.7505274311566514
0.6303585022847081
