Architecture: escape_chain
Number of States: 50
Parameters:
-15.0
-15.0
-13.701742837447705
-15.0
-15.0
-15.0
-5.515648964854447
-6.217295160983207
-5.096895800953981
-5.088380605908451
-4.243734377631845
-4.371722335481664
-3.9538306631321127
-3.0593826032489813
-3.0625546635323944
-2.622539793174411
-2.3118760884913714
-2.4836844181170505
-2.0895420139757244
-1.625340199689113
-1.812251269151551
-1.7730430955079852
-1.377706900495361
-1.1546219148659043
-0.8186917877879245
-0.7920583851224615
-1.7230312879277274
-0.49942610957802325
-0.2878207282191142
0.0006576138247522474
-0.015104416654259203
-0.014582968408842888
-8.806386060978245
-8.79550344769662
8.760875942842969
0.28802986264027003
0.6387561530986018
0.06651775799954796
0.8197267402459211
0.028046595941462527
0.37210777997586675
0.41139996903218967
0.9354935400121999
0.5283792405476339
0.04913290404216031
0.11665999933497873
0.5074261146516138
0.030948165384699355
0.8948873939315557
