Architecture: k-jumps
Number of States: 34
Parameters:
1.2813762307772258
-1.4277774324906523
1.317754424532216
-1.3267947594343366
1.299837526917873
-1.268983119302695
1.245072439679784
-1.2231256733262041
1.2749991775491976
-1.0781846483088517
1.2406025962110288
-1.2676548785686053
1.1171468901258115
-0.5852482968453913
1.498645300509557
-2.602062757230512
-7.629684391149391
1.4152514282941449
-0.056544207530591716
-10.961651008677945
1.3364414710968868
-0.27239712670341243
-7.172127588342622
7.0157135087692035
-7.180631212151199
-4.044521517514467
1.071915819531906
0.5182735676234042
-9.65548945460595
1.4774764742171689
-5.804562201638511
-8.501810643964623
4.448704644621154
-1.5805290017434952
-5.6929935824219715
-1.9811956936074913
6.277415765299099
-2.9605667823076267
-0.026643091556849935
1.5216121103773954
-0.27522952761597197
0.4549572696218338
0.6631535593055619
-0.01459699260610856
0.19686765762210387
0.9955195546254081
0.3603516083324517
0.6030045565191934
0.9642466877022421
0.16050572133055943
0.28818650146099933
0.8232182359485448
0.5865636808763406
0.09015968102787375
0.014778088328843642
0.8552315029262578
0.6964834573195541
0.2102747826295528
0.666068859802681
0.2966041355956486
0.62983314319302
0.2704398003523747
0.2779799578050134
0.8427526463023536
0.5595081270327877
0.5458474920061696
0.2130093993907619
0.06592692563344282
0.03957196355905057
0.307978501734835
0.1259960300297297
0.8660081701561555
0.1588644887736037
0.006872965581679269
0.33101272852143104
0.4694238774239904
0.2532831757444055
0.013772964863675963
0.5682187959070937
0.23335932655297975
0.7926278915010142
0.8988816955004533
0.601900100285856
0.690936097560216
0.6971294729716419
0.4747370394298097
0.9799659119108278
0.08036288821227622
0.8583946762684652
0.7437998479045328
0.8279025161813333
0.9851892068846163
