Architecture: k-jumps
Number of States: 24
Parameters:
8.938168347022383
-8.884158461279556
9.066095774829073
-9.353524579468319
8.085854170557017
-7.861834569180456
6.119219213389083
-9.142319759007348
7.115468807588533
-9.429542509029652
0.9886460313024439
-13.014098964776668
1.2417802104669096
-4.426703540592258
0.6944369561253071
-4.002206435060176
-7.37285331057373
0.8534677197704924
-2.8399779446832496
-7.39917887484427
0.3975301557167867
-7.209327942754603
-6.126138356417142
0.757041349150746
-1.34841634031047
-4.141083212350059
0.21893679477385503
-1.9876926582006007
-4.33071251630262
-0.8298915028415222
-1.3878848229795246
0.32890221207137854
-1.4367687943352778
3.8512036465829715
-0.22111878329795046
0.5481322486911424
1.4466550184632827
0.18000871595712342
0.6566795186962384
1.1393101849760707
0.7335763864269665
0.004416429042719714
0.47873251821716767
0.8034408823119521
0.5225042000966301
-0.015056895533354694
0.16704510336068343
0.7942847822613384
0.7874543729176474
0.7512757483039599
0.9366219332093337
0.5868090612467539
0.24466408510734786
0.4761583005191621
0.6380489559621992
0.6584194906263708
0.39104889828849465
0.1704036568757318
0.3407227953255378
0.7739042601005073
0.7312630033733198
0.36740123513908335
