Architecture: combined
Number of States: 34
Parameters:
14.950934123263648
-15.0
14.946332856265046
-15.0
14.945253292124129
-15.0
7.195551564394214
-12.056724845588478
-0.2140727500603585
-11.944183219546986
-0.2805308437511564
-4.357583146290189
3.774134728809784
-7.527863844889659
7.386112721954063
-12.376573571509406
5.233170970613702
-8.701189780951342
3.8965244007658644
0.2099844213749607
4.0749802980392005
0.8174187426108469
5.014360906787176
1.2794197322812482
5.445990468864271
-5.306988259267985
6.352810217655543
4.775817894279702
7.601415611431836
-6.765139424285828
0.7199563444147543
-0.21577084644627445
5.595922362654987
-0.686650254866083
4.697163638051752
-0.5896397246410686
3.004785202055554
3.1071187892654115
2.3760214169567506
-5.446647525658706
2.7907127648849337
-5.966674220684412
0.2922580514378849
0.3086928465966431
-1.6654423679767802
3.1336716769022095
0.44185369836291394
1.1634287142600033
0.0066403238739829494
1.3714989074777453
0.5764998818425878
1.2033256928921416
-0.1286830754858258
0.6480908164720025
0.2930523404564883
0.865065897445319
0.4050093838589614
0.5184843323094173
0.38459796345545777
0.1927156128872328
0.6652285611719225
0.7220878796354293
0.330308363624375
0.704081787459746
0.8664617677223881
0.9660042152044448
