Architecture: k-jumps
Number of States: 50
Parameters:
0.8394023390555677
0.5640105146209092
0.23538041377874397
0.8698748703635633
0.10464862517370477
0.7819478657732705
0.7935245655852179
0.7052719072163165
0.5692234223842083
0.1078753558974751
0.8168007105370306
0.5704420228328858
0.8028585838124662
0.8873489285311095
0.699444250796946
0.5972903572949624
0.014887027813437204
0.3379073613040484
0.5555100317609999
0.16051476770049156
0.17562425091966039
0.9886912721058462
0.9305537594789812
0.7918170419484103
0.7847587900336397
0.02116304632403132
0.027581520695128092
0.3914453323959206
0.9916331480065321
0.6138744545068768
0.35572137916400404
0.9549518797252465
0.6484426553325836
0.32047202071290115
0.383873374421298
0.23459195105130026
0.7500815864809055
0.8566000392460178
0.6478850112126491
0.6417386624973197
0.30137707779967404
0.9939844475704971
0.6628637362500853
0.637918952894753
0.35593466219111625
0.02233229657076541
0.3745432969996524
0.9160526616300532
0.7252416763352076
0.9406763372242879
0.6389817929416077
0.047807828181616
0.9097862340639552
0.523336563161764
0.9808168040706137
0.8821268478869864
0.22615987058248888
0.4882250124091584
0.7470071936205088
0.9318226409644478
0.05132118956022125
0.6397909941142207
0.9960184142078816
0.7620230098986792
0.6827085773430713
0.16048165768656264
0.36266144220295127
0.9131953495823399
0.08285004712382893
0.015238296934798168
0.8667826993213721
0.6746268059479967
0.9447621007758055
0.20495442795237784
0.6923001735143407
0.3571020934714668
0.7686155517221219
0.5904872992386899
0.6952326518945567
0.5175460256461517
0.6592444524453723
0.6003405041622868
0.07784171933011119
0.33466301179024993
0.19299968634156794
0.5950548780226499
0.23032598454289244
0.5578493619352587
0.0864269531202182
0.8679752798203553
0.5013271127598014
0.5450433074198876
0.78352580968145
0.4028443913660582
0.0486270388796467
0.44292822229233986
0.48967600160856317
0.1252076474675936
0.8270914351968134
0.29534879225774113
0.3289656061877453
0.13495177656723012
0.22077838717141451
0.1392695565506452
0.6200262491787295
0.8426994732052165
0.3768989397379022
0.5195371224275777
0.26046858818082963
0.41107332801624363
0.4290096110319398
0.5861217235669605
0.07244810100951637
0.3592885564938598
0.44545703421704186
0.6320304768171632
0.40341533468494817
0.35662113291728526
0.49544044264232334
0.7691255403069477
0.1327662882426921
0.8427947887170442
0.6546038971573891
0.5057192815579692
0.29228330070404407
0.9715543697406365
0.43970243237633455
0.17975545179176977
0.8425638932953327
0.5513943104655088
0.5461319551976043
0.6261820867615181
0.35393485114745793
0.13148982391970476
0.5756408698122194
0.35426909400082496
0.4556249145945548
0.02812101060522365
0.7599417257363402
0.21610478543609124
0.20126764370440287
0.0036247013080178414
