Architecture: full
Number of States: 20
Parameters:
-11.586145935567865
-1.7386155892195823
-2.411412006201953
8.775342375003957
-3.967616084930871
-9.1489563804674
-4.618739868441555
-3.9949256001535596
10.906760767849471
13.572818891549803
1.700657600663326
3.5379445100535474
-6.136317549668636
-8.57839804388583
-10.186775373906903
-10.046387582138653
3.904809619488921
6.575632450813415
10.716039530465748
12.91414074603226
-1.915856357419837
-2.6356388847474115
-3.3300935765634745
0.8738537317865195
-1.3806436388035073
-1.7790123793688997
1.7680889551801229
-2.799848561629288
-3.4387422634024434
-2.0158424347517703
-2.8042393983087037
-3.389764110500055
-5.12670575722328
-2.3990869688986516
2.466416724703839
-3.407861609342452
-2.9538752262390586
13.564276379662601
-5.044853260817727
0.08293357752000556
0.07553664965335082
-0.766647137099786
1.2083866655810278
0.7043135546604026
0.5088887796596442
0.8840435603195133
-1.0081737240112194
-0.9971602983367706
-0.14768634830872146
-0.8856038566866865
10.780956036569346
2.001804246920957
0.530712608867587
1.7386419662994865
-0.1981414740356606
-0.5543978219244774
0.910133980148816
5.081112154851872
0.3045533838966091
0.7169749262274712
-0.4715005850956153
0.27609382731430215
1.1377377163247702
0.6458600525646333
1.354128668819618
-0.3442928273898729
-1.8787851069217794
-0.1179559113984878
-1.451961908081892
0.33491894909263364
2.2553526609839283
1.875114867568324
1.1261386107916986
3.971909339564502
0.27703854061895306
0.27899357424257265
-3.382077738056283
-0.43101729374557163
3.03658661980637
9.178572654518952
-0.8565579600215291
-1.4697221162108904
-1.4864242952362732
-1.0909607162502308
4.945829100010598
-1.9806044105382106
-1.682492953143273
-6.940240162372264
-3.946448403822156
-3.3306837995552083
1.3473409003439558
-3.722520205766005
3.7548875292343666
9.426972679326072
0.18424768367129898
8.69273000621486
-0.17699422717363322
-0.3167869555903558
-1.561771623284442
1.518204141901792
-0.18914752593569883
-0.522449595273751
2.9107903084777216
-1.8231994477236138
-2.000362648205072
-0.838208473157837
-1.5223943471658925
5.650917288834352
4.002173314897507
-0.5252338415106442
3.696406276258299
-0.9624589648946376
-1.0937324367809311
-5.00106896364866
-9.400287338341121
1.076228854443067
-2.7585538270514087
-1.8624620932590006
-9.90314059700229
4.967546947889177
5.000016998856381
4.0241993627631
-2.592506252381241
-3.995864796088683
1.5768266860345477
-3.1311521773113418
12.103548311914473
1.0605394093190292
2.013544717991831
15.0
0.8156004206207794
-0.7367307489284768
-0.849715805374434
-1.9853199509786172
1.3277493115048928
-1.188165249916388
-1.1271410808544844
-1.4334327958998145
11.200393625016886
2.7522243277908536
0.7254355123030466
-3.0793593774721035
-3.722602413702085
1.8587645617551896
-7.3411611927111595
-2.3692288059614324
-1.1187572425828387
2.204447250140327
3.6472117906218777
2.2670726072041294
-0.05606218574260071
4.462844111698247
0.7653951572438467
-0.2479046539770296
-0.3617934458407449
-1.3400109797320965
1.935651061196509
-0.20198884199916708
-0.577556876795218
0.9921655136287159
-1.587029834719477
-1.4017259671322488
-0.7817470997955063
-1.5658600144873611
13.436045737234778
3.2595805491212118
-0.4570888926619541
3.820668455997657
-1.1087800746968477
-1.2142022391382248
-2.5289961595255326
-1.6636013037661237
-0.35442260793144653
3.9332059511432527
0.13564239711838055
0.3640336983641526
0.793507211657371
2.578660935061211
-0.7846577352733927
3.115598844449746
-1.4743831270831842
-0.11933208103334078
-1.6580762232546504
-2.2005507893664014
-1.5279920758397816
0.5277460331346556
-0.7242615620185058
0.6509682544087112
1.6617931670951882
6.0634851689057205
-9.946834118487452
1.2183993227100764
4.340234832462437
2.076660553933868
-2.687290264790771
0.42865127965084227
4.6252828642972945
-2.7162384451793
5.1256274827026385
7.3907224761476975
1.3805165396590835
7.030119608645318
-9.905973631631364
-7.877886435979749
4.920186290455403
-1.2800209222546897
2.1315643973935714
5.621862870196751
1.9061042945752267
-6.65184070591921
1.1876297004809993
0.14277133616689394
-0.27669794413305393
0.9430295288526721
0.3811110024045505
0.9487057304096955
1.0838215355979177
-0.6115011088305231
-0.5575003266835415
-0.09348401829319503
-0.3982434761184193
3.2853508024723115
3.935998058303738
0.25010788375446913
9.663245205807046
-0.05095797521803037
-0.2593068581743482
-2.7380717508701653
-7.055706407224949
2.941937701780255
4.481519264247592
13.397106935693527
-6.398044573856716
3.3509840251692498
4.56552439605122
-4.1962892802579725
4.678244005773192
-2.3430782233853176
3.7069131516292466
13.18353659244292
-8.270743741498135
-6.044742352123742
-3.1221986604251057
-1.3420098919769885
9.326411671542031
4.615048803160481
-0.7770110582319932
1.9989768726850794
-0.925202287636303
-1.163931702192388
-3.477838723900376
2.5811330568388957
-1.1127130952125162
-1.3308854846350529
1.6126146956933536
-2.040753919640369
-3.31094793048669
-1.6517246781306636
-3.4750660387883268
5.305717859357321
14.898644262461186
-1.4311673516844505
2.4966468927550842
-1.9443904918884298
-1.8375799918660103
-3.5840706343343123
13.479323241100822
0.021071754023995685
-0.37795165493548605
-1.5003242066957676
3.995015411583913
-0.2864291237207801
-0.6785221963996554
2.6412900722056207
-1.853784033464164
-2.2047921009896108
-0.8651054164620455
-2.0185655381581933
1.7245362628284335
12.85137739070938
-0.7349205447367789
2.180262201246496
-0.9889684466271654
-1.6115998855243292
-7.907973401067225
-3.8110979164844716
0.06429320788706985
-1.994527249294835
-6.743254853070498
-1.2639614120366343
1.8520169740266688
11.111829460863367
0.5076075813971858
-4.153492791275997
-9.145078742480012
0.5956010002601014
-5.124839364340019
-3.0283651922365897
-3.1426022848259563
10.801409451347544
2.3835549567997774
7.73725505293255
0.24900703992082368
4.015417282831164
-3.007964617425357
-0.6467058886542285
-0.9479945572112097
-2.1759802606908893
2.5167841274832723
-0.762970237073057
-1.2445635294264918
1.2884523913037524
-2.826678550024049
-2.6041059970759526
-1.4191637118689142
-2.422916744057157
14.845634041885068
6.943594627310161
-1.4431826127784837
0.924198242075569
-1.5569765804564608
-1.695135753740157
-0.47770219636518435
-1.5007793365508404
-1.6303483931236626
-0.8185465210003829
0.4414756254698308
-2.880863067198047
-3.192514037617959
4.236051841171574
-0.17413152904451898
-1.0784625832319308
-2.8658040472431106
-0.6151574346867968
-1.0620553224325808
-1.2095637346540673
-0.9661380610540734
9.004975473044672
-7.724938829261734
1.2336462607991163
1.8473433099719243
8.064481337794609
-1.391531277457065
-0.12250891758402967
0.3950122154057794
1.7471424016412518
0.13802651624789658
-2.1938731794595294
-2.6080159999638965
-0.08078013263509433
3.554147304625755
-3.218198561588383
-1.2693602913396083
-3.9097620221043545
-2.2994309319447956
-1.5815221297537452
8.851682189237435
-0.13399287431847504
10.038900730871559
2.469099516023712
8.786612613506453
