Architecture: cyclic
Number of States: 44
Parameters:
1.0985319302930143
0.5628628638504822
0.5554086964230077
0.5599731443641615
0.5588804347375746
0.5581958939012477
0.5602175622989519
0.563066153061583
0.5569356722545847
0.5587794431507166
0.5556864950453092
0.5576305310996472
0.5593425660256631
0.5586440178562571
0.5588786594456092
0.5584530066332051
0.561078950453685
0.5631545038945742
0.5619213215421542
0.559707536817324
0.5624105517213929
0.5613584661533729
0.560221012272203
0.5606802162828437
0.56067779792478
0.5556622777055955
0.5622020078265687
0.5586837226113274
0.5583562553604826
0.5562082366603026
0.5555893812836056
0.5565580522030611
0.5577826940864022
0.5554065960891943
0.5599574447129655
0.5575687183735282
0.5626201547085271
0.5596392223761274
0.555499473079361
0.5604583763375776
0.5557210371523459
0.5531694940645429
0.560692891263822
