Architecture: k-jumps
Number of States: 20
Parameters:
8.544227674555582
-9.688833763467683
8.481732449914903
-9.977661704574388
7.186507058276013
-9.857358281991312
9.380910561254524
-10.806517810336038
-1.0864772098130362
10.119272318975055
-12.266304412573783
-4.300478866290172
7.101436004636962
-10.363635591887775
0.06064815500709762
-0.8123589620782922
-5.1220756165486065
-6.5881698370058555
-1.2007107163410657
-5.23751586580277
-1.6818456668612152
2.5850027316221365
-0.5049019171853006
-2.377114097653275
1.3941210699690734
-0.06715556175636161
1.1170167144586371
5.143454876386125
4.466420349507461
-13.334815152234182
-6.401999788125724
10.655677550543764
-4.813214283358963
-3.0484959671626584
3.745341651274261
1.9039707165680915
-0.2114034917866243
0.5315440458955941
1.5888505641714454
0.9201510681970306
0.4148749385660501
0.2293443480195369
-0.18433092150112856
-0.2456951888752929
1.0313878698705319
0.07144867630131073
0.4539412420560904
0.3538210304207077
0.5246537572320303
0.3747372581274459
0.700707207180056
0.24686421212630832
0.3238806376715301
0.9471563854705737
