Architecture: escape_chain
Number of States: 28
Parameters:
-13.04645709814655
-13.0523596848804
-13.031511853499637
-13.046749952878915
-13.017175486409199
-13.035800335441621
-6.153558777959586
-6.177292499325934
-5.430471541288177
-4.714106866605281
-3.445470662476274
-4.67476219722394
-3.1425941529952484
-2.988431061216122
-2.7886935458925897
-2.555199966939554
-2.097298346709629
-2.474306603641873
-1.9995748284272192
-1.2695545002903343
-1.5970592720993952
-1.2956201110711603
-0.6801102645746896
-0.606243240709264
0.33023758332421466
1.049233039221648
-7.883021228633975
