Architecture: chain
Number of States: 24
Parameters:
-0.5011649637187401
-0.3373374125669029
-0.2831720966167178
-0.27462351410640823
-0.09298636750412256
-0.37725775397702865
-0.21473231355533395
-0.23619161743715622
-0.5420641613211912
-0.21543017385142338
-0.18422819508899296
-0.22991420140747967
-0.12488381085167462
-0.49959374480468327
-0.44741503641247826
-0.13522892389408953
-0.15505158635471278
-0.08468068229203586
-0.2776418328591629
-0.2840524087655103
-0.3637424033816545
-0.39476417445951384
-0.43078712202300834
