Architecture: k-jumps
Number of States: 30
Parameters:
0.502560063664814
-1.9636322259386036
0.5111943478418011
-1.9533773606215434
0.4620146736372795
-1.4456217639139928
0.8265139314724876
-11.205417667027676
0.5571791901685401
-0.7203058953274298
0.7960120483869139
-3.5322256501340785
-11.999486228748319
0.7172803952631913
-1.3853690029376111
-12.057590065551606
0.4273688509341963
-0.25353078644993016
-11.978551178542803
0.758692397230372
-10.75151651082296
-11.961878026961484
0.7099315135804751
-13.960006448230894
-11.713088407508483
13.808758648924428
-4.03687635279365
-11.477702554797396
-3.536067098952161
10.107611009159085
-5.176979650782932
-0.3025878387875535
3.2215890816002
-0.9023912662916551
0.6373776958506061
1.0673425352575698
0.42325439395470243
0.34218858473489594
0.8112458570147445
0.46151777582716746
0.17768152316008254
0.5513621050879958
0.6393350229557517
0.4259012609825525
0.5201270753420836
0.8048811470158522
0.9246830028297556
0.6540284193637533
0.20789673211274068
0.6685792813144145
0.7275383330906425
0.9803237348601062
0.03083054288764786
0.6302269489945297
0.8678518853975458
0.09099555991007735
0.9332477274276184
0.7296897443300352
0.3352916603678564
0.07851051978204915
0.8262961297766177
0.7617307542395385
0.7214205006222524
0.6400193751454467
0.7819127780320655
0.4904454659755433
0.8693831244187447
0.8345897594417486
0.7879112586075254
0.31490476635502573
0.5245297818224058
0.9759027002676397
0.10506679609781078
0.023651078785365764
0.9432943174605988
0.8807940456298762
0.32459336962169527
0.8818662316378973
0.5796909006171505
0.41990286116211617
0.35780417281225996
0.06102134795397318
