Architecture: cyclic
Number of States: 32
Parameters:
-0.00047534551021157607
-1.302078830606975
-1.2254894847041267
-1.2899563763216262
-1.1943391750741486
-1.1480083342212575
-1.148105104902132
-1.2840818985572302
-1.1567880759012608
-1.2112567831349126
-1.1710887553786729
-1.1487520007831478
-1.1651537038736095
-1.180541905031082
-1.267524870072807
-1.1625169595194669
-1.1651095684814967
-1.2035885550187329
-1.2273982354003703
-1.1666355995796076
-1.2866362358471757
-1.1463449686094964
-1.1569327174933537
-1.2926978886078855
-1.2259424527973009
-1.1615224110987241
-1.2461298828721528
-1.1515874116359952
-1.305242706282959
-1.1703313375406754
-1.2290540891786819
