Architecture: combined
Number of States: 20
Parameters:
0.39684294997433023
-15.0
0.4002956536842875
-15.0
0.39925138809036376
-14.832172000804405
7.095922794978221
-9.87476011676485
0.4082011273514671
-13.236778422667184
0.4079925805831439
-14.825732677963257
0.3799271040227017
-3.1943572070714294
0.4055484011499865
-9.478559499949283
0.4065335247349684
-13.809424724664469
-0.24855976226864332
-0.3358085312167717
-0.5513886486825051
-11.703507753624956
-0.5504306439570219
-13.38296934624039
-0.5524103025677793
-13.572662710807517
-0.5511904217579835
-14.393850622213572
-0.552757037926494
-15.0
-0.5506566260854016
-13.795887246664746
-0.5514871424767243
-14.071302321518262
-0.5513514819608764
-12.48571464069235
-0.543334853676352
-8.824401971120778
