Architecture: combined
Number of States: 46
Parameters:
6.822301081513126
-7.353482773094726
1.9221678919885856
-9.362260401046504
3.232213076481938
-9.06334803251205
6.896301604091753
-7.2709764655726286
6.992498330276729
-7.161415475259643
4.551393386699657
-8.269323134950621
1.9420348851221503
-3.946004763258603
1.6942758912095635
-4.403529809593263
1.5124162885572021
-1.836686432568567
1.7220850139027613
-4.175857532950783
1.5949016564881284
-1.8166041182521402
1.562796108878579
-1.3752082977609121
1.2195033727361584
-0.7813525405605729
1.5246301895011847
-0.7315767278343905
1.5695720482536757
-0.12230750967224889
1.8908638540390303
-3.5771246208506193
1.8352787365137304
-3.6865310221726038
2.2126375461375636
0.521153021854166
2.0584884889060993
-4.057971373420502
4.036242332124611
-4.72401924290813
3.425214021111135
-9.126311080027147
5.147537107942174
-5.955490973845932
2.5378108757464437
-7.5094058479850165
5.897751135222727
-5.682626943096031
4.4982952672966245
-6.312003758863011
2.8019542701537734
-6.707780452460246
2.309215949870837
-6.673226418656103
2.1217121295416894
-1.0482028587233316
1.694450212190788
-7.868503014691169
1.5205850499362963
-8.276683839516224
1.4286456248703607
-5.013690945464803
1.0449205602064315
0.0077627725612904805
1.1942336670182576
-5.164514339040332
1.4285011368676366
-5.9191128814336365
1.1814433683606536
-5.631100049342926
-0.3014230176746726
0.9625667428035377
4.064602687109464
-1.4741684677201448
3.1645653443631563
-3.6938961411069937
4.511883308033445
-4.761939740137658
3.3414462907355253
-4.928679198365099
2.8176971316775097
-3.9227461114208437
3.7398172311615046
-1.3819851976535669
-2.1905062188580726
4.9764384386952365
-0.9950388570985834
2.003463959570614
1.3284078320214185
-0.16127036208167708
