Architecture: combined
Number of States: 32
Parameters:
5.4853317783733075
-9.084706215945362
2.771744572729672
-12.08380927083265
5.546545693393251
-9.024282104633667
3.9769797312342385
-10.478460057385954
7.152415421054023
-7.5878923766572415
7.478182216525535
-7.165175772005617
6.238070452647785
-7.3285509135978835
2.7459347138243193
-3.3335616369584566
2.0289628430189786
-3.2855820906381834
2.281183964942587
-1.829826360575805
2.1821487387379914
-1.7541531873994352
3.604498256455838
-6.012553982941219
0.8056406910749278
-2.8330444999758724
0.7165193290516588
-2.2118445122618726
1.515580576649875
-1.8606893256811663
1.3106244447569286
0.002456942370995247
1.293390866665483
-3.88009140136079
1.2059322502768024
-3.3889655953432114
0.19204474669081967
0.46214246250039737
1.3655081014613668
-3.5770216399064005
0.6815039257246326
-3.9771341526881985
-0.48456008529282224
0.6665460838462894
-1.6817775821338834
3.5340166176254515
0.2485169090907479
1.415937790203716
-0.35229005148472686
1.5956402351906596
0.3571904795820438
0.8403532615215621
0.42741045669934474
1.2379897293925697
0.1386254036079872
0.5007792528253361
0.13437129601093023
0.42543118084247666
0.5619800266697418
0.003244378245985294
0.14916435998031266
0.22066143561069695
