Architecture: combined
Number of States: 22
Parameters:
14.861331659270583
-15.0
14.739107991940818
-15.0
14.981916254557403
-14.816712316488172
-0.1937200271702942
-6.770310016490887
10.911663758365549
-11.84932806514371
-12.632972785321652
-12.780990554372398
-14.909373905526504
-14.871220807187616
-4.934765088635087
-7.59672523494828
7.661914866155175
-14.912977745438898
3.4347930738081143
-5.636511811449335
3.0473362861722793
-3.1860632733278105
0.1043421511217069
1.028879249479367
-2.564696891108094
3.2452781625075446
-5.610282834484341
6.408225742609509
-3.388267870599814
4.414122341066489
-3.810101445977789
5.1866442140694415
-5.032705145564346
6.176340079781713
-5.249491069579631
6.514721455798547
-3.6178724299811327
4.578290480898871
-6.058553286203108
6.7704655376866425
6.595190597762476
-6.16006344797475
