Architecture: k-jumps
Number of States: 42
Parameters:
6.473427542697883
-7.937243296628052
5.591203530354
-7.6478381458886275
5.5326911118080515
-7.5453277373260175
6.972549001769051
-7.263257102804002
7.489304119622223
-8.512657014825432
0.4016969634291936
-12.734372397201978
0.5891158792268593
-4.6990566262826485
0.4011466930348153
-4.082374587016637
-6.864515811078578
0.5736151551520973
-3.7185539930459477
-5.219640931816952
0.5300043450882124
-2.535634600319571
-3.7917015066507864
0.5409709465783034
-3.6122003262764557
-3.737720053937772
0.3953700491469902
-0.5954905339631301
-2.0425339285669
-3.3966185844147643
-0.23362481560320772
0.634532146311267
-4.9804470730300645
5.496205049489141
1.6900415389959995
0.06565575380081554
0.5060343082534943
1.4493543539473885
-0.3851692165586223
1.3993296229746863
0.368672760862832
0.2059445383325462
0.22083598977513302
0.3799441331260419
0.2894802204758609
0.028380720579122238
1.1377922444953485
0.6769684357723369
0.49819602117875433
0.783136169075831
1.0440334934376332
0.18365404726768222
0.5775387232099194
0.2870973745614228
-0.021292033812559886
0.4075015920179122
0.8680380046901354
0.30856692635951066
0.09348257684181345
0.6220313277150102
0.11720725208081181
0.8631902251669603
0.3446541498929483
0.7899703460912008
0.6970371033606592
0.9842443251292052
0.5049009114101218
0.7135968481818636
0.368929013272392
0.94615959665827
0.8165924031400333
0.4802553666632032
0.06647703997781829
0.47573993252213465
0.2689215536561429
0.2551306479718815
0.5316669799981315
0.8688668069948557
0.8386769009127895
0.2895436110732372
0.9390406922549257
0.7651737207617707
0.8307446753411869
0.45353933752897596
0.8609935279296967
0.7063147958760553
0.760450357390678
0.24922030319091049
0.3359006980617675
0.10202429473444197
0.838336083529982
0.10979270850446876
0.6620124445073301
0.049655650361302706
0.07087437221166704
0.845897978040603
0.9023639054016175
0.705504406237455
0.9870211803443029
0.9219004295617339
0.9592334190929317
0.6388507046025489
0.7306646057837338
0.6486330069908253
0.7196811580296398
0.8982577731683876
0.6144134451822204
0.6176321882563867
0.2693432519608656
0.449185507609724
0.8133054294538369
0.7912127626533094
0.5400965198016141
0.49420267788492056
0.7560181301141543
0.04056404893845322
