Architecture: k-jumps
Number of States: 16
Parameters:
9.684767978231193
-10.767084247696568
8.581717252625134
-10.64825952424422
6.567764396133442
-11.524690354324903
8.380832378385744
-9.891542660108877
8.63092000562274
-9.03282021025223
5.296901882411432
-11.20364958082478
5.61679240229432
2.508289185870887
-2.254926088399262
-3.4887311471820035
-0.08851659560396734
-3.9724130339785892
-10.163606159221375
-0.09944384303978591
-3.121608632751377
-13.117084431830056
-0.25671822704438274
-1.9990561602010042
-13.317234315799846
-1.1379442893308052
-0.4618023773003655
-12.292458885761532
-1.0075936302104438
-9.079062579715256
-11.267499129487332
-6.8562720489343905
-7.233202846896891
-0.9873054888372396
-7.166528658558214
4.856572659484294
2.979458340040595
5.256707084853012
-5.778415991434825
1.770671396475435
