Architecture: chain
Number of States: 34
Parameters:
-2.6435272616574474
-2.6182939202503728
-3.0011783574655633
-3.0121511589911267
-2.717713041346027
-3.0178499291044525
-3.0179444745780315
-2.741033866752864
-2.6909733011811476
-2.6351742515073915
-2.9036102517121036
-2.6424119451548354
-2.6021588944064
-2.9268345633554635
-3.001133860389768
-2.876861830806506
-2.988414913309571
-2.6228825166476812
-2.7788125989654677
-2.789605523611629
-2.627349439179945
-2.6553431351972803
-2.8961124435141086
-2.8429880328173596
-2.851719858966258
-2.753751388437722
-2.801657144453186
-2.962577097814308
-2.7843738638076023
-2.92161904493515
-2.915184026162183
-2.825111161670098
-2.7225627116703217
