Architecture: combined
Number of States: 46
Parameters:
6.632341214772717
-5.656943518878888
6.052324309422742
-6.18393279069384
6.240218761369515
-5.9932087576464905
6.550663489018619
-5.735965742725398
1.738955972436185
-9.538272230688698
3.02026157571469
-7.940763462466269
1.719928961572891
-3.4427854357801664
2.743052358067822
-4.1364947280686035
1.9305580355754406
-2.7003470003825694
2.0151543631900717
-3.0963768566824372
2.3809320786266444
-1.2735482485059668
2.2398747143145177
-2.785606775366249
1.92026041718643
-1.4102042053570174
1.8797004913111452
-0.3128886973383748
1.95982182611402
-3.4477929677817767
1.4837760137613825
0.041540411667397956
1.8783651029052393
-0.6640993492210081
4.778657907044415
-1.3400542121595103
1.7974483887022683
1.4388724083855369
1.0805842347634658
-3.134473366376251
1.3518698040075152
-3.879360077634981
-0.45177839686833576
0.8520441544333427
1.2509861084711515
-2.18807912389129
1.8258973910474976
-2.8017306071180434
3.101428862929325
-2.1680384519235285
-1.3439656681391787
2.7913055138963823
0.2757301503889242
1.2624222438832968
-0.13977138427992444
1.5570118360933267
0.7514180201105324
0.42245472887774943
0.33707010110596947
0.7362401810750143
0.3619788143042209
0.8800794186680704
0.8644665076325906
0.8336703961344399
0.5686964780067214
0.966733688499999
0.5512066894595983
0.23177508848651798
0.6757632455865483
0.2797237185757444
0.40208382286107414
0.9409459275991938
0.0696123836731708
0.9711681144858865
0.0004984161006139631
0.8595712373232519
0.0854622332470184
0.5724270170125896
0.012105150563858302
0.5224254831463462
0.7416983494066253
0.9925062180136159
0.030072886654847863
0.9444674313895877
0.7057342395146177
0.06458309539294815
0.7794908921920426
0.29818734793253954
0.4400303112832761
0.4843735931411556
