Architecture: k-jumps
Number of States: 42
Parameters:
0.30157823853765653
0.14141081338741812
0.6651653388696824
0.38469758343509575
0.9580669403128227
0.7799651438344202
0.2769573659200847
0.27503647781774154
0.770541813517205
0.7739433529400191
0.05364968034372286
0.9452918437577664
0.40029154820849433
0.15815912465413307
0.1239386860169912
0.9878238081645536
0.24627664756112788
0.29212623516592817
0.9354542704092066
0.1479219824829061
0.4838201469736263
0.8625486636369468
0.18860727687302503
0.40251332032971765
0.3243353671357557
0.3889902745525854
0.3241291690627969
0.6790206246912625
0.042620750251924355
0.5015382454701254
0.12973383533812943
0.646324817998781
0.8361601543991498
0.23440485918169274
0.4530143466828622
0.9682618335506298
0.4447439362263138
0.8939891064094051
0.3997191690599181
0.13249049046831407
0.09186604781794283
0.8316608055700666
0.5989219272038423
0.17032266686499886
0.6987886853149875
0.7330075059711534
0.8688351430404582
0.30573150188402376
0.8162148614901426
0.8997780554485497
0.7698491945856989
0.3695825139637321
0.9874239483193521
0.2422284875712467
0.8918267181212745
0.8777033950885362
0.45883718878572155
0.08504314252939171
0.29746072614058316
0.7921051548530499
0.6797149530884119
0.9976056598963028
0.4607275100782895
0.4076979443722816
0.7463073929676408
0.4384244459855524
0.3818860249503524
0.8752589151815827
0.4175120878667252
0.648476990829367
0.41620691231032314
0.6538222729586016
0.8187274135041721
0.5590679663035897
0.8647735853585451
0.5770516390934273
0.44955216345725013
0.49855950235001945
0.9840287942436226
0.13190003291446795
0.6325823918171705
0.226261286566517
0.1428276389592179
0.8978075559568466
0.17476517987871032
0.8413309595998673
0.06201120162935814
0.5757777731396007
0.14817669676156542
0.934593120582472
0.3090725431979724
0.9501067378777468
0.5828351611798813
0.7543538875781405
0.08423982797241636
0.6755343250921676
0.46854319671843814
0.9117878010311414
0.014860635923652943
0.0845997671540143
0.2521180024262595
0.9893672042796714
0.012669471182266578
0.17215063420399024
0.38289453669160745
0.3241544329001408
0.23109871938406656
0.7979571624044031
0.34359267158956686
0.16763602234014696
0.5509398960004783
0.6728343736648673
0.07600195764555151
0.09616415256113708
0.2169592929152261
0.5097413621049142
0.46880194756260607
0.8444965170045245
0.1932345394479703
0.9661145332195152
