Architecture: escape_chain
Number of States: 32
Parameters:
-10.660963333469217
-10.661424391698889
-10.661506573322672
-10.661118275039065
-10.658518781893973
-10.661766370478064
-5.533116577475533
-5.527777639888337
-4.003476400664362
-3.695151347591423
-3.3841597105912924
-2.622826472090279
-2.1999976856756907
-1.628201719716681
-1.3752733731131626
-1.08665972980495
-0.9324325713386876
-0.6405493385093448
-0.7913867285211501
-0.4426299500249324
-1.202991403537296
-0.8360422113106409
-1.4864406268042107
-1.227332906528635
-6.817947468033946
-2.350012623789289
-7.03774116683477
-2.2929625161324627
-2.2918822165735655
-0.4049794190554602
-5.974139888948951
