Architecture: combined
Number of States: 32
Parameters:
1.7237220421286514
-1.0543984639417778
1.7261819511841414
-0.9903678466549304
1.712647709366287
-0.9318405387578373
1.670621902966319
-0.900404506474399
1.662821977142686
-0.8248327893500241
1.6464345227819794
-0.7580550800263808
1.6832830229163103
-0.6114475534689661
1.6201604598516033
-0.5652126043999397
1.6571504280406335
-0.681468872939427
1.5603633799268133
0.18047380139226268
2.005202392495153
-5.914140969032792
1.6870181311501022
0.4895789059119464
1.62176995781369
0.6732609274442545
2.02212291147292
-0.9034371086427101
3.5830434319591107
0.8930306583565687
-1.6986202663826524
3.6668524448336206
-0.7724784495654584
2.362572338811425
0.8787241979932643
0.5375155655864715
0.6632181244735464
0.9141913151564844
0.5661027042227155
0.7338432301053599
0.6582114470289582
0.39396807017250857
1.0153595910209576
0.26928679778323017
0.2936854378451976
0.19429383257420985
0.815882820831586
0.5348225684149176
0.9407263763948901
0.18768190173238558
0.4953462568852812
0.32427855121406113
0.9477432748128588
0.6523221121071594
-0.0808892838595055
1.0129064772540903
0.6995807890923005
0.06449671320280416
0.23797807405897975
0.5453361069982261
0.08069805611931428
0.32717807312985675
