Architecture: combined
Number of States: 20
Parameters:
0.9880866844723057
0.817128018862581
0.6025164844661731
0.6517010938375606
0.9717319135783524
0.2749884513469729
0.5868103669956167
0.5010832423491267
0.12521673077559525
0.8402923749724043
0.049947639028923185
0.898695154001527
0.03410066081791574
0.8846257961979864
0.03961474869289239
0.6546630564144877
0.4153494188020245
0.3386919590617362
0.8527829416925875
0.40293747148682735
0.4273426892755916
0.8144026876898043
0.8327796435190659
0.1468773359638854
0.13212426261771726
0.8855762011041782
0.3313686897340772
0.548564542085846
0.6727041817894258
0.7169901619275905
0.797547896622772
0.3198436251693665
0.16336402897679791
0.46558225400709086
0.197806280589245
0.04226202116678346
0.11257953822654998
0.5433950443014441
