Architecture: chain
Number of States: 26
Parameters:
2.5658922266540687
2.5660340593046227
2.5659305813347455
2.5660308763169875
2.5660242463483973
2.5660370293346175
2.5660500432473117
2.5659638141469028
2.5659938848066597
2.5658821784376658
2.5659742007471213
2.5660495060637816
2.566027163132799
2.565995930864705
2.565993673597998
2.5660451188340643
2.5660514369717013
2.566039028767589
2.566056095034481
2.566000230179005
2.566046206541399
2.5660479063830404
2.565992984259923
2.5660523721843935
2.5658659185423125
