Architecture: combined
Number of States: 22
Parameters:
0.7315953988431031
-10.086223266109224
0.7672547125572629
-10.355447497524462
0.7214642714677196
-8.816006823959798
0.6915495613151876
-11.35213698288269
0.7952685957404687
-12.056157087078196
0.7919277924689674
-8.290063162369597
0.6104754920021926
-2.819829710167515
0.6148474259820096
-3.4233985575315256
0.7364967634569918
-4.290372547054632
0.7687719989373079
-5.752032519216245
0.014923089117642984
-0.027754298616070164
-0.38385759018533083
-8.097695934156432
-0.3867483748318636
-9.812125448520659
-0.3492887752793111
-10.562649325746486
-0.38596915344660704
-10.050659011682852
-0.35559916517506257
-11.359125946546952
-0.3757497233530705
-11.058801413816779
-0.3767541671307824
-10.780511100394174
-0.36582767370157226
-9.561708134856605
-0.3720336143040733
-8.032666258706264
-0.3780792010389981
-10.826539523427485
