Architecture: escape_chain
Number of States: 24
Parameters:
-2.944067567445205
-2.932961900564031
-2.879151487910507
-2.5130405143702297
-2.69447262900401
-2.197138648064574
-3.580769928184614
-2.246561480929373
-2.2876645128456397
-2.2226506802231136
-2.573869939138336
-1.9408613967657442
-2.0622171653340056
-1.8751152920674208
-1.2649269122384155
-1.5198184956390144
-1.0985338386736048
-0.7562187717672387
-0.3713125729251934
10.206951703371539
0.573486411452123
0.8933358165402261
0.31285853059143565
