Architecture: k-jumps
Number of States: 18
Parameters:
6.289333982173215
-6.937765054693283
0.5865522117545847
-11.89446381076002
5.015805133105315
-7.355975154364757
3.58519130081852
-8.722656876677682
0.6154948807008571
-13.048833189787448
6.315512544166807
-9.13445258482189
-7.452233166267691
0.55927395165442
-3.9026823447345804
-11.030773524830721
5.452009146677339
-4.531944671431755
-5.408934589067725
0.1754184876378345
-3.653759224693166
-7.937289732512698
0.3265146334352704
-3.1730714182544593
-11.507203786662604
0.17873391090189805
-3.155404615276233
-11.019378889833181
1.425288684781359
-9.631554776655884
-8.592692003530676
-0.2935990476963829
-0.6617059951016665
-15.0
0.3917711720058575
-2.5803682965993686
-15.0
0.4380489231273791
-9.755748703385773
-9.79233703438785
0.5298653417360601
-10.323397991643317
-15.0
14.265785996262178
-11.590905261268253
-3.3529217970544565
