Architecture: cyclic
Number of States: 42
Parameters:
0.692648978332591
1.2071401852120045
1.2076104819363973
1.2062454208230537
1.2072037073800534
1.2063160041484882
1.2066685105651591
1.2054073150307187
1.2063899639357545
1.2053073187109724
1.2072075902931756
1.205350591314554
1.2051912198864132
1.207581804103107
1.2055549527758462
1.2069860319838066
1.206953957909696
1.207772800953944
1.207323523086455
1.2055785637616203
1.2070949884051194
1.205689353708301
1.206194375605267
1.2059598514491665
1.2068435980750154
1.2068980862788705
1.205447416925884
1.2078534741974392
1.2053549200145337
1.207855872907474
1.205254710685707
1.205444332511671
1.205111525874794
1.2076301947360073
1.2053682374820387
1.2076459930361212
1.2053623268174785
1.2070261881829996
1.2054456970789722
1.206767683434051
1.2071244078956227
