Architecture: combined
Number of States: 30
Parameters:
1.5893164053556077
-15.0
15.0
-15.0
4.037161617120013
-15.0
6.232940435149439
-15.0
15.0
-15.0
5.705468365763544
-15.0
-2.9093968016814418
-14.771480148242375
4.551711495537516
-14.845082500808253
15.0
-15.0
1.5783251306333659
-9.213456096932273
3.1855041214905127
-13.098662764900986
-3.067163290642381
-6.5822519519598295
5.192207963462422
-14.912263250545406
0.9295478111994123
-14.567367355131685
2.001295919199443
-14.889150351827611
-5.119304744194831
-9.582799196667997
3.0660428847146695
-11.851113453522961
0.27405001564484727
-14.545199496385715
6.163174323186799
-14.999999513400876
-4.293475193591036
-3.421272342616783
1.5560399540476921
-13.230107771519718
2.0923799335840365
-8.097728198868664
3.2812720378266813
-9.111715390751074
-0.6937129967942955
-3.577648994749154
1.238019072659491
-14.924447726514911
-4.772997508884613
-7.4971817159744205
2.1849065604058038
-9.053594955761204
-6.842886243620632
-14.997218327379613
-0.5616982922607107
-15.0
