Architecture: escape_chain
Number of States: 32
Parameters:
-15.0
-15.0
-15.0
-15.0
-15.0
-15.0
-5.119719539774459
-15.0
-6.207827192484081
-4.244110121858417
-4.565715959558054
-4.084487202128932
-3.843084680803339
-3.1045648729075253
-3.505822952148192
-2.5271603304299655
-2.1188889883996227
-2.222472840859538
-2.172757829244489
-1.6176334307800648
-1.7437293444040893
-1.7693408192021562
-1.1912292832568008
-1.0888281783927325
-0.7228487187965743
-0.5423256239511873
-1.4687027055804096
-0.4061169848230398
-0.49353581296637394
1.6957608044572698
-7.257067017654655
