Architecture: k-jumps
Number of States: 30
Parameters:
0.7897589202554928
-10.788220922345868
3.522201187203318
-7.985201742644911
4.154814997557589
-7.642767304421126
4.677460277678585
-7.614849544082835
5.119632856169987
-8.380331585132042
4.601552996219664
-10.346262539912571
-5.32661443467189
2.1219006576052695
-2.8200704982021594
-6.45206575514956
1.195479771842611
-12.10519445346316
-13.069038678833143
1.298473681450616
-2.763478104537057
-8.391604011182734
1.473222463603792
-5.940387693622299
-9.105980595692964
2.5130027930462666
-0.7904319269710749
-7.954469810172708
0.4079854941384945
-6.631148763595776
-9.164732487400547
0.36637991153392313
-1.4619212104632289
-10.294732346755673
0.22565777504697287
-1.5725336066666058
-11.811941010863215
0.24043143283201465
-8.352314739692288
-14.694090227958865
-0.7386973961403088
-0.2618578840257116
-12.656164907390274
11.668516450174506
-12.072516421219778
-9.806596854179368
13.787067159588473
-10.003906189630706
-11.115929552645605
8.718216378187707
-2.5925165580423695
-11.754077915447755
4.318113013620059
3.217764422868866
-9.348405073096082
-1.7868162330595445
7.382694755035613
-3.1243304263362526
-0.5578567353467161
3.542877834045021
-0.8340535855800727
0.35806999684263363
1.0068655083197098
0.6467929999569423
0.42250047537652957
0.35298596873386334
0.20423263954635373
0.26315803415315864
0.6379612572140521
0.6937593448801466
0.440141703163136
0.22422693801745905
0.6924620814824346
0.055855290620558926
0.7287031712022056
0.9425245558080926
0.5268667872347437
0.7721018381849927
0.9019145217059411
0.41475266360453505
0.49671101471916357
0.1924019855710781
