Architecture: combined
Number of States: 20
Parameters:
15.0
-15.0
14.871437422905514
-15.0
14.928573016683345
-15.0
5.902847465307966
-8.591154097728268
0.4518510325693479
-11.23204326674465
-12.250184106282624
-11.058448174708966
10.958644242316998
-14.92202090296073
3.5648279974634836
-13.254540523035265
5.9324341487270384
-10.335759280949384
-14.874435214542277
-13.144355791870758
10.209391986044965
-14.210212339281975
2.5843400240428145
-9.679575969287747
5.477515396988462
-8.35105173994918
3.7940638286594885
-4.883665023663493
1.5067555918489661
-2.709217512853382
0.6166713400827727
-1.3730432021254517
-0.78587139775766
-0.13161258879129895
-1.2137683336345706
2.6069242072264873
3.026681950511293
-1.8357355994511093
