Architecture: combined
Number of States: 14
Parameters:
0.02469829954390234
-14.386996988909338
0.005747201367852558
-15.0
0.011266983438144597
-12.566539452463102
0.020321873703085906
-14.99990852002383
0.0034187726251388197
-5.174135051691705
0.005912830486826521
-7.287071312310011
0.011693674479512115
-7.461731308088493
-0.6544155743718455
-0.6968037206758093
-1.345404078718009
-11.217474272187559
-1.3432804999145969
-12.545328237059762
-1.341607567165425
-12.932283284119755
-1.3381081588130472
-11.509139336290056
-1.3405863790861794
-12.213725708048175
