Architecture: k-jumps
Number of States: 24
Parameters:
0.08254829770007877
0.4846979099502242
0.5168171852671544
0.866107523793641
0.9903654732302161
0.31093385417159825
0.16970112793939118
0.8473362314307586
0.2122259887165232
0.4445466498051759
0.690552122223855
0.5072785775057924
0.0473521133558803
0.7579702808688854
0.8352037423678652
0.3617237951350305
0.18714017618924084
0.2766715668830887
0.8073526597488934
0.0017769938365311821
0.1844341129689273
0.4915672355071271
0.9459533531813028
0.8405109573019467
0.2588617927628263
0.6749652455163987
0.02730749690283696
0.368913492249368
0.7850109518002915
0.7243046191959676
0.21069149499763862
0.22716663840968543
0.9199649127181436
0.19658740120836204
0.37759136666565885
0.8279680570729014
0.05709875891912208
0.6007116983868637
0.7650206430912078
0.7529439886970205
0.9599269976897439
0.39812000440856654
0.885354383240659
0.7494689071019992
0.3431090323852076
0.1522222267611989
0.6689338249022857
0.21980715400673767
0.05936598672263804
0.40486153021082316
0.9864484308952776
0.19497859128284722
0.7275887048348243
0.28221190613566804
0.7254848093766485
0.4596286954854323
0.3977167850882648
0.5201771591767578
0.5026897284452398
0.03570318157306129
0.35830914626090227
0.7340959069860735
