Architecture: escape_chain
Number of States: 42
Parameters:
-15.0
-15.0
-15.0
-15.0
-15.0
-15.0
-15.0
-15.0
-5.53082862636875
-4.594703394685853
-4.584494859397273
-15.0
-4.230269896216112
-2.99140924709906
-3.0865111518386983
-2.4127865170903773
-2.348594980698968
-2.615485131352354
-1.7890258223910396
-1.6283694341949304
-1.7915483097972327
-1.5754816364407038
-1.2083862899710853
-1.3311487897061147
-0.7069206465900307
-0.7356730664479734
-1.7629191915014326
-0.44527671180719375
-0.07941434681420895
-0.14470935788407044
-0.8805961494208089
0.40968035141158426
-5.560132116707868
-5.689924825683686
5.537808864465842
0.3544520956182291
0.42987849242926446
0.11630609736337683
0.5142754764747485
0.892123147848113
0.3205799848169665
