Architecture: combined
Number of States: 32
Parameters:
6.7428068438706825
-6.806536480768457
5.426021219802511
-8.068629755935325
4.1788962701228485
-9.333924117517439
6.844014087211203
-6.693783310281404
2.621663736849316
-10.220173141830244
5.843636090647524
-6.908897664415183
0.8171459472168513
-4.933123725145859
2.58838210987351
-3.588249283284222
0.6478115263935793
-3.2010020892662077
0.4343516119321428
-3.3068425851450174
0.7821335895610544
-2.4793748115471326
0.4273223512633756
-1.196779913400687
0.5761470850002395
-1.6118971751000146
0.36227142394824935
-0.6101247540910705
0.41062943491634524
-7.413052197741176
1.358548639118164
-5.517515380856498
0.20725651017783117
-6.83098538652189
2.1749553623984434
-6.688122771885039
4.535812992604415
-5.48698311423956
4.214058791404899
-6.101687899960637
1.188593104908908
-8.076110995925909
0.36314410690663834
-11.178150695397493
0.38896679006631535
-9.11226836641746
2.7510055730058345
-5.341852475160667
1.1171130021416333
-5.113149568013042
0.2699528032401288
-3.1186461137308727
0.22276586206055174
-2.202467057892697
0.16899089247526922
-1.4621074221010462
0.2692723135408536
-3.7157810137024447
0.2864671007220771
-1.135998695629042
6.317841914308116
-5.335508126633854
