Architecture: full
Number of States: 36
Parameters:
-2.1892128412835397
-0.47106099954381464
1.5257379095048385
1.2164311650595696
-15.0
4.256649540461422
-15.0
-15.0
-15.0
2.248268034111802
3.49469896456977
15.0
-3.699822177255627
-15.0
-8.748519283933161
4.4515718468613095
-12.990604475802387
4.658772771903415
4.713980752414102
5.322533163209676
-0.7604103054738129
2.42199516105524
-2.547062534514027
-8.367945375899827
-15.0
-5.695085335506658
-3.7572171567610875
-15.0
-15.0
-1.8210519746901535
2.113628004938936
3.4769310713459234
9.694290936984657
-1.6288400824110933
-15.0
1.090505401621191
0.08174234250833717
0.7684239881039705
0.43568902667439496
2.186592703466472
0.30838240391900273
1.9182129949051365
1.574232111866013
0.2975441684022385
0.8253200289425319
0.015410799113895177
-2.0320372186451077
1.8897178116378253
-0.29532051314968494
2.101469267728662
0.7453822493612904
-0.4409622564508185
0.24370274506320205
0.5124490563121558
0.1879068445956105
0.0986274283588021
0.9004725389146939
0.5675214320346708
1.4991176140859739
-0.17169931917022535
0.8320210983939436
1.1508912918171335
0.08507478252241106
3.464289829858165
1.2243076812507834
0.12589194244714777
0.5951387466413087
0.039943030895922146
0.5249741889021078
-2.6279486001783323
1.0244898943450873
0.2703666215599059
0.258836938752443
0.5726169698477004
1.1097989601427918
1.0030387586661254
0.2764033796157312
1.0974388095602476
0.17555554993089226
1.0823569867437535
0.9196249767971373
-1.358194462677055
1.273527593918296
-0.5423276725103158
1.4374027798831812
0.41460814534931634
0.3394975549372986
0.09652164767361965
0.1669735897760652
0.981014407613936
0.9069579716819842
1.39471536881037
0.8383465493600802
0.43696477635498
0.405016760700352
0.742839227288007
1.3933127234911933
0.9651281933973055
0.41608424677318484
1.205964734596021
1.225325638984614
0.5699516392617475
0.6478247000569808
1.1764205642192682
-1.9137785916261774
0.9814653979706821
0.38856112201680165
0.25765827090294213
0.14427612951443022
1.1625676212344749
1.1970702929649093
1.1191032506785858
1.058740820388618
0.11410117444565485
1.2174869372360075
0.6943375944723424
-1.7919354399164036
0.6756585335741642
-0.6607756466268542
2.330069798338207
0.63739144925917
-0.2336194119439879
0.4842885241362168
0.8185458918959038
0.5433012620996212
0.5916542941834778
1.32251569625129
1.2810719116324443
0.8463185980884034
0.02395399412410235
0.9624568583400238
0.6049547504691759
0.40296664495485557
0.813263454019423
1.860665858322492
0.5634752587416746
0.47082042622268144
0.37893017169527354
1.4415777690500087
-3.2331615160609446
0.8360942129286978
1.318494910567973
1.5535960140370193
1.0629917392587065
0.6515152691138963
0.7812024361892228
0.7242880019348132
0.22099349131730872
-0.014203020174355097
1.4455900171056282
1.649368263991968
-2.991424822870404
0.7629989286889531
-0.8692167219697051
0.5307986747234145
0.8279248151621964
0.14277652795374432
1.1379865370408901
0.5567744616120082
0.3853380430055039
0.8545625479088832
1.174697490669537
1.5540344978017586
1.6369694327254574
0.5994292881252037
0.43043971321159374
1.1634882185278685
0.5782707955228685
0.6682796815959341
1.8922983179652666
1.3195082872904176
0.4236971399888326
0.49758279077281964
1.1365761319525973
-5.15333069633566
-0.47505635691787673
-0.616761777114938
-0.2896059561140966
-0.6023763460751423
2.008716654011081
-0.497992075294896
1.0342757486480507
2.059192584513025
9.982277223100256
-0.19401509329746933
-0.5697818965504949
-1.3323787556530324
-0.1440678020736182
1.17414414521481
0.36008636457760346
-0.44177490191708674
-0.8645492897659516
-0.5069217812030732
-0.5173382696374844
-0.6525174506347837
-0.47686044585631926
-0.1783064527636705
-0.009293435574348068
0.4506732386469297
-0.6892371954382097
0.3791728121066853
0.2589996411749713
-0.6164887439142234
10.830899759560973
-0.44771401134491756
-0.44065584703484606
-0.6231890139502753
-0.6840241482625061
-0.06767640815065522
0.08623138422488802
1.1685995359113008
0.7366553146936852
0.2499230135975671
0.6287603838816834
1.05470475187142
1.4652946883106517
0.7209380414629022
0.8262071404198182
0.024762318295375646
1.6991885675061829
1.2038417727239916
-2.373228768834926
2.0486418131589
-0.9957673163624419
1.5062647444039983
1.3576175812009552
-0.2951722090767693
0.4535564121759838
0.3118834403167821
1.3740585566398509
0.3558054028393032
0.5402880476014863
2.244201489853486
1.8713918508103422
0.06367182746942252
1.4983260677970776
1.5904731094646574
0.4413835717941965
0.7665615356066268
0.4598106499608055
0.9436935549210894
0.8323910880694223
0.3995147340741896
1.4555282515705794
-4.5158809752420215
-0.04620852238359166
-0.35042347822377806
-0.24437615572221308
-0.5844669590127896
2.7600810777542573
-0.3264425649720788
2.4158700126417205
5.946282274068023
5.84536315850318
-0.21233103062526038
-0.07646546242617658
-1.1745475415400943
0.6881705242829922
1.7103900344333063
1.5385088758540593
-0.1749131017583948
-0.5590977658264443
-0.004942932821210791
-0.2878655023166166
-0.38202871669025745
-0.5003894799153288
0.1700819093946931
0.26679083876433307
0.4051068312692005
-0.7117775240544939
1.019956621858082
0.20379653245385138
-0.44565274418206574
7.455061731319491
-0.12197637798610754
0.004000742310412017
-0.36667405764714045
-0.3670767101075235
0.10569590600451112
-1.876030362386535
0.24551097220144308
-0.5287355193801295
-0.3484999488035614
-0.33263309914438394
11.331159167858223
-0.36572487874508697
1.8776494403692756
7.138658391167808
1.5471130092370506
-0.0869426228011485
-0.4473741575829563
-1.028482985155739
0.14814344710347618
2.9267504739474846
0.7812978050366948
-0.28179427289960346
-0.5233629001544791
-0.42527351093104554
-0.24188550756409677
-0.4510555766521504
-0.251210701691788
-0.036435092484590675
0.08244367224386778
0.7770940509915165
-0.6113709540450001
0.051572580503227064
0.2922768146834691
-0.6111067050184714
1.1671235884363733
-0.07121098486369505
-0.09296302562981006
-0.24588457075620954
-0.28359555813644594
-0.2085301353177075
-2.912976249026222
0.13994741437356514
-0.3478476931846215
-0.0024237717254570034
-0.1959190139710934
3.710573536892622
-0.3007090480285338
1.1236977470724994
2.2024152664967276
0.8843291639331996
-0.08252833758778846
-0.12020605036651483
-0.7723283334313287
0.45774723981774174
13.276392794656243
0.12586040587857553
-0.07117484651528735
-0.43126356032619867
-0.1571013831334835
-0.4849505292503075
-0.10839311958981626
-0.03253143324692967
0.06446200762756922
-0.1714651363537334
0.30858719617146174
-0.4270579604614992
0.5948417364068029
0.09756206257116433
-0.35299822065974745
1.5447224183036956
0.3296689936242418
0.13821326941269738
-0.16927266817206393
-0.43690596574929796
0.2664390543349352
-1.4559582819525203
0.8826769104440563
0.29110167292539835
0.7919274444529182
0.4033420965434291
2.339461268406231
0.17995123811886532
1.1239672468118862
3.5809016547341543
0.3433538241796607
0.19607906992843624
0.19175661891115417
-1.4280311638979715
1.5863974211996825
-0.09928516769785078
0.7654078236382587
0.36605430577707965
-0.139277268405705
0.6734385923210153
0.4290337363107468
0.2826701711308575
0.5681849066222315
0.5051497724514855
0.3744876210348975
1.0416784333388256
-0.4329232401751932
1.2545412041479957
1.9826052386641921
-0.11478739985034339
2.571849872935241
0.19694025614027216
0.7674206826169021
0.12933047999348482
0.22745541483193088
0.7679596936674569
-1.884520831630993
0.7940504386898184
0.06512497181064855
0.5095742128360733
0.3724096550433412
1.250818414142551
0.45297568408654176
1.477185940712236
0.923097849431487
-0.05391841960189815
0.6447819865745256
0.2959772302629649
-1.931791006823876
0.5507519232924379
-0.6614283199692899
0.9422524198255792
0.3095497531299203
-0.23986500748821865
0.47879997994592377
0.6374346577573471
0.34872047766803227
0.18955237766418126
1.7249632354662547
0.7593839558480552
0.584904124130325
0.19491279550941346
1.2918523216987787
1.6883362480904602
0.5915738182651931
0.9558140915804664
0.8560133828049988
0.5958740422428421
1.1626088704361173
0.38846181772570926
0.5638214738720039
-2.846895448531568
0.9846960812037329
0.5932690815542249
0.8612666969059912
1.2987469403055774
-4.745772570891759
0.3261643457351632
-3.0211005094750996
-2.9851862789842136
-3.3333450973223426
0.8681511691007431
1.0381562774346802
15.0
-0.031069260273996563
-5.143356411415804
-1.3555706936733312
0.5659716617821877
14.062450364673905
0.42513017338763187
0.4577494504945123
1.064655286407917
1.000632754134334
0.5564786196970718
0.5978604606342163
-1.727416311104178
1.873306107877181
-0.92374800901684
-0.49329953994028575
2.059427446947394
-4.303551440467008
0.6897842341248146
0.8251140931541545
1.08905879735961
1.1894362727732488
0.3975478787469023
-15.0
0.2937704015780575
-0.28589295199958803
0.40828162013928593
-0.18630332743579192
7.601168098271237
-0.13233896353623298
2.185893777094087
2.43397945714746
2.6078791985981926
-0.16024168532274685
0.03294736701097729
-1.316341580745428
0.9176638091118319
0.30746131137757776
1.2628852272642066
0.2189403378291218
-0.3607632909448932
0.17418642916268975
-0.14791225497685603
0.13576339837376258
-0.19557733216319118
0.0991073109863491
0.8168291344669792
1.0305699326164721
-0.35065940336241186
1.0971183334785182
1.2222361762115383
-0.2038836848141533
1.7124538417961874
0.016820384704617213
0.22043514082618063
0.10325339105398901
0.0678878018842767
0.46120696095181235
-1.5204243181904942
0.022005652694469916
-0.5725568071606738
-0.18279614857101295
-0.6147792835096364
0.8097576226840297
-0.2637117909439641
0.6465374357043119
1.2937110673464214
1.43642263487029
-0.3267267865835562
-0.32479405602178113
-0.746369487810564
-0.25429538241618244
11.388989699454367
0.5731860227656607
-0.5714882368706209
-0.6772111364814907
-0.38957391092529847
-0.42082716285260274
-0.4867250657264417
-0.502769461778349
-0.2736055861397893
-0.027430961237167584
0.4468075098296235
-0.7626748029729296
0.2558221457911049
-0.005374067929837149
-0.5327705127735861
0.904690990492046
0.08471479682411609
-0.4303522687596477
-0.4462115990279206
-0.46311923035573527
-0.3122184707411213
10.260459065550354
0.15641189743462364
-0.2650015578993385
0.06758661107919418
-0.3139259264584082
3.008676735577973
-0.13044649969151412
2.2259071380168747
4.452331847054348
1.8914798867648581
0.2569017670103847
-0.14345245235690587
-1.2614285743264453
1.0155515346678554
1.0460432582434673
2.049951017188254
0.01083175908575694
-0.3822146701973499
-0.17768452799448242
-0.38974986821920304
-0.041773944532821794
-0.021335764799544233
0.32201108101551346
0.6906929723134261
1.8386785694516627
-0.4537080258033491
0.532768009443688
1.3842692371851746
-0.4487884639172918
7.590754071732479
0.2718929262967006
0.1027833503808943
-0.02999658884847941
-0.11688256991042803
0.44150813489568097
-1.8693169493699235
1.1513317704902022
0.0007174164007334449
0.7699858141868443
-0.008891161500531153
1.2145851573736648
0.3608027049937595
1.8437122444519136
0.9845512261646521
2.2825118719932447
0.6650300361838125
0.16049799433523576
-1.1283306048869626
1.471494060973919
0.6093766013652553
0.7313608748108262
-0.1471728009042133
-0.08429787117991357
0.3671399461852647
0.4806675108709332
0.33655319242932863
0.28645424320864843
0.8224014125329636
1.3293298926322457
0.9380162331542499
0.004341579586794014
0.4627024780801027
1.6076837193476865
-0.01769029767531335
2.3451988162391437
1.0014951432205244
0.6848302895276038
0.20040775157061397
-0.10262905644105172
0.8918684184983152
-1.416589784804742
1.01028111896193
0.6110918821741553
0.9302946817580111
1.276976779270044
-1.5309339422586172
1.1318933352516263
-0.9241737814004919
-1.6440655540444324
-1.2936870687822504
0.5061039502062008
1.9146719494379119
-6.097912035092697
-0.08658776781974492
-3.019968842089466
-0.15590896407354393
0.2602868996192172
1.6273378559406082
0.28792434062363664
2.066987588291741
1.8297878590508152
1.874907189407126
0.4267267359318947
0.288616075540559
-0.5518356720878127
2.506513801060882
-0.28810761085419456
-0.09450062795549304
15.0
-1.527143039348806
0.9438600130789042
0.3164576934291091
1.1886399332897701
4.430355474121414
-0.04291264574088216
-15.0
0.40777318004306007
-0.286548469674553
0.3569010695491213
0.2531338450800853
2.622001037624852
0.6551361501439812
2.3631773016770423
3.594724789946822
0.6770520865391603
0.5657491066384086
0.2423514534323192
-1.0562811719988248
0.5956510055647027
0.34261678344629426
0.4866175598329655
0.022268445743873336
-0.14406559527951765
0.5150434148632024
0.22582651380961055
-0.1759129764984499
0.17253486098866827
0.0604692350693203
0.5833383403764961
1.9882922332916304
-0.330983976987993
1.1720923750272259
1.1961267053370057
0.14385231254592432
1.6727628658209281
0.8152969451065378
0.4428351345598075
-0.006222849684767877
0.3524652696672038
0.6933808608919526
-1.4043928579710843
1.6237213107969577
0.4094682734341398
1.2291739706086895
0.9833103681989908
0.5763364589485493
1.4783762762691557
0.8929149599555628
0.7999733853332316
-0.5746373455987425
1.4149111302179924
1.295081472570063
-1.7621710294682706
0.9071840169278134
-0.9714381722114804
1.786637019908726
0.2700427382808331
0.2603161608676352
0.7630356008155065
0.6553676482955919
0.5187778466417468
1.239999396417354
0.38544060599514945
1.5627401566818573
1.0301298258453944
0.43166564958846537
1.1198099162568225
0.7010544798788568
0.8316631539027344
1.3777036925426722
0.6479393649570224
0.3247555493392816
1.404714432732579
0.2590101924375231
0.5896079468154846
-3.211560042315951
1.527289804867384
0.5626996576945162
1.2284275396611988
0.6906805453005576
0.627998208028992
0.7831643207148294
1.6947882618406431
1.3273946873145355
-0.07735325521383385
0.1156690438545101
0.40528933602337786
-1.6247172685527724
1.6207269153941601
-0.7562181300824293
2.014664790235773
0.7749536506732543
0.1509794939630286
1.0184985959257173
0.44026562984491174
0.45757000537567816
0.45184198644442586
1.2271600734883408
0.36527985579162797
0.7613885215721119
0.07175428390368249
1.3961507706629372
1.3948379704345226
0.1534175634296042
1.0683080703770724
0.6566612480429657
1.235761855884067
0.6198639631548534
0.16917951142518933
1.088749503319923
-2.408233803548166
1.4397147684142726
1.1955696711836818
1.7438217232452224
1.3105933631801083
0.6829477584477202
1.8014015950199547
0.1901788245327178
0.19313866002352076
-0.5060047753282862
1.601891899473214
1.5470304202904583
-2.757530876706121
1.6696181435134965
-1.2726074215796215
1.2948300756393771
1.2438610081747967
0.3267574487170576
0.41544214330830037
1.5180275212812158
1.500172299980961
1.716725892172901
1.2345932534181037
1.5173537486384987
1.235282449875994
0.03820501769267806
2.013829521721173
0.5787164421381696
1.1718481191154677
0.7038129345374768
1.135518740807346
0.40701906501788354
0.2883020604748751
0.3872680465424609
0.756971982100251
-5.837193675542659
1.2738327578697126
0.3123267476346753
0.3291174203497357
0.11404839075783128
2.6825319955529947
0.8663869891794665
0.9928299916615648
0.6379858010556444
0.2888788307413705
0.22693231467047836
0.3306554495484969
-1.662659333612836
1.7933770568282748
-0.37608122026428203
1.3995505784587225
-0.020759485415426784
-0.43506712717909934
0.3823743149565238
0.4851001173284238
0.7248221659449146
0.21405778325876154
0.6664575150533214
1.6032713527569857
1.9049300794265995
-0.22475102695588012
1.712473635609836
0.9361143987469907
-0.26918974869579837
3.7096288498057244
0.6822861921518376
0.3882010393075857
0.4280354767689988
-0.2429605800119198
0.5245441065671351
-2.792533249626398
0.8511925270020388
0.09130473804664391
0.5244092975179009
-0.29708336261392254
1.0845125378553826
0.4026920296667884
1.9524790196901254
3.5868344451754095
0.4038897473070402
0.3844773947490793
0.028877461617817513
-1.1345463001508933
0.45702816543995933
0.4468906191941414
0.48737044520693446
0.2570248949529795
-0.402248391352428
0.4377069962968331
0.10731939108167185
0.24431962637175142
0.30552595433715996
0.27344043106246724
0.8018874648744043
0.5202666953876124
-0.19778631958470302
0.7241324904714984
1.5109956780533245
0.03773148446483258
8.283397106387026
0.3928330819021475
-0.13049179056428717
-0.09148297510672844
0.23417711595987756
0.329222903745004
-1.2691081883934707
0.335664862536222
-0.2904388382964652
-0.1543724793434072
-0.07982629018704683
4.14724936687433
-0.014154523378813733
0.8645809191661934
3.2250114743719815
5.690600079403705
0.14469947625705
-0.1903254504558933
-1.4065621092448375
0.6457699675811248
1.6635401793390665
0.8825295963152602
0.25262279459688936
-0.590498922848856
-0.17211673146266673
0.039890249208131154
-0.05472116673147402
-0.25926244532953263
0.019042240475619067
0.9393890951300238
0.5683646205025862
-0.6256999774851969
1.3197985645319403
1.7764404824712086
-0.2972016403899072
1.8202211568381519
0.6115687041593029
0.32520341399814606
-0.09568771644675829
-0.11480336555286619
0.6132642301962808
-1.735701817444479
0.7029184970196439
1.2505654215206554
1.961049512842544
1.2665891084019323
-0.7291665207226903
2.7636960040750753
-0.4378081612556077
-0.5748859981213759
-0.5460745858224609
1.5972257663141893
0.9457468562802068
-1.060856813326366
0.23142238788491565
-1.832970281417894
0.203633309727414
0.8466673096041148
0.7621084651837592
1.202769111597844
1.2104846303623176
0.9507932528316705
2.197775737056931
2.501237416936104
0.8637078895414777
0.07513284355769762
1.7843026477597044
0.3207702326523701
0.603307048614709
1.660272738183756
-0.6147854962229051
0.6435862213028154
1.6575726973700013
0.792973737814492
0.79138593620526
1.0624378793213496
-6.774194707170783
0.36643634880388565
-0.19593801944963996
-0.2058011310858813
-0.13459404779596437
6.5030666874363545
0.22367142515189023
2.263709730277991
2.468886102650947
1.309523432786513
0.2157208803043206
0.17752275850586297
-1.310094885407072
0.5268655139154383
0.7826421129675574
0.745217063637351
0.27335505501594026
-0.5985077180908251
0.31242323048638754
-0.1219218510459671
0.07787517291596743
-0.15869944048171267
0.4509360124749205
0.17901933439022144
0.9514769567927192
-0.2886853656496039
1.0288947823168124
0.6953644562285001
-0.19831353393959233
6.143322127870001
0.0986920236470161
-0.03523585493593048
-0.05427225918828026
-0.07842751602327626
0.0642132215285307
-1.318578350849633
0.6317155630599949
-0.1289936049087282
-0.1066915210746343
-0.3234366904472231
3.6788029259064974
0.3014666126393537
1.925269718865629
3.4103534906736175
1.2228492395178754
0.22830519723706108
-0.20097252061259085
-0.9979568420800603
0.8605542860285758
0.48089418494790814
1.2188431178638905
0.14611155567661044
-0.2909596021873603
-0.06858238819428525
0.07088452785128498
0.09059874624536254
0.10554272019682578
0.45366362173010355
0.4621973191458493
1.0602755495542742
-0.2940572658649775
0.3050155679704828
0.24962002645022358
-0.035965642179991035
7.982413197574361
0.555840936466374
0.0019631916352500795
-0.0369456163448795
-0.2650201493093069
0.36505503980412446
-1.0582821264032347
1.4302107638001336
1.3384171432757603
2.287269770207758
2.518011287865373
-1.4486042993456663
1.8760265114054109
-0.9126453053740206
-1.1719744995706516
-2.753812170190845
0.6327586860059388
1.314892800065839
-3.1338983927793653
-0.3792782952098434
-2.616050069776537
-0.16118770459170462
-0.26006774734725996
4.672448257379598
0.11695002658941542
3.1454586157350466
2.2286440051222782
5.513760798977313
1.4513159273537466
0.05204754749842036
-0.8548404106797559
5.080816807898548
-0.23622982390723096
-0.16002099969752015
7.291927768422136
-1.2286072533605101
0.37620343789257205
0.1680699179344552
1.0892895065163581
4.536865585503073
-0.1011226563903026
-15.0
-0.761337277757075
-0.9908854510218352
-0.9323646692093863
-0.8109280816793667
1.9146956204940901
-0.9401240019492557
-0.3945622865963456
0.76374463795678
9.654253446647262
-0.6231269198155989
-0.8133743606955529
-1.580517376939794
-0.45425159599257975
12.460316547927519
-0.5891712401230801
-0.5426417362460599
-1.2790674166388176
-0.5810451084647574
-0.8218945880191414
-0.81745148725348
-0.9749630649909261
-0.7248143496033832
-0.531922965370295
-0.16391674687852553
-0.9638973967596154
-0.35468397672994995
-0.11432087380076017
-1.067455682328179
13.560476974726779
-0.7586919817678804
-0.6871534827944992
-0.7480382669306106
-1.026952874150706
-0.648759846199765
-1.2903420877528533
0.8583525551160354
0.03896367268496517
0.19840030631079503
-0.22207543086810774
4.402382004707142
0.5442711869939606
1.0444050146964534
0.9396585430318732
0.9647546965446309
0.4123562403025628
0.21058466832732697
-1.9785186865700954
1.0895781793344137
0.11399671505086152
1.8561599174963743
0.3981767533154453
-0.41675849996848996
0.8782123152261166
-0.01844404102754633
0.5582946442776603
0.23316770524288194
0.5739334395729384
0.6378079263979065
0.8790437945698395
-0.3423161972039412
2.283108988419302
0.594863803691895
-0.194898563702255
2.8746114238809155
1.3412122754534468
0.03458120705922459
0.0299042036981891
0.06099697205138563
0.1747537645682729
-2.405978259459292
0.7887548453902831
-0.16051766139404391
0.05396235945322722
0.36435567444545625
3.0399792655322413
0.6568947404691673
0.7387028966894713
2.9016368940934942
1.3780042646058492
0.3938799077222247
0.6932609121238902
-1.6403659944935596
1.5498796532827293
-0.349330751202678
0.5067849162121473
0.6492258447745903
-0.3473899706635391
0.5339223472660201
-0.05898471734037914
-0.023334331233391504
0.19149622198768884
0.9726787762968152
0.3579510048675599
1.3658384359978122
0.1154000928882192
0.5347771895810656
0.4922159483985528
0.24739389972066003
1.754894778567265
0.3069923472280278
0.28885141853224094
-0.054994563106701325
0.0234681030570889
0.7933960005274829
-2.254604781773088
0.7584703054151347
0.5071071308775301
0.8732177267564665
0.6212307071807293
0.7530583419918605
1.4873955462684352
0.885017967123171
1.2720765339949618
0.44268874780952033
1.1661009076801931
0.06655919778003623
-1.4117309777596716
0.3445694514460605
-0.23161257371365543
1.2843180012911402
0.9732856797794793
-0.019764002078674958
0.19339847491923784
0.7201609982827882
0.25542805976662525
0.6158329336529929
0.9583990174871707
1.6179730605054234
1.506731800435257
0.45970105997697835
1.532259073904952
0.4649627520648825
0.2600477834667866
1.7104527983855702
1.1899530465340904
0.6011813839783673
0.5065982183956347
0.7177374080757326
0.6586416753426083
-2.7152551240234466
1.856342146215083
0.4805602072960749
1.8556100998834433
2.2828832748421286
-0.3778178107416104
2.347803150505334
-0.3198421531587819
-0.3412888536974934
-0.9486495593164627
1.9003655313733818
1.8190844070812369
-5.484883096086888
0.41079532888537823
-1.7284568057097924
0.7681413306767642
1.2700823008125504
0.5817122678686404
0.47066956294615925
1.1431348367275422
1.2498285166341936
4.181936387836361
1.668640082787009
1.2915427786840674
0.8952511896707206
0.4748694189758493
0.3491055515499634
0.7164741444328857
1.0097420676707112
-0.36243566440304337
1.6650274565554084
1.541250546130669
0.7515760195843487
1.3777744280667161
1.1794319557370532
-7.810794035394646
0.116976604442472
-0.21211641305178563
0.41520831979474787
-0.21928308798385018
1.4583660224167474
0.3410422002873445
2.3837187040380226
1.92588862002756
2.2258988765017356
0.47023862040967285
-0.17880781697168396
-1.4586211520037453
1.3813201976129723
0.5069208164610886
1.2813213842615285
-0.15001271035947117
-0.3159027966224343
0.4620091335787617
0.2978927488251228
0.013108994520357124
0.2198196292308675
0.600326651080948
0.7004090862129226
0.9906447346849692
-0.3926362811947021
1.1284934434301268
1.1509691393019252
-0.12424768748824562
2.649251960195182
0.7856404134162893
0.3311200547289626
0.16594751377094114
-0.2816619416295108
0.24981564407981946
-1.6068382846191227
