Architecture: escape_chain
Number of States: 60
Parameters:
-14.70054650316928
-11.734776754715188
-12.478340115047725
-12.20850635440577
-14.30599600575346
-13.887721157848329
-6.256685362833762
-6.200951476953295
-4.69772852782686
-4.3962015543962805
-4.093641600884199
-3.3661886049546412
-2.999146973117621
-2.5322348267564934
-2.41553314284524
-2.3242400277586306
-2.4172137468745545
-2.468897405404443
-2.9426222902118013
-3.0445494052633544
-4.0551775343994745
-4.038020761246132
-4.832206643289096
-4.82257334152568
-14.429826324881374
-6.1845262209218115
-14.391545557368852
-6.176904854780666
-6.204168525979438
-4.814726956518937
-4.397465251774092
-5.075906511358133
-3.6636622438450734
-2.9245094485714658
-3.1710462586370554
-2.661767144244518
-2.5515997193502744
-2.1736162900072498
-1.9666997601982061
-1.87379577209256
-1.50898529591636
-1.04801418068296
-1.3382879922781283
-1.5141843115952622
-1.2658313832422192
-1.5187713127244327
-1.0979074502880115
-0.6013562690811961
-0.8946654929778667
-0.1822811511527435
-0.33831125795169353
0.2842246342011581
0.6621112723006024
8.166707458559287
0.26049012749301126
0.035820898651481525
0.6829566592510252
0.6117762496012901
0.9663251332374001
