Architecture: combined
Number of States: 14
Parameters:
2.324970370222015
-8.060419660905223
-2.927932106048116
-9.207631185110554
-1.067767675932769
-6.880084035954767
-2.887824833757916
-13.525718203706305
-2.817801874486897
-6.6682798764803355
-2.984590362659463
-10.31016494517519
1.3368292702141022
-5.8395369170285685
-6.278474676619464
-5.395652897973422
0.11645163743240318
-4.232830044888251
-6.694427557778955
-13.74372506044187
-4.525787590828904
-9.221780586316433
-3.750323895572162
-4.800765456513886
2.072345935993391
-7.638359019129088
