Architecture: combined
Number of States: 16
Parameters:
14.934700124354794
-14.847281341235625
15.0
-15.0
6.257995083241577
-9.260828797792284
3.2668091341758916
-6.469528699372501
0.1194743750200036
-8.510786870853526
14.829179633643243
-14.965418795836172
8.289466226248667
-14.792065505360814
-3.491215941729995
-10.776477221700612
4.162577578012788
-10.067542978321473
0.30552138548283597
-11.342510303357859
2.0599873959764246
-11.039797014096985
-12.692800490479891
-12.852057767250782
-4.768613938890734
-14.045165825244723
-14.8631845766835
-14.906110940335996
3.1069752508906032
-15.0
