Architecture: k-jumps
Number of States: 20
Parameters:
10.393957498472316
-12.317217460194538
8.52323371281138
-10.267232013896782
4.712098441782061
-10.198499317014019
7.918095677091913
-11.525984720456146
0.2579215290900034
0.2380509185505708
-14.057924954219509
-8.999850131539429
10.762983819930698
-10.483341340818791
-10.281914563107827
4.00538553056676
-0.8809661297575991
-8.968392761801935
7.076954622996602
-5.094765939367173
-5.520198692851877
0.2342783565982443
-3.747622007676392
-11.513485385670881
0.46346848391194506
-5.010927638070059
-11.5685559835153
0.4764118530653631
-2.3070145280668304
-13.109872373725208
0.3173749684281462
-7.396651249724622
-14.507402887805247
-0.09236081869470839
-1.428882215579835
-9.768360000820165
-0.2084770756871334
-0.8822128880510918
-15.0
0.4365484008254936
-9.61740257482437
-15.0
6.155978375949611
-8.380761603861224
-10.411247519309118
0.18148734961692375
-0.5956184030630024
-11.183536352800735
-7.721353456565076
10.60585644870512
-1.8776626464563408
5.4264455183381095
-7.087553232171831
2.556142118055759
