Architecture: escape_chain
Number of States: 48
Parameters:
-13.675848892681236
-13.691490139056578
-13.39395273209275
-13.642993269651944
-13.691155356197777
-13.399288078392553
-6.158009883547542
-6.165156032335929
-4.651000773835111
-4.349109903465319
-4.041095557774772
-3.3129282938543545
-2.942578470767985
-2.4708046311970873
-2.350639031338969
-2.2476532422678184
-2.337291040151378
-2.383248033679879
-2.8512679980129345
-2.9486128586380524
-3.958902456755979
-3.9396810614389013
-4.745918408588187
-4.736058981926133
-12.592920133032589
-6.153482532827085
-12.522775090350304
-6.1500431875319475
-6.147964137570993
-4.72093850157953
-4.287944212676387
-4.972945195786903
-3.5644652961960506
-2.8108750660467394
-3.0522991606225243
-2.5342381026594296
-2.4134083398997337
-2.0184082338249456
-1.7877567984549054
-1.6642923767717863
-1.246706349911925
-0.6745487320942365
-0.8382141233653162
-0.860250050128913
-0.30817967943094804
-0.12661872739352856
-9.262448823197497
