Architecture: full
Number of States: 26
Parameters:
3.689375154162172
15.0
0.957751486468776
-5.7176734163509435
2.8409710222301285
-6.696052627848205
-3.440637612874557
-3.3143344066380536
-2.5594541512781053
-1.3158999230419504
5.7204752528814975
1.0560029911723507
0.41709255041133003
-0.39728351351748603
-5.620846621670285
-1.2373939202521016
-0.18896150535160408
-1.5658401653366822
-9.128348917920322
2.1875776683138923
0.09327308003278219
-6.639519414469707
-3.1491953181245873
-0.6248871396939355
-15.0
5.923184377604411
-15.0
6.500921497553979
4.04435593274009
1.5012380764023965
3.6192749945689524
1.4574090306878518
3.8019025012799648
2.6636150952623407
7.374541645012703
-15.0
2.5246034872887866
3.3075888038123606
2.369181498964938
2.8844210767850655
10.820946920521935
2.9123432866421695
-4.330312266393665
0.059666141016407
3.443564623800453
4.2254751905871055
3.3594632867951972
6.797991611451435
6.461699126157237
-7.648508599080978
4.978481368254489
6.567120998772807
3.8552823926076782
-3.6957418234345973
3.3658603523077675
-2.54207500486976
-0.943898481910991
-7.641987750562707
-5.314346347384332
-3.6148560378323613
13.84518604192919
4.421709851753938
2.804190054775712
1.9683660548745745
-8.114819144437282
-2.3813394747135406
-7.909319793224091
-12.61951282819638
-13.678584190962018
4.64513690767206
-3.081990359017315
-7.744655932584873
2.5500812171139247
-9.80247115172864
-15.0
1.717167433903959
-10.6123123253286
1.614520441672561
3.4314222746467693
1.440567004027595
3.444682540374803
0.6771797571868673
2.315772457875559
2.7651953810019165
4.40913516570015
-8.88221471930318
0.27536119831079725
2.5828740348906414
6.676091010384685
8.29729764572894
3.043933262052337
1.3019171692418805
-7.361400006584169
-1.0186617036170365
3.053537561147321
3.0844122027736436
2.4877115038021036
3.495439552603676
6.9001624548332385
-2.871548034889636
-0.05895173117647771
-13.020102815607276
1.2347194499549086
3.4162880892545124
-0.33542364895890603
8.55324638144935
-1.173837232706672
8.593966457949236
4.4679683808030894
3.8695905856049633
-12.959832600717922
-0.3221677439710054
1.89635223558532
5.516232004995217
6.63992558848059
6.873363489323634
3.010297623877077
4.71819359506605
-2.9855893397983344
0.3909797255162358
1.978683592702717
6.1419869260048845
3.5876812675609426
3.1388487727358174
-2.1115201818117035
3.124024409389048
-12.388107396113814
7.093986316203997
4.335369605052295
2.2081634276702644
6.120572486396257
2.0990259205199835
4.517085461078148
2.175447419074618
7.396156300956599
-12.947928625846671
2.690405197873879
3.6636223185030636
2.8760060713401083
7.590511273559268
6.753097106978766
2.5534614637250077
-2.847691347924152
0.535990718325408
4.709978972944687
3.8783831243761187
2.8296889903182803
5.142710819455047
4.490353630627077
-5.359960572123275
-0.9557048860490083
-14.295056423128237
0.7911237980327026
5.6745222326902525
-2.0044363212558567
8.245639991880992
-3.0547048976001605
8.349422209607807
7.449741658558865
5.431831797700114
-15.0
-1.4966245450893618
0.6316470368786921
3.631339394781862
10.480747381894362
2.2362598970996586
8.219990663593132
14.714419372635227
-3.581413107773621
0.1432497765274882
2.1832801557365076
7.984738116392261
3.0297254022811493
4.544768039733986
-2.023703441149012
3.5334973621930126
-15.0
4.1548410438504115
5.982850017186622
3.246466462660831
3.6726787292420022
2.1381093948293186
3.3099845477478236
3.1570523263579457
3.2852424359647987
-10.055114691731522
4.22033446405556
8.535760919963902
3.8620310856775
3.5661074201889575
4.474251739585416
1.6697603368265619
-2.56961493211513
1.0032965657636537
1.920201379780243
3.948010952083466
4.968066489676445
2.034044405039764
2.0904782645373343
-6.908193843878089
-0.425101497050494
-7.83546430221376
0.47076226553818484
3.894567888343472
-0.8061890387419476
11.495425569927447
-1.4160615137387156
2.211272545309588
2.0499908479984197
6.077635570020258
-11.924266077787896
-0.7778656112185259
0.17378620497794012
2.1852502231935813
2.882530796217823
0.3045147398811234
2.248880341029759
4.2607357704520155
-3.240868784384981
0.7072006099656591
1.6948955899635052
10.918122240933332
0.7846424187394246
1.0693136645087087
-0.2712266662525155
-0.35943944702662645
-7.988249956139163
0.8396759110686747
2.0275526000184763
-0.5219011926382543
5.6225825307701305
-1.0057909664090383
8.592889958180292
3.1728705460560005
5.967036822746523
-10.284078385684442
-0.6009822395472759
0.21513888794615016
4.353705225582191
3.165175307780567
0.6556274626840582
2.8725538848237133
3.506473054302227
-2.3674915914906536
0.5059510480216195
1.5826581191248326
9.58895124976964
3.7297275525458176
2.219948661810243
-0.3956005068528182
-0.31237782449492385
-7.809900276939144
0.7890483132234093
4.937832628658155
-0.6450255208952743
10.8070318951695
-1.0490230227537842
6.362370635116221
1.5512857467157544
1.9936811803607197
-9.503822102066405
-0.6414269498820984
0.928654226514908
1.1239763005752792
7.383444711687994
0.4494899764101848
2.3105956658531213
1.889965829903617
-1.796128423230873
-0.008737606796613465
0.954501587667894
5.654340832796194
1.0130270703858766
1.855982987291133
-1.3661025618726148
4.0221511072551
11.99576595984729
0.4448723458240263
-0.6257124794148747
1.432723659167591
-1.528545638476648
0.9141050340884616
-1.1210898945768553
-2.0955117671347248
-2.549130457297954
1.3886883611189689
1.6115618690356839
-0.09141381037226239
-0.7456713015444403
-1.2827492078479077
7.88650555797424
-2.7038401459805765
-4.661470950931984
1.922966356199181
0.15144833088227883
-0.4687897464129922
-0.4851667388924038
-0.10497109116019462
-0.3571313138393866
-8.302809449443783
4.4229543527217805
-11.35657317547739
5.27667764940572
2.3683440879428588
0.7854351773436804
3.008808005246703
1.8752821722300943
3.7017665907214954
4.063427325043721
4.751933780852142
-12.899186865115768
2.1080194045604976
2.831112591807784
4.231942336006222
2.3446691494349974
2.590970381767529
3.9992898637191963
-0.48437381929704554
0.8250610016355764
1.2738494670567508
1.7618088184195535
3.1998056078766894
2.9376290190368772
4.409461735067047
-5.380999780605485
1.1925391656193152
-7.7770320885579105
2.250228213214088
2.7371710388486146
0.3070041061394321
3.782904573528882
0.10815256989271206
2.5115869121606664
3.4276542638968417
4.379272276740575
-15.0
0.3311697402091503
0.9545381150784163
2.7344887297717615
8.94218168898441
3.5013250497058688
1.4940860795790534
-0.05695460698692985
-1.0670373891441296
1.6731951017867328
1.8063290637905252
7.0289996439796765
7.020789461540789
4.6115972616180185
-2.587865889944157
0.34482980551356696
-8.36710449381692
2.211757686508719
2.6023780970633235
-0.25352303409012766
3.8986421268864455
-0.8083934617121704
8.564366559155
2.1121491162020103
5.04094937613209
-10.43343460093064
-0.03234530319006361
1.7744697818772632
2.098896397471449
8.5698412928183
1.543543889499334
3.1378441582372028
0.1687606394225631
-2.6795885320914223
0.669518594900172
2.2712360778352565
3.502770160063323
2.8868161159134478
5.237890597900869
-1.465839243670049
-0.721380036576781
-10.442357074732614
0.4770607505252826
2.6972174388677788
-1.301843328521167
12.824936287248294
-1.6601294716402235
3.2937420105381774
4.186764736055192
6.156220528535393
-15.0
-0.9884093354631909
-0.06969999977606918
2.7634269784445116
9.297669890513738
0.21590772875247374
2.6398126529707313
6.843853609574567
-3.4118660833332526
0.3001617672392399
0.9940081982499566
10.089088323573963
3.193343571211337
2.7583307570897846
-1.2937475804125245
6.079731555022491
-14.888900796684325
3.4734072627961314
6.665883521871832
4.412334716908665
5.293430095483977
0.2414253403415679
7.081620138299732
5.044041500816439
4.78182263036745
-4.423518917579206
1.2339188532690244
4.589383161015699
5.23825306338415
6.579163914913552
14.928151517976811
1.7736579713062541
-7.663136719163288
-1.1972757068216837
4.95111780486562
5.48301614467562
7.321915386582238
10.096780034093545
5.48494240884379
-4.460908712801754
0.00936975237372319
-7.764039927294317
0.6643314923275819
2.0974788532266
-0.02278195519206346
7.430337988820615
-0.8178364137470899
3.334206298833435
6.23496672096505
2.472104176557587
-11.46742994415813
-0.4747666808184554
0.49876209635413155
1.8944566735538306
8.72632926441306
1.2545147890722257
2.0451285902002057
4.303105734507887
-1.2634596570867636
0.4164099998498022
1.7937986300126278
4.67318251784164
1.8891326284906893
1.0634283591132254
0.06536633225761718
-0.3388126828030256
-8.6506634698526
0.9406337428387024
1.7962431313818021
-0.3786367293485865
9.530439396456742
-0.9926864981403236
6.065289340937145
6.352326968342996
3.0915021999080086
-13.083833620264398
-0.7380286998527673
0.5445444408339601
2.5576431061610587
10.204533062229972
0.10822992004108475
1.7938829853500429
7.166453223183682
-1.7842966857212799
0.06209900302975106
1.711452265418248
8.479593865781883
1.9191370664024032
2.506162641885791
7.061721618992631
10.046430986908737
-15.0
8.676174210006058
1.3799193433095744
8.438352112687365
-4.153762434925767
3.864208039965991
-0.16404274165003177
0.15192587461402948
-0.5958428348886773
-15.0
3.7599514182836375
2.2582147251288447
-2.5083406794373504
-0.39470994941633886
8.051697406246683
-1.0964602385695084
-9.069937290949035
9.52240276289371
3.0487915414784683
1.4992114378653545
1.0660767147630732
2.6439860094945935
0.8383305582896383
-8.440644603668991
2.118064189889665
-9.600436841666864
1.2907112623159895
3.812572506845922
0.7112536442252341
4.6899064383755835
0.21908987389092904
4.741759986099318
1.9373464442948218
3.235235325957202
-10.356275382478454
0.3842978974221368
1.5846912532040118
4.2266972392708295
2.9827106306773232
5.556296709439009
2.2848685380691025
0.6098418654202922
-1.1204649879824649
1.0669732038316089
2.6035367876108895
6.362555371243446
1.8470392632582235
1.907730388167287
-1.9913904865089802
0.4298796456807658
-8.510136216760895
2.05883736374786
3.52850992560052
0.06416552061458818
8.804915959621184
-0.4447953542205273
5.508715533330311
1.6088989790234065
2.2174192536863604
-8.351308230458914
-0.21449742592875906
1.0430698778045486
3.6103643296813193
3.9432835649789695
4.410184899183483
0.9075982419640662
1.0548855308749425
-1.0836801006360257
1.1230920526523909
0.8168837764870206
3.3670774305521496
1.351549728724656
2.965795730702509
-2.0848219821150997
-0.6295353230903205
-12.209614715267307
2.9445267661435754
2.9498152321982998
-1.1628319656964399
14.641238569142493
-2.1822137008802893
4.525045294551
4.6392367482966
4.32862531787901
-15.0
-1.2257693044882305
0.3789232318278429
7.228016614637891
4.539089964818308
1.982283310904226
3.204278368849396
8.250795512264721
-4.0638785581265155
0.9841457604549873
1.6037208543738801
8.547827679227124
4.0534472337250955
1.8977104769250404
-3.3453418654888956
2.214323168120921
-12.32083798206823
2.4069326458676894
3.9125458209589588
1.3438073312440049
4.262061917607551
-0.13395152980597763
6.212755809328825
4.41571402112814
7.72092364187402
-15.0
-0.05819605448526486
4.391037775619662
5.580695883647242
7.689409582700286
7.276495935232664
2.63320987386713
-5.307823264840647
-1.8080637991975101
2.74279408098637
2.779317309159161
5.219481865266827
4.779598180364458
8.259659425509799
-2.6781646049935492
0.26408027807034384
-8.09233060945947
0.796246056507403
7.690137430920276
-0.4082894324778081
5.926130152369683
-0.9130251502264706
1.3180620531585197
1.0101232503423376
1.6083061928493247
-9.475158620465859
-0.3789231991020046
0.8437253484706738
4.065756435126774
8.59982475799529
3.2132644881649255
1.006230819660916
2.349221742114546
-1.8168571319676772
0.7464026109919137
2.028559226849511
8.806822608351634
2.0586615604431775
2.107428240949513
-2.2199394631562006
