Architecture: k-jumps
Number of States: 30
Parameters:
0.7395618512757965
-1.8159237180765828
0.7318652757205708
-1.7273382642361226
0.732345201416681
-1.7450570907679197
0.6817615318411743
-1.2463642224509852
-10.554872765196189
6.120614388955689
-6.268784434880495
-5.609035525154549
0.6576999129307756
-0.7165213932467841
-12.369799036093843
0.9805816599292042
-3.7923246736354606
-11.885111792705697
0.9009301359901546
-1.2962000724583824
-13.938855309802005
0.560298028258403
0.004266787778418718
-14.833680821579282
1.1585194177789415
-7.116760062382121
-13.610147807726051
1.1489655133758236
-10.328017882668249
-14.07382788965876
1.2955280562162228
-2.127832284720151
-6.868250563744906
-1.272287841356046
5.856828730333872
-1.966845580830067
-0.38870468062218466
1.5049822876658094
0.4561740773343907
0.5286592885290075
0.8200473475601773
0.5206566524619329
0.647744851094789
0.8087707245620143
0.28231475035430326
0.6109659249705666
0.4498376347682959
0.7198974390998459
0.2880910855577528
0.44869890455305567
0.666239592801494
0.5913297367166932
0.819360382234948
0.5397914319957694
0.08786870159524453
0.4455925570231229
0.08271106352421555
0.8033174091165357
0.10089513385573379
0.21112499958772735
0.8918674251936878
0.24566376260871592
0.4463629834968974
0.24626933625373404
0.463943411079221
0.039115332839386285
0.5700927845470741
0.7509151936776436
0.8585899363879848
0.8641215632336258
0.5101107645295704
0.785419061992768
0.9473699017650347
0.36987171935024354
0.7294686837191605
0.09792051218929121
0.3210847731632741
0.3841354043378784
0.2924405645334103
0.503995388125007
0.09672608903023538
0.9478348912991876
0.09688589130976799
0.5586060214828534
