Architecture: escape_chain
Number of States: 28
Parameters:
-2.9450756774890112
-2.8905836923198533
-2.8344829410132437
-2.7723590173246406
-2.7074798666113473
-2.6386196318738664
-2.56642159037856
-2.4849920523249227
-2.3977337875720046
-2.302650098190388
-2.1987279885911395
-2.079160730796961
-1.9453750864992234
-1.7921313881943775
-1.6105365669452836
-1.387797481276977
-1.0997063478297537
-0.6928439301730474
0.00014275514588868874
10.057862430002851
0.740155810432282
0.5148549447368121
0.9224625059734368
0.021888658935670505
0.3269648720887189
0.2076519967649411
0.5345625743207258
