Architecture: escape_chain
Number of States: 50
Parameters:
-15.0
-15.0
-15.0
-15.0
-15.0
-15.0
-6.2317864067256155
-6.232868460899541
-6.231890513361468
-6.233411396163022
-4.578381171113726
-4.100008075934215
-4.225512266536797
-3.236506042668044
-2.9397732186613865
-2.639037462479312
-2.008016062601069
-2.5062842400574366
-1.7249089079457307
-1.5551448684862694
-1.8336979143131673
-1.695535736018894
-1.492760825829533
-1.3682431021534256
-0.7620655819243538
-0.4055539409182881
-1.3848115459592956
-0.2219892607736249
-1.1008427922441264
1.0102172883234024
1.058196505266048
5.061416868283303
0.7824894292000212
0.22047341733685788
0.43510752218574056
0.7757064300696019
0.9662319512742679
0.015258006043665673
0.7446874312917661
0.9866068211469886
0.016673384680130132
0.11796557179785283
0.1072466870897294
0.3018966210150482
0.8106072008504991
0.26398078951769033
0.5962980715593916
0.43102415049066545
0.13150444408099804
