Architecture: combined
Number of States: 48
Parameters:
2.043536776427495
-8.986719768441766
6.641394656653598
-6.918214452751266
6.33265391441398
-7.163097070508837
5.520107648356902
-7.751674607466019
1.56519308621496
-11.811809873543591
5.359590547805219
-7.648087699022826
5.468444449978373
-7.060179669324664
1.4615455129467108
-4.162207189950746
1.5565379519958813
-4.657709090743202
1.472501174316319
-2.541459530279905
1.4702886755346785
-1.7830868891638254
1.468797344409392
-1.2936854433356777
1.3445240682981994
-0.37740780912686406
1.2909307169004096
-0.24087660423448579
1.665934916735813
-2.508940455441781
1.8789102252029264
-1.619713480246984
1.8517781885213176
0.1736779977370771
1.7398307429316469
-4.396734089411352
1.6764326882731246
-8.790964484241924
4.449927696445607
-5.9823281009833265
4.651706013589483
-6.2997551958422635
1.820528864186341
-8.700258518510608
3.0581542110347946
-7.5578718408474295
5.837667035381043
-5.722790419121625
2.115176912569191
-7.360179755046096
1.8677120097069102
-6.645873715916864
2.1983054055341613
-5.29182220398761
1.598664184586962
-1.4612298684492189
1.9935610196321594
-4.792263714738929
1.8602963137214075
-3.5379805668705835
2.9824266589301316
-2.9449201537226966
1.8532458002795045
0.624579079846923
1.1629584941468285
-4.848378149592235
1.2124631356264741
-4.888561058044989
1.8990494953000099
-3.4096455618267285
0.10215475911493144
1.061148231548566
1.6112901107082769
-2.8853764259925088
1.7063969084989317
-3.7873484387879097
1.7121030534612036
-3.832298147682516
1.7620465419904223
-1.9339752259065204
-1.1215672187105026
3.1262759667312765
-0.9429151937463547
2.4614160581590303
0.2551352577253512
0.6883226603719647
-0.14620763518462318
0.9808011844375935
0.9157624503219981
0.7643167071258133
0.8673774559808942
0.03892787014471666
0.03486005589499042
0.7899500853124288
