Architecture: full
Number of States: 34
Parameters:
2.039395827561892
-0.5067234450208367
-0.22382639679320787
-2.2892182325658337
-2.608153214067098
-1.140733371947077
-1.1186230403432498
-2.032839407447903
0.12457920888835061
-2.7318536885378126
-0.7084464256158477
4.79396960595198
-2.733581115445169
5.356975749561495
-1.166327708933385
-1.1383806690524847
15.0
0.07709194038337114
3.18614708760986
-2.255190059389399
-0.3407578305081098
-2.611276362026912
-1.5589413145363955
-2.4817294492205813
-0.9964215922606868
-1.480721222039657
-0.2937685664689475
-0.38775727896008966
-0.3744426719508941
-2.833050564023639
-1.6874657022162125
-2.01902792375452
-15.0
0.6555781201456988
-0.4152824466521514
0.22966289941149468
0.22198690256295317
0.34745094896559947
-1.231921288175386
1.4236257025346548
0.27163655033360545
-0.49995043408664874
-0.7957895528512207
0.28589582220217724
0.7245778208843214
-0.2972462443610914
1.257625534868472
-0.2518410555992152
0.13182683185781463
2.4433035484701526
-0.2954793610235853
2.4564814415579685
0.4523907138427211
-0.8009545233702988
0.9241670647025031
-1.483743901057553
-0.3065157945342256
-0.922990613616915
1.068985272930478
0.6089237559513965
0.8699046533407975
-0.938533915000942
-0.18369318644503466
-0.396349522112775
0.366968941199709
-0.5210502490367077
-0.4492256393484873
2.7414012464626523
0.17835005840632595
0.3877857435948813
1.3806209096495063
3.5708835516177766
0.21587578049291856
0.9387727186573342
0.4443977515476923
2.487209446330648
-0.16022020224255448
-0.9983282193136037
2.582736482535532
-0.8621908140915411
0.5676821699357062
0.4421709278376301
-0.7294951410309616
0.1638056533769658
-0.8653939898977422
0.4104614680256897
0.4913428182754977
1.0227989577866878
2.7062149898382324
1.202399705115707
1.8597351545477212
0.3324842855299662
0.06270764495347406
-0.3408394347487346
0.16288106790830215
2.110204676533922
1.0408383686895115
1.276695022988137
-3.893574273479972
-0.037198944534144504
0.7263872039030033
-0.051132250865558726
1.0483572478918182
0.7100835676293238
1.8606830557428327
0.26709203077916227
1.3083477900481648
0.057154919776721824
0.30750516369586056
-0.11878673168782716
-0.5003944291135883
0.8790170539359368
-0.46607152839074817
0.765090214038621
-0.20635248426640823
-0.4999762826529605
-0.029681645150379937
-0.45547481777277055
0.1890974139306736
-0.15967297343731546
1.062016837346615
1.2122347546310788
0.8214898620531849
1.8371566868279754
0.009085689644494466
-0.2645479308259292
-0.408558702361198
-0.6089983457164836
0.13985004836510928
-0.2755787916755568
0.711454737911499
1.4372160105190817
0.2930891468589494
1.7554517455589171
0.32565155524077993
1.1416791961790875
1.4180403153376837
2.195383570136328
0.33642598045022587
1.6764302698933187
0.943930248106827
2.5712389431817937
0.24075587705218773
0.20446457908659624
1.47883398086436
0.16647699498389826
1.7579698283575729
0.30530356745527343
-0.17792473781386575
0.4329843155008915
0.020488268885307137
0.9974058524403665
0.8909434012632872
1.7419036167660664
2.3939648680148804
1.6033246238110563
2.1547999027845703
0.7969756199286501
0.283102336547536
0.44000259780038425
0.6074788886089099
1.7600059368246979
0.41802950950849366
1.3275359843841994
-4.59611746317114
-0.3210466420065614
0.11657133868082908
0.2683717707732347
1.836328517122157
1.5727265679207418
2.425137706609315
0.07472010647287128
0.8689189227046646
0.1914007108251989
0.7119941823894381
-0.49884433026866837
-0.31870788789287613
2.311277725512717
-0.829989518936368
0.5220250503038419
0.14005869893569134
-0.8025605501708999
0.529349169583079
-0.12370369099357148
1.8256811666382158
1.7823437334269436
1.4032912130094815
3.394755318581271
1.0159027570745536
2.589595764887145
0.7050016564085679
0.20966065065179262
-0.08306376164333593
0.5152747892822477
1.722437894443844
1.1964920529357679
0.9418193870813535
-3.828859356223932
-1.2731471954291589
1.766805768924756
-0.7406186004571292
0.671286563795928
0.9375469281198178
3.376243036380189
-0.7765513495259941
0.6353201007018392
0.7811442322356104
1.9967709230075457
-0.7642183011398157
-1.209085050516278
1.8761897314853426
-1.2961516209540118
0.7465255282573765
-0.6199715252236218
-1.4028478035589749
0.09716978072232467
-1.2675836236563833
0.02222679826666979
0.9095888546930888
1.5884900556241208
4.822840112878531
1.0510682369933406
4.455654343760641
-0.260333073796172
-1.0625390613712988
-0.6702296054892454
2.3493841165215272
1.2149531811248986
0.2040667989540381
0.3831768600021823
-2.0069175549141285
1.0889203828026277
-0.5626715194451499
0.624539821948123
0.415339622950938
0.45368393013938685
-0.4724649412263702
1.495551399458645
0.6193678133393705
0.2685810819703206
-0.45982690130407466
0.3111947544285196
0.5659486820437444
-0.46890314249821496
0.5507203670385823
-0.2587672012535183
-0.10250773869725259
0.5994442964221722
-0.7436585878236244
1.0343679195867916
0.6684853721620874
-0.7108083507465166
0.3887685102734841
-1.2229716039516028
-0.6192844608731687
-0.5597527869275204
0.49445484234609866
0.976379239461297
0.529812622411675
-0.8808628405045833
-0.6229399942593032
-0.06381943389672501
0.5828605431753243
-1.302117137842164
0.12898266955951665
1.1699994368193154
0.24880080474199057
1.1016781334662173
1.5883317758492197
2.671972253875247
0.16782505085261035
1.162102358053982
1.4743742432260825
1.7380393170523618
0.7748712203151737
-0.21780892489689707
1.9968032106866773
0.22804750223188597
0.4477656893702291
0.8628112486700278
-0.1044389322004231
0.09695968877768407
0.3996760758826583
1.316804696580113
0.38325654880482507
1.2915023372127297
2.4324730462093127
1.7679835824204755
1.6367986020617895
0.8463905909802235
0.7008858443481432
0.5869610416018175
0.5673493777168385
2.0250107295262194
0.8745578139835495
1.2847994620610772
-3.4373892874662393
0.23469129896445473
1.5376126757399766
0.489909105318964
1.1171756044200807
0.6206311237738645
3.4074181032436313
0.13961317448660715
-0.3079796562831519
0.677765204328797
0.7943265023040945
-0.38108209516466285
-0.7899112680461393
1.8252145980651489
-0.8088498516966102
1.0845212119699414
-0.3591017128769219
-0.2720005946777604
0.1482944859126112
-0.12938784397454484
0.48618511528439945
0.6236226432337129
1.416532128204197
2.6199623117525457
1.3320645534504278
1.6624054459252835
0.6483053920540878
-0.1288252340672332
-0.21056472490940212
0.380352209176824
1.1014476304225362
0.5856423628343542
0.8081799125715013
0.7474039055930631
-0.6204128451116123
0.8500217302913424
0.20338196050319773
1.790142483834985
1.269178213806271
3.672541459201271
0.46868044141780896
1.1425272100264399
0.6149404115435896
1.3658168565075248
-0.2736611693298047
-0.9681432673644403
1.6496987089358104
-0.981621871379891
0.5354008421395462
-0.15075215215891408
-0.954311809316516
0.8575119044900479
-0.19602989055272335
0.3458538470988224
0.41549690914922804
1.8867395504828979
4.47478934688655
1.8861499487738302
4.106270720231097
0.3945664340340332
-0.8765728277838916
-0.41240767008110013
1.0499044696448505
1.494330471808047
0.5018254227389488
1.6365404917818824
-4.158057870420725
-0.712567137205922
0.194623555750211
0.13681861911534166
0.4710089648987801
0.2984209620204114
1.9895338597102195
0.021662185186781396
0.25443044229288136
-0.015464228519261977
1.185332721300679
-0.5544079238666842
-0.6374433271110074
0.39556478823134733
-0.7083353396913024
0.4134226750256832
-0.39907696984497054
-0.3551935251572379
-0.6561817130825044
-0.3105136172903472
0.836476637291895
-0.07372540234224075
-0.04012147885770245
2.312589209133193
0.2377750775985369
2.5453253402607174
-0.34054422139432544
-0.009371036484135814
-0.18961103276339303
-0.11898568176513963
0.3276199102146369
-0.2830770936692247
0.7031936605164398
1.2552804747978357
2.776272808734202
-1.4120432232442668
2.769446819342396
-0.38987533709505556
-0.6226994927177278
-4.489945471372377
3.4609755321563975
-0.10992299903484687
0.7549738488436286
-1.6866117607023186
2.150730231003919
3.623402078583449
-1.8939946091014055
4.8764459453382125
-0.335081177175763
2.4671702525331063
2.0042364946145934
-0.679232043059028
4.6307196036444624
2.372030143659641
-0.46445505808098736
-0.5814699143020026
-3.7360533800743436
-1.4263740417549529
-3.867944376248537
3.781382871996261
3.0918434504463557
1.9597550719826966
-0.41433381837158556
-1.603623806406891
1.7704943265232749
0.5809192933932021
-4.6577524017469845
0.5234485649109268
2.2459483461063283
0.21612612928921315
1.5633591177947794
1.5808694200815514
3.0689233547988
0.41320581405682316
2.231559760955598
0.8116800724106139
2.6410265122935144
0.30984997030440453
-0.2157129475108928
2.198366078818169
-0.7962383384240221
1.7090655424285122
0.5068167036761817
0.07483132460342579
0.1413258048601041
0.01763059157230784
1.9884468660454757
0.42746076372353
1.8168964127771645
2.390079673111247
1.4732307998306218
2.903744278634313
0.9188551515628733
0.32315116199097915
-0.4395520258921643
1.619765714941292
1.5672337553374627
0.17849112599673056
2.0080118648233327
-7.037217816612937
5.333564422999177
-1.9115670828261433
2.4657064854409074
-0.6594618769620028
-0.8970815636908103
-2.9287720604712177
2.5142970486658673
-0.2969259309480252
0.1234342847373247
-2.032456481548301
1.6401397020438162
4.714017886244381
-2.2820955005778516
4.071178448694392
-0.4506956615528509
2.460537159633292
5.957940483266766
-0.5245780939228089
4.2483035751160525
1.5383456356602228
-0.8484243991398939
-0.9179741335165768
-6.716044174587962
-1.6859742996802929
-3.4811054226772855
2.8089729624780935
3.9045858849329975
2.652917859506256
-0.9773258949947367
-1.9002806605354903
-0.5167455025464054
-0.7001677946976512
-4.90407263562753
-0.0475495763793366
1.4668922982659374
0.03659263428308416
1.0090545482855535
1.4629418118483795
2.217041216043568
-0.4174799490992143
0.5433461722015469
0.46321396709109325
2.0499986092420253
-0.10207731318106172
-0.5771360233051885
2.482773443214622
-0.4439883667016676
0.2559658868473837
0.02682347603099025
-0.11796982977400206
0.5260559406519822
-0.1419283320849416
0.6964042469055274
0.742411864475333
1.9329076736491417
3.2452561153767294
1.1843807553259722
2.6287730958139552
0.7090566550289594
0.19843692899411683
-0.10161940344770687
0.19872150840881075
2.027156939896652
0.00938719577430569
0.9960110300296006
-2.282547481650397
0.7096791247635559
-0.04326322932764293
0.15360653279541608
1.0662741550732313
0.9550691307603769
1.2616222004685484
0.49256008034693843
0.17817289653026366
0.7775719666983257
0.3085651222534156
0.8189091008746339
0.9255124545217376
2.322295203484027
0.5880207901184253
0.5649490565992727
1.6849989917609252
0.6845050660081561
-0.6684881124586655
0.20692873966739128
0.3236371121442888
0.07119014845943122
0.618081159175283
-0.28554004727868926
0.7872414860114433
1.106050900291095
0.4567300221227601
0.890924026674174
0.6378971039190118
-0.4094422712482751
0.3377504916771987
0.237828601113597
1.4452971782388042
0.604624604405321
7.713933724869334
-2.894810794860705
3.109745042024129
-1.8008054102679227
-1.872385897378832
-10.546207200875294
6.193530582550602
-0.8499598309137465
-0.08916466179161237
-5.094384997294942
5.247639604990565
5.029828895042884
-7.318784494818947
10.76553370453187
-1.302259218661594
7.009737731582951
15.0
-1.1999288658298446
4.291300919970652
2.831662675965142
-2.0144608830107056
-2.22958740842162
-13.446323209455796
-3.4471126284457823
-9.957588340613556
5.525854400581521
8.4968999338825
5.580755205331599
-1.6290961732457898
-3.4870143761387813
1.7342785531964064
-0.669015405343272
-7.202146868267413
0.050109165363340646
1.5530834632785286
0.43189780895871466
1.30440131020273
1.79505549573592
1.9982453311811745
0.18166862415308654
1.288129471072066
-0.16407293263771489
2.6240830433777793
-0.16915492919454928
-0.22102683839673826
1.6543306682712322
-0.7970266794864423
0.3336296820264226
0.013698199609014583
0.08399144783431012
0.629552737799719
-0.6994548381478859
0.26517119189985255
1.629033098558982
1.9153365240092963
2.38063923446982
2.2847600376235397
1.813159918881906
-0.18875520903468954
0.15051608289650284
-0.21384301379274098
0.6723717987385865
1.438541504680809
0.7856707611474676
0.35597794316957587
-1.8086542718080107
3.4360362885691775
-2.1666496143448453
4.383390109638936
-1.0345814986292634
-0.8737166780674817
-6.750000387107465
2.1152377850044437
-0.1625658021343359
0.27060513110241535
-2.5007677002768536
2.3121073336404794
3.1554130578293744
-3.5692868081405957
6.432022405648927
-0.038213018695983814
2.4595538187377195
6.640846524697233
-0.44014831160849655
4.612228000966405
2.6055932059315348
-0.5733330843408726
-0.9206495145286597
-5.121576072009201
-1.696100905347136
-5.385538652674307
3.298453429992097
3.1183872824002568
4.479850253408871
-0.4611083418833515
-1.9989049249591504
2.935323772570658
0.7067468240842482
-5.080086875188215
0.012377161602212888
0.5378182302130001
0.6821658469341693
1.0279952965288415
1.1046816130147936
1.7032454500202772
0.885025896632774
0.7510596975156172
0.5664727054945236
0.35522527144182525
-0.22334360255372002
-0.03947666689063373
0.9715012815955524
-0.1696411983551193
0.7056312196238239
0.28519128803249766
0.46535842768291974
0.06381849495872345
-0.4042305717347001
0.7999838984646581
-0.05003500269279326
1.4844500400017862
1.5177160484253585
0.2974493146462492
2.5103115236878035
0.38534245475041407
0.17811331552665055
0.1510020324319053
-0.14171856288035986
1.8367458272639812
0.736040320737612
1.0212807256673733
0.07521917216831245
-0.8084604978408618
0.32305934670225267
0.13951934527108276
1.4175277377080768
1.7829312246304572
2.504335178961724
0.1250936790718362
0.23946687763867364
0.8808750453866195
2.395531284501276
-0.18875985549693042
-0.5423800414957969
2.0550837225101506
-0.8595732162949019
1.1546748244776532
0.4125880161115319
-0.8222465033171684
-0.12493782782673729
-0.38071262962496144
0.1801966426915816
1.3130652802295342
1.1245162103258024
4.005637606719555
1.2320231804822501
1.7570997209379398
0.8325112676189012
0.01799858251501825
-0.5502192876332872
1.4747689403074364
1.5374250278121435
1.0697952534491444
1.0612854429445295
-2.9703249733229087
0.5413404470726062
0.4096504477648558
0.40979556441151654
1.3947815752792836
1.003500044496033
3.5190576468528447
0.24337593735581198
1.1278164560229003
0.621687950658147
1.020086515613184
0.2626585142130755
-0.17308415114568373
1.0537504565951148
-0.3898802176368005
1.4753042810178336
0.3992798956337976
0.41327749544318004
0.8805871812603345
0.3444067688580673
1.8951490125652182
0.7007067664984279
1.931595454627348
2.646209023583506
1.7389856495181368
3.0921801029714846
0.49258579988476103
0.7703408826190308
0.4552024998322201
0.5003496210010006
1.9599950525774474
0.78306003020954
0.8799727204863516
-5.304759873562534
-1.491504176818351
0.33242452553566326
-1.3230251812281144
0.25453774853306343
0.17220151152335555
4.118087324842176
-1.367544474135121
-0.6558026012252066
-0.5879406729915884
0.9619596453153145
-1.0288874879538557
-1.5414339816381606
1.0954229796786232
-1.5706931516633158
0.09569330627772221
-1.1223313082667874
-1.6000363333665497
-0.36875033542430813
-1.698505783476687
-0.931128769062689
0.20792457016714888
0.1514807598326961
7.197162104946852
0.6905463802853956
3.720217109163137
-1.2436529860926675
-1.3448096021776303
-1.1572938248456444
-0.6510883414448967
0.36423339972225455
-0.5578926914355679
0.224054345759581
2.195051067442872
-0.25898842258627647
0.8048795856338677
0.4760259599820745
1.0728685469814847
1.5555084244952178
3.1695548242750102
-0.44343278783800794
0.8738008070588257
-0.18198397427568547
2.222987062502367
-0.10619428882783966
-0.5310022198893716
1.1922648290658049
-0.646692862466241
1.4240184665231552
0.46918023515091456
0.19509581768045509
0.6372361108911645
0.24272548882646877
1.7946791835995866
1.4610277943294592
1.7033709644743829
3.9930504918521166
1.6169788258039264
3.5847234203380665
0.6849439788712267
0.04281527125640949
0.12054379218526601
0.21820499547766506
1.01656573602358
1.2744320292516413
0.8242547215468271
-4.616365294964653
-0.7397924563167445
1.5278920475849234
-0.16296508153720357
0.14800603187044925
1.456126954454217
2.338339610234156
-0.8750734168357892
0.503612239213534
0.18661615215021304
1.170472835906426
-0.9740125085227392
-1.270845816039834
2.189259236304424
-1.2737435233661252
1.4538741065672838
-0.35411922749329694
-1.3408788692035696
1.0729800262536628
-0.8752904708663753
0.6116956628886512
1.4326048695907145
1.2727994995018481
5.928444327892265
1.2159297195872276
2.478468480064264
0.40588937847445594
-0.9863617559307869
-0.788876553025881
0.3409023578528311
1.6479873357510244
0.1377905853510707
0.8684346620398025
-2.2051826051674115
0.48667476908643476
0.41194456242179817
0.3712235867691814
-0.08514152113404416
1.229313545784429
1.4509203199916685
0.4014736237528378
0.47091855382273884
0.5952970886941945
0.7549131603981012
-0.4187177517856066
0.36067342995827534
0.773381364890883
-0.1752678339024419
0.46444611156392396
0.2549873374280953
0.539120962720562
0.1961737024434707
0.7088029469112183
1.743821938981802
0.14805486683091124
0.18586085518373774
0.2684650099429291
0.6178085857553053
1.0050261132872125
1.2999471786980332
0.6306027927189478
0.13980454287491198
-0.48130409999076357
0.6719243531396912
-0.2484989310285036
0.004117716370796193
0.6631684231387741
0.6300965385387316
-0.9631495073817751
0.2061821921909209
0.8319430102820593
0.4066247679785859
-0.41099850474239996
1.7242202971660716
1.0657227978703985
-0.18513775212579725
-0.7712839310896533
-0.06344394645223334
0.5640463370718011
-0.17961275791850378
0.2040433298924116
-0.018070797539854633
0.7455022658701
1.2385418211313668
-0.3456453038666214
-0.08674798261633176
1.1227660003734619
-0.13066221804896336
0.20055912164141937
-1.000055571805993
-0.4141043200674097
0.1963481067894885
0.721939201114021
0.6333977753085118
0.15111167005676324
-0.754039852865988
0.8742927615032313
-0.07906260808039589
0.8479572935697943
0.03728576103801526
-0.5048087548836884
0.22796587175367755
-0.5886073295649374
0.11638292465891634
-0.11348262109881047
2.1855979948411117
-0.7118437443483141
0.505970362196307
-0.19177650347051994
0.32070322312185157
-0.7484331581533255
-0.5712615103222407
1.5498229635905565
-0.48359330847556575
-0.20112644035797592
-0.2132995585834821
-0.4862269285103485
-0.19427189609162718
-0.6741314363540405
-0.04709759841433257
-0.2817987732638402
1.0992466906528384
0.8714821909452949
0.5353640996738023
2.5455312891035375
-0.0582928079067168
-0.6265403327072847
-0.5697520458730813
-0.4311161464288301
0.3696612513314153
-0.272632347147366
0.6343355641840868
1.1468213425676683
-0.5019000526359448
1.4502753377227955
-0.36401669313982926
0.675363886114813
0.8890257914482882
1.8676442600448462
-0.020739173153664345
0.667375200133228
0.23286014213338102
2.812643828668296
0.19092337333203663
-0.9288134996692905
1.8738988912340138
-0.9314276282323468
1.8088898717636206
0.5417335451370855
-0.16590424030853881
1.0013270363170965
-0.04911748298715768
1.8199911386610452
1.4567842097698114
1.9360050235815514
2.4148482208486755
1.596475705808622
2.5076487979504862
-0.0572310025864361
-0.5441892920713985
-0.5417164944247728
1.428554853882357
1.6803840398156833
0.7634110737061188
1.5645414261414567
-2.3558431511698124
0.5605018086514035
1.455076935311802
-0.1693151920068235
2.1379414341879968
1.9611714986269813
2.737903764305481
0.3972772342840295
2.223141759407906
0.9561872574390454
1.4917329507410528
0.46096888916930867
0.4353927604297752
2.524306010346783
0.08681021265950606
0.76307356275291
0.41080238947825976
0.12032513855431165
0.5347628285291153
0.22741614010269953
1.811903519144558
0.9787747208847402
1.6675731647069583
3.409020045758663
2.062179374821569
2.8354261241341914
1.379691257273616
1.090450101287532
0.3388784525439862
0.2907705980022309
2.0423384151547084
1.7180600365837524
1.6665810014580302
-7.311014479578137
-0.6472217383334519
0.7097921975014806
-0.7546697774277199
0.44808395828243125
1.437193669521065
2.964318633918066
-0.9781294820122892
0.721398778056725
0.06976082997185334
2.5671514480385342
-1.0308061040700107
-1.3564078034755622
2.0670827084446244
-1.2966140194139488
0.3642270218218576
-1.026327889016328
-1.258867219374853
-0.38008829706304015
-1.253178862578455
0.3361273463144274
0.19212460391757824
0.09118199703410756
2.3531446407318146
0.9474747219099208
2.6813956468575
0.41128836003485547
-0.7686446174695376
-0.7355579545462785
-0.6613807408426723
0.729817699203689
-0.13546600507211787
1.0560985467049275
0.9252931037013368
0.15535963300088568
0.9255452721784002
0.44348696568747165
1.1369455985154684
1.2126334452808665
2.2034654067273047
0.38816202196690675
0.6690240092054023
0.8278053669583687
1.6322978032591065
-0.03919076525522974
0.16940049500468796
1.875045598796589
-0.5197799749149005
0.9804427546805238
0.49578637139628245
0.47967015877350166
0.9376099988671975
0.2592889132213703
1.367906346529939
0.472543309428951
0.7893710935449079
3.320455448316665
1.9889274928274427
2.7149040860246774
0.7866067598772949
0.414673871362343
0.17719598324707056
0.680437350850934
2.0104204408226036
0.36192002985494764
0.2135675750955311
-2.192718682328947
