Architecture: combined
Number of States: 18
Parameters:
14.999947743114348
-15.0
15.0
-14.970842254622587
15.0
-15.0
8.038655364609578
-9.71344738602946
-8.869977572222654
-8.236312424903574
-12.239478135946184
-10.858191961110444
-0.3659443591650379
-11.77554703013189
12.018175842152548
-15.0
10.264031672629203
-14.409701202429192
7.65800434545756
-9.666894759044077
3.337997170113299
-7.961919561039564
-14.804036520605813
-12.626170016849342
6.281143350599947
-12.55580794737652
4.735297972403575
-6.823935441010838
-3.812442523238195
-8.649943545522811
2.5191625724858833
-7.316925938169703
-7.981762396273344
-12.891931642988744
