Architecture: combined
Number of States: 20
Parameters:
14.857326043105582
-15.0
14.999996782978252
-15.0
15.0
-15.0
-1.021011930951752
-7.968046639086471
-0.953751303767318
-6.234770173069962
-3.76512923546008
-8.719754351455336
-1.0124702040381466
-8.342828052567539
-1.0011063364497772
-10.987872474538603
7.296488954726903
-15.0
9.692924207671487
-12.192017970308648
-0.9710817775188461
-8.630030369371086
-1.0084370822462638
-8.392470866054738
-0.995641114237716
-8.179561009309115
-1.0200138167753874
-8.286989493002444
-0.9883956987612121
-8.21428099335472
-1.0020631873818409
-7.406304383634055
-1.9101239178715497
-1.5019972803714527
-12.274585580408525
-8.086507369742458
14.99999894498974
-5.497908773491536
