Architecture: full
Number of States: 12
Parameters:
-0.14297788768534034
-4.02515150052463
-2.7741116929169487
6.855877210293736
-5.406188502424569
-2.005954941148895
15.0
-0.13325308652999035
-2.3561338016430584
4.710228381893807
-15.0
1.6924711148022122
9.038372303858266
7.659833514086786
1.295124269303593
5.285286642304947
2.8648759060469846
-12.393664385156042
2.3114582579862666
5.4868201413972395
1.1007776601746857
0.8134095597126899
5.726760183519786
14.70360461602719
4.293352346482527
0.48718050833404725
6.110233427608863
14.518886426094795
-15.0
1.396759973791647
9.833047725340178
-0.6685051666713152
7.910506283417052
4.399692658590549
11.981429941589306
8.156850381967098
3.9590446221833386
12.7740341749759
4.000764895196755
-15.0
3.5173011040980193
7.120852656307881
2.409759452826754
-2.3322822067164255
4.017972090135358
-1.5352067047380078
5.668718971997365
10.682143677566367
0.9786270080531918
-8.9694983352973
-12.615293063868505
15.0
-6.247163346221158
11.204488766398477
-9.350843776164
3.5306210662925337
7.21724263659169
7.63513900653338
0.4577372829365023
8.193888585537888
4.675602693395146
-15.0
3.778655688721929
14.999999690888357
-0.24064767906381757
1.606266078974843
4.192928326727165
4.13443799229979
3.8051134188182427
1.68630967036745
7.961583319601399
7.950060885367899
-15.0
1.9032606780428973
3.5509280173296967
0.9970161103724204
7.777648124693772
-3.4354893546185754
-8.72089899253266
6.506761767141207
12.71297702556691
-4.126047787505896
-11.163448891976445
15.0
2.696601795852023
-9.413211642238695
6.939935635942218
-14.385666138273375
5.419913936186972
4.449548854684288
7.985206598223935
4.374633187924505
5.278047308957462
-3.870984197270569
-14.364286293013658
7.125929210410201
5.956647846090624
15.0
-2.8430743116784427
1.7059744919883284
8.322236797609438
3.759829736355411
0.4339077616097439
6.45869244455155
6.221865765254315
-12.915941669477032
2.6332897338001904
5.2091311814052474
-0.06552430864027316
1.1810692547435624
1.5206133382798868
4.2419903367733935
13.595059126876576
4.4536187974128545
2.9452880112881057
0.6209499641249997
-15.0
5.689290145717506
3.4212336843865865
2.9541080945559495
-2.555103364333911
