Architecture: k-jumps
Number of States: 14
Parameters:
3.4734591345382673
-13.710752650104094
8.21949308004666
-11.900447337523149
8.777715949369492
-11.754933235712434
-0.07051920963204841
-15.0
5.731101686572077
-12.868315513648115
-0.08169294648434
-13.998781363676022
-11.68824056501731
-0.11478854181614222
-3.817978438478304
-15.0
-0.11229517680366712
-13.25113853540855
-15.0
-0.14265472623698672
-3.782221945138922
-15.0
-0.32691708422683025
-1.8653965913967134
-15.0
-0.1519779712945955
-12.739254175422776
-15.0
-0.15653059939887523
-14.999988736738343
-15.0
14.803600935404418
-12.998439716131644
-3.7987740873152678
