Architecture: k-jumps
Number of States: 14
Parameters:
0.06499146030388137
0.043148411223861705
0.2336334849020033
0.29361564541669494
0.2915394753798035
0.8170097183636194
0.8377742924463503
0.543508519363652
0.846442851027354
0.030993291379053267
0.6722378658999243
0.4923754588999384
0.16443851687118516
0.1401908115108269
0.3984292336527111
0.042341978508024125
0.639581673481366
0.02343684860620321
0.9159212656977627
0.07622544243230611
0.2585648735685737
0.7339482455856577
0.9220153810872248
0.1661057045526595
0.948607708033937
0.5253092693013471
0.8597626981046612
0.40038844073277535
0.41332787652012437
0.04875254149749286
0.8771321101720835
0.2838188504262462
