Architecture: combined
Number of States: 20
Parameters:
0.28692903755764065
0.04737903783344588
0.6535297340055205
0.7145230725524788
0.709201281076022
0.011751660376369655
0.764284031567744
0.8034275302110928
0.433252271992303
0.7487980834174718
0.5248617768175213
0.08387433458753502
0.660414704404039
0.7704846910877943
0.1390245657092436
0.9165753910527012
0.8602281720465766
0.7333723638788915
0.6214164549235074
0.6653937527881454
0.5796643814971824
0.692746347233477
0.8872599197368849
0.5781534094751507
0.3915548075894293
0.4063799858032421
0.6533542898502774
0.9073131317076184
0.45923156750867766
0.6854604885156412
0.707430717967804
0.4294018628120272
0.35943257085217617
0.8029357566014331
0.40131147987902127
0.8819735628282277
0.36263200842690924
0.6140669887830038
