Architecture: full
Number of States: 44
Parameters:
2.684666597163621
-0.4344327543016626
-3.568024300359807
8.078580254564825
4.832659202028746
3.3849668163547277
7.485617008946807
3.9993270133576027
-2.1828343511511963
-5.565449097969119
5.275615844760418
10.598552584188841
-5.004127822226739
-5.746523613361419
-2.4300617240175613
-2.8692309759679073
-3.311249313665321
-0.40911477301919513
15.0
1.7830167030660533
1.876780885075202
6.736107961632977
-2.0779896236110535
2.956483808460662
-0.8020348637622654
13.219435636740219
-7.157893287472951
2.5056429560668265
4.868415365727214
-0.8411549576284124
-2.8059872931808494
6.994170102416535
1.2544657985711059
-0.29546882909665
1.9809038543223187
-0.01900106587450572
3.18847124668146
-1.672276814281327
4.813253211740408
1.0869047321973222
-2.0979557061499925
-0.05661042208686072
-15.0
0.5113146962220474
1.2505969813521058
0.7999251675552751
0.6963021442391063
0.8125763223517276
0.1428824943888065
0.22453373143308142
0.31614536774115193
0.4319763277872526
0.6333268407894739
0.709461714359829
0.1727902455776489
1.1268284756839455
1.1115794233387999
0.6884806855157939
0.20773655415278247
0.2716803367751819
0.9336693242069233
0.940555161254695
0.15858502316062714
0.4443312549893816
0.8023418032802204
0.41138161426604203
0.9763260550143924
0.9074518605800808
0.09655001250451534
0.9185071077906979
0.892827759376671
0.4028656289470822
0.10476197314348472
0.14655821170158584
0.5056471251786142
0.6743193670036146
0.12851302357077005
0.14911979579633264
0.5259491015161457
0.7803998183570388
0.44022518537401356
0.1306386453449343
0.9180736959676066
0.5725838779287514
0.14122778794600896
-1.9070140738022405
0.26575133985831456
0.36416854161781975
0.6867734265262162
0.6246898028130762
0.27192271751906283
0.6602763979894466
0.4111719104025744
0.2712935741041443
0.46670382298960567
0.5798993068787365
0.428198126328061
0.39430308575404943
0.32643101460594154
1.0315515570185136
0.39914502772051413
0.030796715007303802
0.013216068897092368
0.12146597147422665
0.7941411916151863
0.44455573187003083
0.7014921243591912
0.09256326983802271
0.514645651705323
0.5285933753648532
0.9590724624696648
0.3618231684743258
1.4212838273757151
1.0136646047109321
0.6837163671261528
0.32476876546023686
0.9392619574751307
0.08663899646160314
0.17120383827853725
0.22854273628334537
0.9175847488769099
0.6196049335131999
0.42391257096767176
0.27926412538064266
0.6224329027786594
0.566804915029082
0.7149367861791839
0.6128148723989689
-1.8023094999828275
0.4883184673583537
0.6696129243587963
0.6361672531729938
0.06160642152606628
0.7039650728541871
0.6041269564864113
0.6015615325805539
0.6022989253570455
0.9560881333473203
0.9597961241910078
0.7804606178328989
0.2081311350415803
0.7451364128969316
0.14670193224434436
0.6223593495898412
1.055668060346625
0.4740839277860611
0.2902887262745562
0.5558875920557312
0.08062211036300217
0.6056776974786717
0.3658221071300077
0.6010249523104086
0.07862067933729748
0.36155477952259985
0.784809386758
0.9897467010674252
0.6353862346312098
0.76685525945379
0.5339846986539762
0.4792982033824437
0.3443528279801639
0.8605833373886443
0.7314697758240313
0.8234652332111826
0.6501687607477806
0.48635682116148354
0.540158437688785
-0.004295060297686912
0.24785956807293733
0.38965550732750176
1.0449182438388858
-2.120474967735077
1.1606174734158425
0.8735623723498024
0.19785137172173514
1.005435541352996
0.9504528496250163
1.0698443491983285
0.7024885905855498
0.12241363751492249
0.7159491815618548
1.040743450788561
1.1551511551222324
0.34880754801315794
1.0828866906678356
0.6211715077607577
0.4290306429915368
0.13844506288532352
0.6889574243777368
1.2772599747620794
0.31270443754858157
0.7946724639628914
1.1088909048649658
0.7064367916243205
0.11366697934382593
0.5064378492117289
1.0073435562770936
0.7494932458753066
1.0105255759907639
0.6183395110428344
0.9465996792857566
0.17563463795670461
0.9527361561002529
0.9598280007358344
1.032133675519947
0.2560547269359959
1.0729424544187234
0.8108500517175372
0.16048961067917936
0.48081130681285184
0.4664665743385574
0.6652736634078842
0.640934077570143
0.7288234587355261
-7.286111572612407
1.002492470357791
0.2798912787295248
0.5183626167885049
0.1753397608348997
0.6950958219580847
1.0690004722281117
0.6211481087193502
0.44451447248975506
0.9514998057711229
1.287052656297251
0.14641113873568704
0.5422650874725539
1.0985292414761356
0.25337373053190265
1.4528951810700999
0.5316267332919734
1.0723231940301554
0.811884842915385
0.9344822752359848
0.28003834052977433
1.0453652366698538
0.35797549363225656
0.09917770246550243
0.7091754917649921
0.596340919519005
0.7327396052708242
0.17220141188389232
0.8848241757526644
0.793199610024622
0.8075722155961729
0.913234082095657
0.188540759193122
0.5758216662847759
0.4636585556622048
1.035572824481611
0.33851261255078624
1.0176186578217596
1.496582931700169
0.5068604926147932
0.1946712536164567
0.6641161864879976
1.0228301263863864
-7.155808240807248
0.4053120684773477
0.5083632478191457
0.5161539660007377
0.14717587080027858
0.8536577739966157
-0.020552623088110327
0.583304732865866
0.39284746331836046
0.7476129010072591
1.4463410094124758
0.8580189721268515
0.03127927701371836
1.2798727067203277
0.30674032787917305
0.44984370795717843
0.7746550658401893
0.5541348466990461
0.6391061517467199
0.44731554385275457
0.7109192823116577
0.7423672287440134
0.7411888555596906
1.1397150136864154
0.7300712003573211
0.08281104604774304
0.7824800867878651
0.7543528254363523
0.35017122862659533
0.43830107606252533
0.6818725967033488
0.10732435784555219
0.5366289685251977
0.8108736809582892
0.07064859825795945
0.3324220306726213
0.9596920986730688
0.10183946186426338
0.7255875791393168
0.8241445133398441
0.25217803626415136
0.9419217607359696
0.3585424956882602
-2.821313464743655
0.37872506443846676
0.2990095077875375
0.32320381148733357
0.5086100629489916
0.7797271351795669
0.2990610133686261
0.7304515844443177
0.45370687564853207
1.1703910033708433
0.7252516343698775
0.4532263166362605
0.8717942335907538
0.5758236417309729
0.4811583315693411
0.7695552550386909
0.6008545677301009
1.1258576945155474
0.4187573164122664
0.6586179403546021
0.39538643084508185
1.050849117210857
0.296952404590856
0.8955406289007367
0.7134092885913959
0.46213229670996886
1.1031781400497827
0.5394506114072538
0.5038400970568543
0.9589141727984194
0.36998343833456004
0.731924211287425
0.9696531381309326
0.9888144545031813
0.9579946752879144
0.3243543577505262
1.0346057775693815
0.3028567379435335
1.380211455297229
0.1866179780002175
0.25196911871345196
0.4676391340743063
1.0256506196692314
-6.659796520252548
0.258067590487197
0.2583505433330292
1.3538294984632457
0.31293761373392853
0.29541351785082753
1.0535355862252367
0.05565290003915553
0.14197685725360812
0.38713510548939745
0.49432300808509005
0.8786476094344847
0.7254084157517403
1.1589413989888897
0.9428703538495184
0.45962015352188906
0.7837316220470716
0.6602084962792438
0.43919968674288556
0.5247741286085106
0.47405186856042686
0.20387843452882684
0.6272102721139128
0.5784009434345327
0.5525506621538729
0.13465153900040697
0.6183370255282077
0.6869422394591619
0.28069145199124007
0.004424256251216646
1.0630956139154166
0.16827952655566383
0.7423342510440712
1.0518777018889331
0.7460268491395932
0.14358396226675607
0.0501647270466866
0.5852185596964071
1.2111686202856558
0.6407400468397101
0.6135531784367447
0.08983783875440948
1.0650318154936589
-3.894098707439376
0.30974344870631343
0.7824007095166428
1.3504318442804772
0.2530029025014434
1.0075745341260942
0.09640799515966252
0.22115393586950272
0.31067862028992194
0.7158359164620165
0.27280389653044623
0.469310242509018
0.7660071761376639
1.3824826175652032
0.7870536529840436
0.3271321614226676
0.6335092230720494
0.4637684878567287
0.624944736637089
0.20524998818127044
0.20420513763976966
0.41492673008956177
-0.06362552406781558
0.7242683639338623
-0.11622919545509003
0.6007831879411097
0.5615358813085995
0.8361540341827205
0.7646750391503251
0.4607889022702156
0.26421521695488887
0.6381355091481372
0.4382149527924387
0.46962572051231377
0.6271010519559249
0.9045598768395381
0.813434357435381
0.23333993149677915
1.08806471228076
0.06081462078444704
0.45817142248750536
0.9678369743912666
0.22188224084168864
-1.3281982165658115
0.717590921379893
0.8129415235143678
1.3692678389933468
0.7602170458688038
0.41142203788334053
0.2761076348376466
0.1301014175859316
0.9651894890082777
0.9853773701282724
0.10255573714892655
0.9346101414263223
-0.047164566095679636
1.2254405460389226
1.0720676294884184
0.294393323795239
0.8071613061046483
0.8157495585163946
0.4580783932422959
0.27397829564592324
-0.03859244451982945
0.254660849128217
0.3166404017237241
0.35275905176648237
0.5842580820430042
0.3110935644233863
0.9519252312885668
0.7075811848513253
0.4865955187049658
0.2839248199879267
0.11645042677938906
0.8789491220631708
0.2406467878297145
0.09631899636112957
0.2517903570282734
0.39771238922561963
0.20249990461463957
0.8311810149330687
1.4061697432336342
0.21862652804041766
0.5217102204827182
0.7589093023257395
0.4501802269819429
-2.5005989279915464
0.9648512109873574
0.607260485957025
1.274502720363289
0.8431230168400289
0.7579355289857757
0.9391609721379305
0.8927672733429857
0.7491214474156842
0.4960248938290179
1.0813694477533229
0.52407710618146
0.36886174149004236
0.32481817412365765
0.19646147580796372
1.105562901294144
0.6705367167869388
0.6624464685229485
0.520108949762683
1.0841379265499564
0.8770483207441104
0.5452922986714656
0.9473412115360618
0.2302079012351334
1.1550438643253866
0.5848205007544263
0.617348610755854
0.7962932566603634
1.0450048225044533
0.42334065437596796
0.3012095224310554
0.256546023236705
0.5433538099573275
0.6241136268829871
0.45821996482904614
0.2489144491890357
1.075641151772615
0.7243414265455547
0.45458726159388274
0.8577055125465815
0.2962666077164049
0.40472624146152775
0.8963917013020665
-4.9693399626598485
0.9378281223888312
0.5894473969781439
0.8516580195249043
1.2356798865640741
1.476294617312778
0.8460116666751442
0.8234090427028615
0.45516394217168593
1.0925268237990446
0.6345380631668162
0.41409890382810144
0.5752335599419415
1.2884458724207828
0.6547209179277835
1.2854643418560647
0.6190697127256359
0.11449444887313869
0.5595845336180756
1.0391998467848718
0.7272312808602542
1.0436222852666746
1.4119687764308835
0.08409172009323715
0.5798722182189465
0.3601103355461182
0.8418843935286974
0.07431163994086713
0.5348311387943394
1.0597633587052928
0.3466256593934817
0.7334491050475724
1.0812757408629554
1.0831599735823558
0.40761789581877045
0.581507081887161
0.12906772824419138
0.8873678888489283
0.5748750838648506
0.5446741083353301
0.23146354099045702
0.2792299122127608
1.1381092143386355
-9.174487500195177
0.5113049106297466
0.7873758658088352
1.190798466583397
0.6182114615102493
0.27214292047224
0.8257098218137254
0.7460927877291287
0.6503956899756854
0.438445459996227
1.2558077180509908
0.7738806127749198
0.24836518976206634
0.19894149430560043
1.2121323637580466
0.6937035843271465
0.7175391589982314
0.6918688681090177
0.15502619046347452
0.7533458241384368
0.1992034581097216
0.809709241026409
0.6325910893010743
0.592116750565105
0.0951545353944245
0.04470577109073225
0.27883216109561426
0.27900755979688163
0.42691386329912046
-0.1210889684897242
0.34099207860661007
0.610210812720009
0.017344468686596608
0.880812567114269
0.4662571527075076
0.11920012998520167
0.9301306168245863
0.883654765763787
0.7505131419591524
0.11632970139305704
0.6999120687580007
0.1411352550384382
0.7219956745170584
-1.4485305126053936
0.7130013465524649
0.16332555480961922
1.3728630610978922
0.39357301686048957
0.5672327607207863
0.7534719046077574
0.15970995235936955
-0.043732223573871534
0.9292402200426421
0.9324188257084972
0.7926208456426651
0.01778082012656922
0.22949897603385047
0.3284282845530745
1.200143506978075
1.0632151845688165
1.1794168124991316
0.0796198795903853
0.37760523073247837
0.4908839060828596
-0.07444431664923179
0.7146732614971225
0.11046941016696053
0.03743810911201693
0.8313150050444718
0.46012802786679763
1.3564361591443146
0.08827403425226796
-0.06808646621831381
0.16362360980136642
0.49235648376828584
0.5757471180734294
0.3073707525962678
0.007282916951659231
0.321543334782329
0.31896530766866227
0.5520266797984171
0.23438976479830295
0.3532702916102944
-0.007594622963104415
1.0804155409589393
0.7459883952219017
0.45550109979353487
0.5368947327671593
0.6415761311068225
0.5917571884676623
0.8326565648929896
0.696700302259008
0.7556562040717562
0.7263137679546633
0.6148359034886515
0.24088633292376904
0.5896451292208108
0.09534986636680444
0.9396154516448892
1.2252863745379263
1.0081569651853448
0.5347403238178359
0.22308136168610415
0.40237898510620895
0.6372485589809325
0.6633292000620584
1.0238360400596813
0.42256687695570067
0.7857078954048275
1.0085490960644765
0.09576824978352731
1.0641805204729171
0.43375430236701196
0.756627591489354
0.1054062039597148
0.9240071597372184
0.37714174713969023
0.2456014306451934
0.7592736111169799
0.13324531554302282
0.17272600013709716
0.7070452995995029
0.8918798842066916
0.7593770684705493
0.6770218783574619
0.6467869221285619
1.0125764719570731
0.4391009679597418
0.7937271691450672
-4.213305351712362
0.728741688098867
0.04585330867225952
0.2851515750267845
0.689215669889524
0.09538110277741664
0.6821113402705355
0.05592206513731065
0.7268893954228565
0.9043715013116539
1.1107523280156533
0.5214105152872676
-0.02438891576318988
0.9871522234321924
0.9167150107760474
0.23874925888281268
1.1349472158604998
1.2238833347265026
0.4530901272404991
0.14248746927049963
0.8117233304976407
0.4177741316370818
0.7692264910216061
0.32198476311196916
0.4405900980851787
0.5083072513942721
-0.03202933872631233
1.357599894444858
0.5591473479178213
0.787620760397548
0.6942446471802226
1.0858708308196736
0.7071941124928084
0.955181170941739
0.3656213133411103
0.49769529853985917
0.5471200001006971
0.2129076918611441
0.8358441391060435
0.7240883504556657
0.016664020437024675
0.9527892974793328
0.5796882204424174
-1.1390792851711067
0.040813705523188804
0.5879348143915841
0.277441379327736
0.24525138517848424
0.9036409482337123
0.3152024381691259
0.16610188193799139
0.4522491359472634
0.8019671941302174
0.4447317653663249
0.06389300506664039
0.6195099433452737
0.492125821737873
0.17581417028874513
1.3306910699741632
1.1079273752540475
0.7912869225362346
0.26555124331240026
-0.003804550504797522
0.517228982025918
0.8251692048611672
0.3322190814844066
0.42806027850154554
0.39087181393199655
0.8798581397595747
0.27468053602192344
1.0676756189506265
0.39894582512796506
0.11008685629243056
0.5087160163786976
0.7199466706766784
0.22210896643315728
0.9603028959983768
0.11078995816235566
0.8011976708203175
0.23236551031002908
0.1495526829725278
0.2181215887657518
0.4283896881207383
0.12738916649936016
0.3968871517056837
0.21738160896490127
-0.87832629137389
0.48284176154689273
1.134440102653901
0.4693737768806338
1.0687076104033892
0.5732964251494401
0.5945068534900882
0.9878232881133936
0.7528183119493722
0.6403276237216321
0.8089507194896506
0.6173811412258774
0.5127795523613364
0.2488384735604274
0.39745136319787605
0.23318063503247213
1.203917062448296
1.069874629955655
0.5854741699836151
0.34270481570078715
1.0281759622959477
0.7088500867214416
0.5444361513013544
1.0045296685393155
0.7962983584842158
0.16490863370497721
0.7994524051135418
0.4396145391082111
0.08014726523340458
0.8506571206656778
0.9480685612185242
0.09090650624971627
0.23052921866964213
0.665113335767714
0.29062160048084906
0.7717794571083089
0.16236671340746175
0.4398435593966827
1.0149307620266597
0.7787794421015766
0.7595833231019538
0.34293437110974906
0.6099893794914155
-4.753939888036253
1.275716909973413
0.6891132287893285
1.3372882606667496
0.8332797756770044
2.2654286962738137
1.3262217634826772
2.2239040849221348
1.4542103518871055
-0.8463525940907999
1.7326948623754492
2.081987136013105
2.276250593970445
0.7010751902507373
-2.646148067563934
1.2153070567469733
-1.260436584841625
-2.081824138194758
1.430670865762783
3.174644925234979
0.586398335848829
0.3080041420738908
1.4648656888636584
0.07323312601971099
1.4606926811273522
-0.03683874014082725
3.100790946281155
-0.7139036538627357
1.184694558481125
2.0338781968563437
-0.2615853537411077
-1.0707090461103512
3.104183867660183
0.8571132837528619
1.2994786201093929
0.9211801194293628
0.13458071209726646
1.7973176429005977
3.3129102286253658
1.4255773264845015
0.31988521561395705
-1.3255362566801747
-0.5957795972629389
-14.340060152383904
0.10594905686339376
0.8983185521611835
0.9582729911039272
0.2841020056803966
0.3802743718406048
0.49098166787156067
0.652005029740559
0.3512951585136171
0.6686578509612575
1.0871227590093013
0.2792246242442815
0.644034987775691
0.7638396357913315
1.0378444925152837
0.8635021207806416
1.1611460451282611
0.13009017429172307
0.5251370014231913
0.11761935892096526
0.6159134311142116
0.43682097530435454
0.5790389736755501
0.6354933253979438
0.13202806277177134
0.5777626349014938
0.6363259066811319
0.251344242341818
0.2845802701753043
0.4200000425658593
0.4119146849597919
0.6678186960080054
0.0008033462526846388
0.9640834711499701
0.3330366215807535
0.9530763171708109
0.41552485811196177
0.5642511418330474
1.241407464283284
0.8954095808847267
0.6735596915395399
0.37374137682155056
0.7176259885971993
-1.3432399482696096
0.3121119776999358
0.34729270961097203
0.3233172657316323
0.385711063135505
0.19909882301049742
0.48942434921876976
0.6420142923358866
0.340413832471612
0.6291452865343317
0.3403432208597044
0.8291772041748253
0.24026734185747958
1.0286584290630791
0.9145520648131359
1.2415527521246512
0.6140276682362544
0.8056103796710873
0.7362303368190354
0.3832955954160716
0.10751712360880814
0.4375662895537361
0.7025144031712217
0.39298340077680466
0.36811555577264776
0.9259597557722393
0.26180360155148563
0.6105840497844527
0.3265428932834509
0.5102190214241417
0.7914380018720385
0.7945791245495789
0.2795603408174659
0.018331450708596608
0.3020068221535824
0.7524915516713822
0.6135461147024467
0.11735704624739156
0.5753290924614766
0.5255424759237873
0.18109115106510099
1.0946169158650103
0.5776287498114017
-1.5191000797445173
0.296119384849979
0.16656850965723152
0.993549546279893
0.7853448753747988
1.1819628334710741
0.1856535438223035
0.1338245162382896
0.31020081382014614
0.4746922107846847
0.5744173093004661
0.6700885964978349
1.0290294664609545
1.0678849113141955
0.7604415515866135
1.0662420817262308
0.13630118023243634
0.25887228508230403
0.7908578350100489
0.7187585059998671
0.9562190722919212
0.022044427099178344
0.4088433894040022
1.1553760566802465
1.126255051170626
0.5327867638878673
0.9414842295809341
0.45012801758025284
0.2970199284998484
0.19563333226775928
0.184859417825738
1.1639039141724752
0.996336008310413
0.10006138946314762
0.5956217464833002
0.5597736544888552
0.6046458237233643
0.6123049330611301
1.3117696044049794
0.3223996199426293
0.23987988416555223
0.5715599488996785
0.2655802413611231
-6.718840993343952
0.20379417533627672
0.6540448988337683
0.5701099686658425
0.00947894350467966
0.49789730134410626
0.35852002328189236
0.13278524796453123
0.5336731913651321
0.5177095703517003
0.4195456642830323
0.8052045407125777
0.5401222079361642
1.3624583139262259
0.35518268700271144
1.0154039282192056
0.25291470237324276
0.4273513673531954
1.2504609959693287
0.30824188725521706
0.041977720101073916
0.3016274771800881
0.4772939658948318
0.3906746420576553
0.2660125273343947
0.09409868189502617
0.8713337210646437
0.8755690520072028
0.06954278271491939
0.3365812623763591
0.5318492219420257
0.15309390493538375
0.5148836469987348
0.09666340329231682
1.0450528360947162
0.17930585850700018
1.0379401864962006
0.3798770426751224
1.1100593308597617
0.09753004834120539
0.39541981402208665
0.20473352390699456
0.552713612088652
-1.7049559154649894
0.15901949679624816
0.47015637614879097
0.4590914745157712
0.9512860426866024
0.8925613622599957
0.10360546051351682
0.6557286673190925
0.46904062814269104
0.8791665567612681
0.27572120483931484
0.3657310020115052
0.44763473898944633
1.3539214252651708
1.3316236246969324
0.19053398904500515
0.38401264596665063
0.4054880209461114
1.0641103093591235
-0.044573620806707195
0.5595886840367984
0.029513616867361193
0.9175625879178007
0.6041119324078621
1.0564032429410977
0.9588526573518183
0.3590251773998101
0.6508508943690833
0.1418021156056788
0.5277771397629677
0.825049355745183
0.3330910338949791
0.5822566479799421
1.1235371142113901
0.8558280677679035
0.1950890111660822
0.37538507694401124
0.11747011180134942
0.17264671389284733
0.480928203893909
0.692842322995438
0.9385091080938565
0.6507499249935732
-4.1699084015447285
0.10929902599638788
0.27033034053480337
0.7679964582299967
0.25666495400451333
0.37820208213655293
0.5405027301410366
0.7835835593797743
0.06871027344949752
0.3368350409168188
0.47131031253364003
0.5372748602430942
0.7456172977112807
0.2849089837112201
1.0595468208412335
0.5901988900118482
0.8782773500100314
0.8682691158650121
0.26226798045969957
0.06712868068214897
0.09954527415113057
0.6920592873825686
-0.08965290337205943
0.9510494995799261
0.29481566325469705
0.11065107774943038
0.07730740917158832
1.0354692328477382
0.35477121958140323
0.7262972859496862
0.30095757755897035
0.9459757427439496
0.22885987027114021
0.9063035972714601
0.756893556009777
0.25268009994688373
0.7130307785725055
0.5192730710919413
1.1837535251830977
0.4669783149986041
0.030023930152523404
1.0879828366385584
0.6269345946861875
-1.1697494956197345
0.792224907303738
0.5968804134717421
0.33260984981739544
1.2558385715161104
1.807230242523365
0.23066242480361257
1.1221529922822882
0.7216883650745936
0.17468101452624657
1.1416519557488556
1.5622177046570813
1.6418156032298314
1.1906479631353237
0.03646606983107417
1.3143273618486375
0.5465200709830648
0.5428772906342932
1.6757908991617074
0.34772573413700575
1.2373052776862632
0.6288655158805151
0.8337477029026871
0.18810857853374657
0.8291485544353372
0.6274315038314227
0.9870833001137836
0.5823792126568328
1.1024955918415944
1.561955603607016
0.6662135321975395
0.688461870421197
0.2976925085629385
0.25639992019908775
0.8790808549558995
1.1711911800626982
0.2939663099870235
1.2363882927040175
0.7167439398798782
0.8786016438607669
0.7820039741531917
0.09756459480032557
0.16328193980781544
-12.660434384520983
0.02346199224126754
0.2953679430662588
0.9308384255823051
0.6598951840725457
0.6812887377537049
0.4012453258352284
0.1207896016662193
0.18896925598958592
0.822210857035766
0.12452864954800519
0.758023799017467
0.6495414131357485
0.39458406522251954
0.9993624753723309
1.2014220220564327
0.667126832134274
0.6745994530190472
0.5447178911443489
0.692916871863228
0.04875978253429429
0.14007004356659594
0.07602676305341567
0.33960517848876165
0.024845446017134717
0.07901790759208635
0.7125497496044293
1.2875780483385277
0.20794439679728374
0.1275531634913245
0.6354785837020019
1.000725689545578
0.23999972496070537
0.6745442064919054
0.6552228921036949
0.34215139292769137
0.2565961419066048
0.42399473781013747
0.4984592275184604
-0.09541507340926572
-0.05740682364949606
1.096095578651419
0.6597945187575284
-0.35493683168212425
0.9431420283013402
1.0474855244079084
0.7628070707532382
0.5363756461893241
0.013837089767623944
0.07352275536932536
0.9420123962088033
0.5898117377248303
0.8368422160861516
0.13614717034097798
0.26885910389871664
0.2460442196670714
0.7518866061038065
0.936226369102677
0.9164912565891439
0.32425128337500514
1.1017734948914102
0.559089604810264
0.07253803525953179
0.28501856153956795
0.47907139723102693
0.4089516434391022
0.6971084067947
0.7821548068681498
0.7886808095993882
0.728958156926765
1.3858012497378092
0.25590619239965856
0.8343926431336139
0.7989049555193787
0.9946432695324251
0.4366502042413073
-0.010713773914807092
0.4144075322838563
0.35894638802866374
0.3513727758219266
0.22460225373986684
1.1770719383947672
0.43396476001416867
0.6632574843698227
1.0176565627614438
0.800239675520774
-2.702889498162541
0.8590510355548961
0.6917155061528357
1.0045470914151227
0.4188917557399888
0.7097672140014147
0.2212256543933032
0.49142831037786777
0.10350772348095422
0.3619552412121545
0.9690204779999687
0.9614933727723693
0.6642995726901283
0.5970735913521907
0.1966165831774785
0.4828131295752619
0.6546477313773555
0.46072709812943663
0.09886035540200641
0.7855742492868591
-0.017635149422153214
0.309433767697989
-0.06761626941343864
1.131627059749509
0.8257128611165749
1.006251923002455
0.24270107418450265
0.9237625345401516
0.7718416570381967
0.47211491446506487
0.6348394461733294
0.6202227985532828
0.8556648480954729
0.7280790752931235
0.079812613761234
0.39031892871300444
0.4850017704696854
0.03370310427936664
1.433088372549155
0.46387220850568045
0.68084696513263
0.6902935238312525
0.8912813571246627
-2.8109985345610413
0.8578457268942025
0.45520102128563233
0.9918706561881525
0.036618776303347936
0.07336614903315881
0.38819643625076355
0.4328504769636973
-0.017508411123764715
0.5885339670592482
0.9519506389621912
0.753310601792673
0.10751499272332972
0.35433765061738526
0.23677454624872674
1.3545571554520437
1.0073374052473374
0.4490109888108614
0.06525692468613312
0.04894796535914599
0.24983398858413483
0.572336404764399
0.2764915239197786
0.39491756978661585
0.7349750832799512
0.6660649953863556
0.44956157736662006
0.9508599080635542
0.8114277723511842
0.1960843330194355
0.9603456889183831
0.18969184437538855
0.15313363585882553
0.5522224131202699
0.5124112766263669
0.34892900440799646
0.3012960828455407
0.14370547823829843
0.2543076160876064
0.0030729039039417436
0.19437995543071176
0.4952442459203235
0.5564141127802746
-0.5760705256649823
0.24045296510557765
0.5802628924363543
0.49823334813412123
0.06562364536855622
0.8895326542358263
0.1940196039102906
0.13466051052223232
0.7751946360575366
0.22780941443152983
0.5707941050378356
-0.03429117386356823
-0.0317190708223444
1.5238414487201772
1.2369591899734065
0.8055960551534813
0.6082008490711882
0.29900990976821956
0.5075150361588494
0.47751105451455234
0.2809484123958191
0.6964432108054494
0.27089907703001803
1.2133182792366892
0.44359398220791635
1.0159994541675652
0.16676428768388357
1.2181973550194105
0.5749245765309187
0.5024347250434834
0.2002987417146478
0.21183348398894014
0.6517103770311663
0.21265608501384065
0.5074432771080335
0.3319873578570904
0.5714071632033347
0.09167182702394638
0.1405050074122969
0.15824139807997561
0.2525717473067047
0.751500380931395
0.5007285439145522
-0.3979245031857339
0.5556894898714311
1.1693158793663383
0.5540982835504994
0.597071153512824
1.2296192367805097
0.3564668231692989
1.0653067824861377
0.9332268884276084
0.2879981645451195
0.6386371333221909
0.5120930377399627
0.46496970312933394
0.3414161293766424
0.2634377118248169
0.7089201673777361
0.5063721067310767
1.0494563469874436
0.5001043981672049
0.15492395771210932
0.8738911589634542
0.7886666891082108
0.22680808365979138
0.42174998454429113
0.3455244343619944
0.1765063357612283
0.5204638865992202
1.265005039976571
0.714571947002427
0.6746947398002906
0.37265318915408346
0.5414312711428425
0.497768869828425
0.09778374222824561
0.8781445986685614
0.6446067955675446
0.3666507953231649
0.09759681942159239
0.23209988114001565
0.23236189234939195
0.09870902853591737
0.4657729319930219
0.6619748335963197
-7.002857139308043
0.9242164467040096
0.2728990406979768
1.1427938488024598
0.6922207085420173
0.0902994028002227
0.8802323127595639
0.7937782161102249
0.6766784919588072
0.2813961201339916
0.20700581441868462
0.901048193409993
-0.006365089526664149
1.3313786278438176
1.2728410297704609
0.37441388798408926
0.8605405345016776
0.1653571728941557
0.27396274999729014
0.4054965472643017
-0.030331623381823564
0.18118617279717802
0.10332850404472925
0.180335747103334
0.27297796595268164
0.9218445167713547
0.8815766156378005
0.7870247330681964
0.8588961082329848
0.5528592732181441
0.46336753931155805
0.40422538403721486
0.5929547244325112
-0.0014951539820241711
0.14479447206708282
0.059546609854724035
0.8212731991625989
0.0011743630438565793
1.2650536763590363
0.01947241869924333
0.8785250324575311
0.3509279664309705
0.24897559053867974
-2.001230600589743
0.3384073359478142
0.5528385713827952
0.8641531762170148
0.11459185543286417
0.05818969218892634
0.5487169448060858
0.4078300674385752
0.8324833822960404
0.6620055312771244
0.7843669623358425
0.5898007241507707
0.366087330784034
0.6888427049547651
0.8453372318625033
0.2545468039789005
0.39126572399444404
0.07395612539941591
1.0131529611765184
0.9118350188568466
0.1387738603292621
0.6147432637973763
0.1309246636690371
0.9053470276758362
0.3291172373812399
0.6457547603143234
0.6034760812348344
0.6746959880392511
0.10742323301700844
0.18797384562647573
0.7150320590688135
0.8849264108526393
-0.004548202207135773
0.14800486633880686
0.28529685293700074
0.03935509690085265
0.30252294631991894
-0.004964147294486753
1.1223106303330446
0.413466704959383
0.3107189884592628
0.49817472108156174
0.5687423472051604
-2.264418209197981
0.16309160121846555
0.43776626329095497
0.45317131613512573
0.08300432574412006
0.7426537293994049
0.2191904517372868
0.6360001518285509
0.5919616737098143
0.3961135818435988
0.5728315014730792
0.8112392088205848
0.8215859288450401
0.585840733589137
0.8309949554291691
1.0980190304912276
0.08050221952651901
0.663296545759967
0.6646303287815555
0.45530003199947755
0.6165065237344795
0.2195480663177165
0.45283195359082584
0.13159232121631184
0.45244001019264196
0.06929816008847656
0.7354460797894447
0.5918564599353179
0.599988984674615
0.3468022073159563
0.22373221384815528
0.48575457490778884
0.282692133747859
0.23355052874856835
0.3011530832952148
0.41335679913059686
0.28498102248939955
0.11287626489003567
0.369772034963059
0.9273005446190983
0.7295729072699132
0.8066105227941293
0.05061071683137253
-2.525536965823028
0.5722424908315114
0.790562450714388
0.6937008675788191
0.839292154587362
0.35707062313352295
0.16630693671561786
0.4732267712527545
0.8898510682296572
0.04199291796326093
1.4092949693135801
0.24148641109010996
0.32742695864475624
0.2636605827086178
0.3284587779184262
0.8584043308630234
0.8701043135834816
0.17863817741480645
0.9055159809686434
0.69853743991384
0.1792737158902285
0.07256632759614416
0.7740004714885582
1.0217578516942998
0.5118091040609997
0.9362406924970208
0.48081325245676965
1.1527836027672664
0.3200170720117748
0.8690263140288148
0.11992715796912168
0.6500946576160079
0.18212793896073776
0.5414272119033988
0.04533111742213807
0.467045088777673
0.065456495549658
0.5759090090432453
1.2151611221537428
0.9160066772141716
-0.02407676383230038
0.08794466488860284
0.5256548351628844
-0.781285501360007
0.03850754843451525
0.9294270953220433
0.41149275749258923
0.6116569339209273
1.05215313014442
0.4229524822568107
0.43487798370336644
0.9281534065954153
0.9290680579335998
0.8414127859163054
0.7780394622584855
0.682505956328403
1.354704840744328
0.5676706645525543
0.8781756758323845
0.9885773432901903
0.07610623946143394
0.3164565151956423
0.3847270490501404
0.6864160492627693
0.5152844121902346
0.8069783392385933
0.23971840503384192
-0.012127102942283054
0.51143206042569
0.15453892879751732
0.5825922867371364
0.23720140685316835
0.1387991660471736
0.8655142556334094
0.9257177010632817
0.06962042605331277
0.3607820760105577
0.27344272567576255
0.32392404062115676
0.44331450852591364
0.319437488378951
0.2879290614269591
0.13231907835744194
1.0350338019246752
0.7529404334767826
0.9132540128144085
-3.584759218845439
1.123338669308501
0.38395752910987235
1.0929149024399591
0.5641233576604663
1.2573465448678294
0.4917820577538223
0.6888281235186293
0.2518592329405994
1.1325705438012363
1.0481476571880577
0.9408995784653345
0.9961773433024745
0.5698732672876397
1.0417790946130179
0.19769152527613415
0.6037700811564805
0.6471983282926363
0.9795176296006373
0.7846890877754346
0.508696552495687
0.2848015199546895
0.41503849787701236
0.995527774938568
0.7693811425801509
0.2578667453676043
0.05499471033235558
0.5432228027422099
0.6954329607574191
1.076258516790879
0.47275779543607477
0.7964344218810847
1.1240615526659545
0.6776382709140053
0.41376903077780314
0.42284235492811006
0.6231633996484376
0.5514696179914852
1.5219550790589853
0.8799080652063782
-0.01966270952610611
0.7283718877663823
1.0575852570323427
-5.444771476366348
0.5532177369522764
0.4987023928832789
1.063931590153087
0.028830704352978794
0.7998570313639233
0.038720796659569554
0.9132958862097942
1.0291609505468968
1.0868657666979133
1.3723872323176967
0.19054554403558088
0.13013136613798687
0.37206816264371356
1.108157756960104
0.33716772986530336
0.6494033081383822
0.9908890022310706
0.5482794783789187
0.8616333272663556
0.4327041291132431
0.40742217939733144
0.35937736904700046
0.2829195788614056
0.871186120202221
1.1136943587295647
0.45307615339736523
1.299845400156645
0.5044867415390144
0.8673773963053825
1.0904740053778423
0.8979895876418169
0.960012206852099
0.14762553266948092
0.5963492209933284
1.1030259758649321
0.4769494267148981
0.9157573210219491
1.299486277687518
0.7852376797649441
0.1056668955749506
0.4906663551332903
0.22849855097794144
-5.873715920904708
0.4734652176927043
0.11652401975693369
0.8499778430091545
0.4158431126229798
0.8025836049147289
0.09776118933939379
0.2636911140373511
0.07226320256877314
0.5570910871339134
0.8015711925085846
0.7390900997545294
0.6610137861003571
0.26625670572901705
1.2754225760581426
0.5702025368700554
0.06121970340677718
0.9902276352687319
0.3321066839793889
0.5282690418617807
0.27346740104200834
0.3783226084915592
0.22665503214362037
0.44986225997497525
0.5512203525707828
0.18941588559885078
0.7685124948174522
0.6223857301236042
0.37475435439692256
0.2404495509382489
0.14340945945291894
0.16508340835671217
0.7470389645379876
0.6357526177125667
0.5578072478021548
-0.10811889610345805
0.04122603449978403
0.16567637662022092
0.48418744410699416
0.5399855915974012
0.8219475647251419
0.6889171375790719
0.7822567933797584
-1.1972463045498747
0.4371590870344846
0.9421137284358159
1.035395086417892
0.21290351602008217
0.7554751360711462
0.4404095468048825
0.6730027064652825
0.44380777929755616
0.8601015454894565
0.278131576292774
0.2609416355842776
0.24894842597699748
0.8145185650533189
0.22133306210269685
0.4270636643635036
0.9142050000552793
0.6487588499990102
0.7786577612015786
0.5600727800663393
0.4927288252116139
0.1632647047054204
-0.11474475232332101
0.573353942518568
0.7016384819159567
0.36570453770244404
0.5968484684521074
1.3194774688704805
0.8408239583257382
0.17206820321685343
0.5606949095665261
0.8692448281398507
0.35468141349164745
0.42326906072180037
0.5956858272931802
0.01132792858495219
0.1588766820376973
0.6069256579628494
0.7427281839748444
0.8357860602881885
0.23270420486687415
0.4020404066304723
0.42404863251685426
-0.4889292965977465
0.6819409093085601
0.7628664532802487
0.3029658542714388
0.05169467247462322
0.4843822547597863
0.5823446921589905
0.2474325112591944
0.4174757491501467
1.1132502568793292
1.5363276541240214
0.3989290273234208
0.3107074190317462
1.068719422242976
0.4375278652009036
0.21264146191320724
0.7989769543854002
1.0416937792217937
0.9152730865060477
0.32696027308153824
0.07895226167079863
0.2579438405050016
0.6983216806258368
1.1330235527981074
0.7404899181914006
0.001359399266892582
0.2824754041779495
1.0680703161393035
0.6570284395232436
0.4671028416152791
0.21381155291151774
0.33387965087626637
0.7357205849272637
0.4758602209433782
0.6527017369318644
0.4613968718022609
0.6093639056117721
0.603307040641902
0.8040965100539963
-0.10965152811821441
0.5597480110571168
0.37472274470727457
0.44645947597808266
0.03214663416181528
