Architecture: combined
Number of States: 32
Parameters:
14.947365086222554
-15.0
14.947607666002341
-15.0
11.658978087770295
-15.0
6.046186810130096
-10.141293409928112
-0.025758183022696474
-11.103541230541087
-0.12168251893694504
-4.842655205339799
6.15951809177129
-11.068865351719863
7.370498118529353
-9.093831180842589
3.7424751964084435
-0.038276041626600574
8.434670794697231
-8.007566841459179
3.891426517239489
0.7227928791298388
4.326268534845448
-5.450627522226381
3.355774991647306
0.301607338795527
3.260632318489953
1.3678688194485389
5.131435514736645
-3.7210244238508285
1.152374097677553
0.13726277578346682
4.698653514431704
-5.175706866539333
3.1551622341841012
-1.8925237608609677
1.680702752158966
1.6737465853735076
1.7657558659600672
-3.7192933015878262
6.353493999476539
-8.369123966010374
-0.10724791463295862
0.2810379436690924
-0.12609639913582887
1.0920480887305282
0.22701064762709766
0.8068117530057816
-0.06652518062933649
0.9309231194311679
0.36144070841330944
1.1114995506027683
-0.2042725415350836
0.8768451398960025
0.7008588605446009
0.3953188077241777
0.13806693368862885
1.009044185198884
0.04508896623287455
0.8723281734187093
0.9230586494146498
0.759119591330939
