Architecture: combined
Number of States: 14
Parameters:
0.9073940669204535
0.005609200454297136
0.5978062433264693
0.3900389278651145
0.8467417826832156
0.009279149657373309
0.42240098461774334
0.2687862065854645
0.21220485412255785
0.1224055090416466
0.4741353827263264
0.2852608161518675
0.19455712683020876
0.9127473872714538
0.7824705294635259
0.6083556027443828
0.9590428052530579
0.8892892954625131
0.6163994859672264
0.533915804820448
0.18289785479101728
0.09437097600377031
0.685245537340805
0.06638780064042982
0.5398341371397336
0.7372796486981715
