Architecture: combined
Number of States: 32
Parameters:
1.6935781792841074
-1.0804455538221347
1.7060958038524783
-1.004268168141319
1.7094165706927478
-0.9350034617884936
1.5667361705220992
-0.9869004865774857
1.6278969185757326
-0.8488859521688579
1.535460921727629
-0.8652771507966583
1.6944393618584541
-0.5453819553090818
1.71439566372235
-0.7591892937762797
1.8182442334803912
0.24709736175514282
2.059796784092235
-6.04160746106354
1.842878387777949
0.7554973775856002
1.93880664253284
-3.8073569635707294
1.5516960546358318
1.048313752191627
2.0107120805325303
-1.537797114467121
2.405760775416379
-0.7717116130297573
-1.5483741643080162
3.71140970795612
-0.5189891869259389
2.478933039325876
0.658254975758101
0.8772090046288897
0.23212443259119578
0.9504045363366322
0.9329143475866755
0.48836535468988984
0.768894747623627
0.5892584374711336
-0.09454868968065026
0.912292023150238
0.31176287835909566
0.04735007487490313
0.7527755224237526
0.6481422198976434
0.7788414501952388
0.4865572040520727
0.7538170980105288
0.4438488557422157
0.921319908428578
0.36536019661563157
0.6279959234999954
0.16705260895909574
0.07120033549548643
0.1023984525124513
0.45458567021981366
0.16695277901986655
1.0078191208036313
0.9419453850309769
