Architecture: combined
Number of States: 14
Parameters:
0.09346455764758521
-11.158343312377484
0.09448260873999173
-12.222218613653139
0.11904132384603204
-10.302304695894925
3.113163413929722
-7.379798970807634
0.054994866161837117
-9.610400847739495
3.248135641558348
-5.592293653170349
0.07567907166392542
-4.794859405356311
0.08368453515005149
-5.770976377623859
0.0600399981535863
-2.3302589964330265
-0.0830586279720131
-1.9584787984101963
0.0801800117100378
-3.4958775943224856
-0.1322151519942913
-1.4884359174617088
3.6106688680281787
-7.384468923405395
