Architecture: combined
Number of States: 20
Parameters:
14.991739967996898
-15.0
13.15981924805008
-14.897702042692845
13.128655924729461
-14.913320441518321
-3.0948933414652577
-15.0
-3.092296858456278
-11.68143711975827
-3.0954578093935496
-15.0
-3.0952385878662243
-14.696405530223771
-3.09535200643868
-15.0
-3.0951899104803524
-15.0
-3.0951130311441752
-15.0
-3.0953273252723306
-15.0
-3.0951376524203957
-15.0
-3.0954725216488845
-15.0
-3.0952858188713663
-15.0
-3.095397241101149
-14.576970131519307
-3.0954204981629347
-15.0
-3.0954241159970333
-14.378229810177137
-3.0953043578433284
-10.937337133991111
14.205566464081425
-15.0
