Architecture: k-jumps
Number of States: 20
Parameters:
6.0034424549191625
-6.226571205641583
6.3776366447487876
-5.771906478914754
6.552219424326439
-6.814513837885144
6.698142423268607
-7.469866438076017
6.9046537675452795
-6.920134266436639
6.476178611937679
-7.468769783482922
-0.13905498403904365
-4.850767646498939
-0.11718208607316678
-8.066656523317205
-15.0
-0.1805388100598733
-2.921538855890239
-15.0
-0.19619849343115414
-9.778619949554747
-15.0
-1.1546245363587366
-0.6764676216024663
-13.643571087253013
-1.0082523883104173
-11.168222682588668
-15.0
-1.0143925107273615
-15.0
-8.314547537809148
-7.169802031839092
-10.358570986838872
-1.0131024932306283
-3.2507700019602916
-3.560853713632442
6.160456395242722
-4.684490957348655
4.11404335856777
2.993427724672671
-2.7316682782321755
2.405033067135365
1.7657407954565405
-2.9054787726237374
2.943092020623587
1.5860739902249217
1.0879921414320701
-1.2229329319746114
1.597603791295039
