Architecture: escape_chain
Number of States: 28
Parameters:
-3.1275860308839953
-2.7421066006716797
-3.0687910442185125
-2.4837691954957983
-2.3692997346600984
-2.4812677591416232
-2.869473966030496
-2.119801399713968
-2.4739464532929425
-2.3378137761248525
-2.1434510151990045
-2.7337839075104555
-1.9029410021301845
-2.4365803358189337
-1.6418212288964498
-1.4254828087866735
-1.0036835383622573
-0.2808539370925747
-0.044559382987880994
8.936507795483898
0.05617792175844849
0.14408204417320336
0.5473489774553261
0.7101396758481194
0.3569871651664187
0.03812655605209092
0.2213630895811246
