Architecture: chain
Number of States: 28
Parameters:
0.5796081419298389
0.4764964216826658
0.15316431268421604
0.5894836652347063
0.5138752612157304
0.3332721226138302
0.05078740052946551
0.27297446147585
0.7350881480425439
0.5496855903057468
0.8534775604863285
0.641114434023457
0.9093598867006334
0.9799673612222151
0.9883961263761135
0.07781336800107652
0.9144045829117449
0.6793534666057821
0.8120305459147582
0.23859586669266586
0.8658033780031432
0.5589593726693164
0.23103830661555802
0.7302868265603556
0.2829309962682791
0.46301624701208566
0.2509636627608207
