Architecture: combined
Number of States: 38
Parameters:
14.982357549907896
-15.0
14.980965476911303
-15.0
14.981669697296658
-15.0
7.444570019855671
-10.797057151797626
0.14365203003757845
-9.85550451439032
0.20773152745636858
-9.84474107415552
1.7324636752707285
-2.339205699005391
4.667089108522014
-12.153097650994765
8.034190874359602
-8.93029071928575
2.666857753358413
-1.3611352636856944
4.238233499001251
0.8681316495387469
4.487202429355381
-4.387276657120907
3.402196934245979
0.3267156544148849
3.95161579332687
1.9987403045373333
6.871471861804037
-5.864622063614201
2.501189725200057
1.018793963209437
3.0445832292844757
0.7824070749761497
4.779776563359685
-3.056911773384289
2.5518900144907537
2.0672291495664186
1.835580412719384
0.022695987790215415
3.4331459526404218
-14.999991950892843
-1.9743717065134307
-0.5035353997885854
-2.076900570795526
4.282139890637025
-0.7904293072699615
2.7420111039052877
-0.6378897335946675
2.8406902714458573
0.11087675834684542
1.6205103077285175
-0.5119520954724379
1.8424464829826575
0.6471126718280925
0.22749802573360592
0.7558697085942314
0.41618827453519797
0.6662465856725642
0.24347437851654533
0.5142467343233117
0.4589279481713432
0.6772814372379935
0.5288854101485928
0.5429974955994745
0.7857582129008702
0.026683639132307892
0.3052753677535266
0.7965782087383128
0.13440800754955687
0.5125727620227837
0.4877207501309078
0.11577198703248709
0.3128399250150334
