Architecture: combined
Number of States: 20
Parameters:
-2.4644020011698355
-13.124709555741044
1.6206454688579295
-4.264795227344583
3.471709213027485
-8.145732949064035
1.8149652441012216
-8.527634205549456
-1.1504157403788555
-10.695615018019
-1.79294565707932
-7.888935156872302
-0.9801474965968479
-7.491862660649018
1.9001128496953135
-10.59764223655969
4.081999004595979
-6.349406712321495
2.4734914371460843
-11.247336991943165
-2.602724495894745
-6.840656337755282
2.131225458319708
-5.3247254513441495
2.216634777404014
-6.122898202662268
-2.19813639413936
-6.853879281763329
-5.48075250621924
-14.989516259829147
1.152018602758517
-7.978828873539412
-4.263119701806524
-2.6388962316899853
-7.114666874514978
-9.770211177266642
2.789593654357756
-7.239849303571963
