Architecture: combined
Number of States: 14
Parameters:
0.9785269211799014
-1.6467170917418834
0.9938774636683672
-1.559903727577192
0.9698696393324011
-1.5050604663881606
0.9854559288335575
-1.4028054384132562
0.9482901081173583
-1.2921641357299698
0.9888015531537037
-1.3949121678272698
0.9355914034319781
-0.7154140611715556
1.0407394372522065
-3.530484668116048
0.7566573800760403
-0.1806403956509167
0.9253616405205074
-0.7529817918396495
0.9903019907496992
-4.573995711985818
0.9719873411650648
-7.4692331127979825
3.983647494222983
-6.176760179619904
