Architecture: k-jumps
Number of States: 32
Parameters:
10.722064364610809
-14.614294932246512
10.51221113386127
-11.863944655268776
10.663800350861374
-10.623414808812404
10.117790512003467
-9.96072821161814
9.600151819900463
-8.638745193065311
14.614000560274148
-9.491879128336425
-13.467720114886951
-0.12629085916436694
-11.548258991171988
-9.855699601228192
-0.11466946636489818
-3.870522734034308
-14.999769684055119
-0.15471073908588942
-3.850626276169624
-14.92885585228132
-0.11608248474247918
-8.657920872323343
-8.036490826179572
-0.9791544362767365
-0.7004567858443773
-13.678353103258766
-10.989436847576096
-15.0
-1.5939843560852933
11.564703377323205
-14.53959017803806
5.3929716929809945
-10.821517813087757
14.45902241113711
4.989255287263268
-6.072050076156003
1.089166920702399
7.717717719011414
-2.0819181689501454
2.0795519052754594
2.774901664340257
-0.152740774034026
-1.2423973515746944
2.5239021636751167
1.1801226134011615
-0.506986250253289
0.4729349073737607
0.3914428963927204
-0.3450112317403744
0.9880218947265326
0.6640182509185831
0.1683559680353542
0.9606185419717321
0.715018276039399
-0.01794725518728645
0.9355578233791542
0.22172285941095451
0.5465850261715497
0.7395153451444687
0.10277537640114524
0.10406717592009398
0.2844055067877777
0.619324807288758
0.1906601262167318
0.7281968415008002
0.9464035453013021
0.4804943649800363
0.32661295222796494
0.5528358717664054
0.9005930141330106
0.017971607376685367
0.39828185528318893
0.47595864974259655
0.2792523732214281
0.3375263788410148
0.24221532751656863
0.5065308556776601
0.39129270876578914
0.38407917239691064
0.34806079952257096
0.909807954974464
0.3572813418784313
0.08514754001297986
0.23047496154009212
0.62659095313903
0.08573893324513804
