Architecture: combined
Number of States: 16
Parameters:
-2.016752690438835
-10.073400322494976
3.779309161593381
-8.95709681881312
1.1913071035076255
-9.17001260552136
0.2793433770667724
-8.448605052178007
-2.074228309817786
-10.772458387337897
1.1792343134185426
-9.239258823701203
-6.2159773957938445
-7.840425600921193
0.9058389821374624
-5.001609097604289
-2.243902836498303
-7.717326715108199
-2.2361552534196294
-8.19085781797134
2.2165479537079955
-9.048376244919552
1.2909745901622747
-7.197698809524831
2.229061933600457
-5.2855376044573195
-2.188397067236267
-5.240041067359616
2.8903297115950224
-7.1634731219446675
