Architecture: combined
Number of States: 38
Parameters:
12.410807572501113
-15.0
0.3516713113552524
-15.0
7.594980389118975
-15.0
12.701061321772855
-12.622336206579192
3.924190354746028
-15.0
13.318547110054217
-13.046572403699008
1.1489483550617
-3.125366930507904
4.972010797131516
-4.201362948185523
1.8647545356599613
-3.579583283710166
6.381711864556973
-6.208136652256688
2.5672059126937814
-0.9262384860567333
5.100306857474352
-7.994541282271447
9.334265383208454
-11.782470257316097
2.883368687023733
0.7559738567280351
7.525320079792442
-2.4946723428543653
2.171747029823254
0.9230684882924095
4.44368770470491
-10.591560044773185
2.4168492408634887
-5.881123252426161
0.7706230734631198
0.3232747332648699
-0.2031435603738091
-5.380495581972685
-1.1140168624934446
-0.45196843617174215
-2.6946363404684086
4.512746816340538
-0.3378367228181072
2.3260155838820293
-1.5105571482114681
3.4100172982259425
0.02677151089113141
1.448035701068622
-0.19187532186956313
0.8890949680926804
0.3428021199751149
0.7603957232180931
0.7899563238156846
0.610150492864956
0.789146363173422
0.9763853929954989
0.4151924380870514
0.5522093681454375
0.8427734191935714
0.7766515421891296
0.6337941495676009
0.6119550748883873
0.7137881199366488
0.07011486027884317
0.7051438569612363
0.3512017985741469
0.2247566177974738
0.5878971099104887
0.21693918825030611
0.28776773932683797
0.35965125183573754
0.4038096188549518
