Architecture: combined
Number of States: 26
Parameters:
15.0
-15.0
15.0
-14.985495360287416
14.950728308392822
-14.940508333565724
6.92740685704647
-11.925903081133495
7.406472152344082
-9.956146782164359
2.952478400523791
-1.8844981101400624
-12.99066578263927
-13.318057564652946
-15.0
-15.0
7.39186834134085
-13.378323582800421
4.852201940926985
-5.691760478546336
1.9818103435676928
-3.0286762572823323
1.9284244950611797
-2.1932239202837773
2.9089316104355807
-2.3276777153523773
2.0072370457350965
-2.9126481203391847
2.7081402246732185
-3.243254103711458
2.242744340187923
-1.3004119933393983
1.652176630440575
-0.9079317071612217
0.9242155558195936
-1.248659819725629
0.29846455429397384
-1.0279741485150715
0.4959028331691925
0.018525268748119567
0.2212799658138018
1.109473894255074
-1.3111967660138106
2.0998009695835615
0.009978230758120425
1.5131515117192926
-1.0062901405936064
2.1302923334050394
2.1977636629164063
-0.6210183285814372
