Architecture: chain
Number of States: 24
Parameters:
-2.161848887267277
-2.1271253640749417
-2.148237524469693
-2.1560384217042166
-2.174067284604778
-2.1476455171122097
-2.1270265998506304
-2.141445405954983
-2.1474297799540594
-2.14766847307036
-2.1494784840726306
-2.1219289448133285
-2.1210618448696237
-2.1315774578124813
-2.124576829843639
-2.121266414039665
-2.1322443087637937
-2.1243218494619587
-2.126924713863428
-2.13651232860539
-2.159989528589081
-2.1315232113246716
-2.121190299928977
