Architecture: full
Number of States: 6
Parameters:
-1.0210724102365365
-4.707527925922693
-2.1258765619855797
-8.209047849828952
-2.6071934007229043
9.263881278282653
-8.59774998545395
-6.021650290977094
8.711659730178662
-7.470346021683506
-6.739435047052993
10.597065313941666
10.051284722082428
-6.989868959033095
4.168339125958405
-5.6379498750384
4.010243579853778
11.589441314994836
-7.41772802242768
11.003353104899649
0.427094254816386
10.784761506240088
3.00438016591472
11.33024378223867
-2.6633300115881684
