Architecture: cyclic
Number of States: 34
Parameters:
0.0027690003175399533
-3.71212920796309
-3.3172176521537136
-3.403856740426923
-3.4192760101150808
-3.402406037731784
-3.4180610181831006
-3.6598113388062603
-3.368190060339927
-3.4043271795326615
-3.3593835008578394
-3.41124204469553
-3.347782519132616
-3.4601872111124616
-3.316562146362789
-3.465423633254519
-3.456306011527687
-3.708268371058141
-3.401457184904338
-3.3851506773574123
-3.420822220835759
-3.71258930151284
-3.461115947032388
-3.374660149672115
-3.5608397390083275
-3.3832650335589918
-3.593625119197061
-3.4433565563806634
-3.760302884688725
-3.4672398438962433
-3.3356500249341083
-3.2791601800795216
-3.2841046147794257
