Architecture: combined
Number of States: 20
Parameters:
6.6454117005161395
-8.035282568530837
5.655503476222209
-9.084977829538063
5.459348048291618
-9.386886716048584
4.799044808967805
-10.053938592246116
3.853825794018572
-11.05803093940517
3.4151279061382676
-8.587020991281427
0.911306750501286
-4.136026459988889
2.2879978678756543
-5.784584911707874
2.4485961967203105
-2.151258809440486
3.0649030349120205
-3.2915919892822614
2.3767368378441565
-1.0292242189351393
0.20695371207339164
-6.9453978608194245
0.18463473692812513
-1.861793863441088
0.2231633346831922
-4.945620809813303
-0.3589884186327007
-0.6429242202937139
0.49388673848571063
-2.3546108645844184
0.970510888388926
-4.151900600999462
0.014859197960185795
-0.21449961258264644
5.667627928644663
-6.180524389021254
