Architecture: full
Number of States: 22
Parameters:
-8.87776159699517
-1.3208666325054477
7.371454381375462
3.98072566936676
7.551642170860958
-7.693284431090888
-9.826619903149803
-12.306935421395314
-1.6161703576846493
-13.993155267863548
-12.116190233099406
-2.704066996158665
-5.9208267210357475
6.533703874896378
-8.623579832427513
9.029496613869568
2.8901308285339455
-7.43123823786504
7.024246893852454
12.772456713892257
-15.0
14.160815373259943
1.7545053184892574
4.380945310698813
5.897706798474946
8.675470979930262
13.926290809851237
6.825344793006264
-6.207425199768601
-5.180316644241285
-4.124917860814359
1.109975844830889
3.763188717825574
4.19193265990278
4.529245243920266
-8.101201351649685
2.2572779371316734
4.0054144297206475
0.8635088426074828
2.758731964213356
-5.26232213794608
-7.718684641656743
4.475111988195879
3.391009173035056
-0.33892385122170304
2.613568313648441
2.2052371724591784
0.4091489973140758
0.05596977661617323
-12.503385342052214
-3.7618171146892108
-1.626198079620693
11.71214081730226
6.0077018450482615
5.439424817777003
2.565605841791038
-9.04445067000128
5.665689012949451
6.986519876126039
-11.919473450999241
5.127452850846409
-4.993284613225955
-5.470542432549287
4.248940320558449
-0.6609108532391279
0.023168207972404327
2.2635761709758206
1.4276918946026795
8.837266297124682
11.796821988428952
-12.422906149059
-3.360087589970297
-3.8736392055341313
-0.21560571555181884
2.2477503196550823
2.893506834443219
1.4260582519978453
4.0601316519605595
0.8102500656242878
2.537330231559396
6.421973304083585
-0.4982056367523422
-4.2812282827787485
-4.9035943949492244
4.14814192236064
0.21215719491863091
0.5023725490407086
3.075175930736881
1.9450559206025175
12.165311972187977
2.48818542309474
-3.383721891718327
-3.08090508989331
-2.351223195007061
0.5330446385276242
2.532867697144357
7.475105825633758
3.6584059295990854
0.03815854194643352
1.174541154488535
1.5759569862002947
-2.9453785377606985
1.1853517532484052
-4.044324334077453
-10.24352271775561
6.167583190635939
-0.7552035336236028
-0.07821647831672465
1.3606239101086828
0.6777245745002978
10.849641057421996
5.843224301758846
-2.152003426670259
-3.7261386273244215
-2.889862605192997
-0.30717318882558525
2.428569142395056
1.7720038109020402
1.7764679318060541
0.886180411652037
0.4417601499202913
1.0610603543718895
2.7840639073427744
-0.5014967033748983
-3.9168985528861673
-3.2828878094698806
6.731066753277989
-0.8913610252899195
0.8021488162634044
3.0192111131912496
1.662155989241542
8.518064835536789
15.0
-8.720116750296357
-3.6114371457550236
-3.224833686703462
-0.3637526281301805
4.500798741662593
3.0285606199083452
3.768632003905887
7.038109151262398
1.2801094076578632
1.9213554318664297
7.48331441522354
-0.2739261299098511
-3.624761941012521
-5.620259376969948
3.1219222633428916
-1.5522115128333709
0.0464913499176903
0.7478949412078314
0.41913950175844156
6.851798376147496
14.60140212371797
-0.5622957976976493
-5.126090509594491
-3.705177853152147
-2.2635558779176805
0.48110036753238705
0.41933874680310057
2.1397816365123026
5.4050396869938035
-0.3727893987762832
-0.25092573328545353
14.483372700663537
-2.030815089961298
-4.529707236491286
-7.736622423289005
-5.516639787031734
-8.359950562208475
-4.594083987109862
-5.997922915982475
-5.010595759532709
-4.425303950044084
-5.259164883167648
15.0
-11.859091494643419
-11.075368735985412
-8.10585647356366
-7.621565481505022
-7.467605838235735
-4.980033524338959
-13.620336266253734
-6.9588791350597345
-9.537671991434577
1.3744718573778465
-7.591126640342889
-12.180176222908303
14.925744748745108
-4.44245280881122
-3.4361549815077836
-5.575009336258011
-1.577218278929817
-4.812205919760472
-10.592759364207131
-9.326920954926598
-4.470494859932308
15.0
14.890163209307143
-15.0
-4.461682571417901
-1.8002138790693571
-10.619147788729391
-5.225127228837322
-6.412094068101666
-3.572179519171751
-4.784424197548523
1.318706626427869
7.618123604058568
-10.886735636812881
-3.8305863720875006
-5.07981622651644
-5.727579438407401
-3.45145238180617
-3.677280716811023
-6.050008966216637
-9.363220700176546
-6.476801255720861
2.2229154258459256
13.625932592038843
3.847727369216492
-0.48947056807995004
0.1705777216379015
-6.871523292693642
-4.750676926119958
-1.7556481315666772
14.080958964097427
-9.543906330839832
-9.12274787897561
0.19951064092112208
-9.58121761958215
4.595292077943205
4.209530346949267
-0.5040142611477181
4.128257807647799
2.5289135117454813
-0.33252411250586816
-1.6635767571955389
-9.8072139869354
-0.7096796924182979
0.6546600898968462
3.5015201345643416
5.357257576214484
6.928244395722278
2.1612797330532203
-5.174013309226126
3.074126798830856
5.0783253561549495
-5.159210910162069
15.0
-2.9246670538393977
-7.586385158313912
4.594432278053463
2.899706003499118
3.0543875203702058
3.5430641727833816
6.217685634419296
5.531558589222408
9.459662071601507
-8.314118138791528
-4.896635911592609
-3.25587677473852
2.3294201335492324
6.824570809923542
4.464767438830542
3.7278232919363647
-1.5110802711384395
2.9531014295879476
4.314714619260734
-14.6518462080768
3.709619987361101
-4.468232780613293
-4.963516795618831
11.12086755041623
1.1820920764009462
3.22818708171066
3.4845568817236536
7.2256840193698455
3.635672108482372
2.8740195373747772
-6.358080860369252
-3.4891940742884673
-2.3856686522594277
3.691313862938906
3.117909676637731
9.752249320728351
7.710038909997377
-2.0220197878481954
7.484508799686298
0.36065857606103324
-1.5631795199988776
2.761599548769904
-4.626557983779203
-5.313127057739062
6.502970597419915
-0.2258183941939111
0.48218084482599904
2.95651662124282
1.9675788865037898
10.118284844978144
8.789930633194853
-9.258522708790458
-4.083244533297368
-2.8410555514776963
0.28689982526586866
5.10171729384005
11.382485714715054
1.812382548648757
0.9940209108924412
0.7373296100298511
4.144663277477236
3.9495259391424846
-0.009379586786750486
-3.387331415895038
-4.909703150308241
1.4079443799808624
-2.571400511982831
-0.976042436860979
-0.1845269238265676
-0.4765235460845092
1.1789202306726978
2.781168678763585
11.665772791602153
-7.037909693524846
-4.612132430597515
-2.6811069397593985
-0.19797068554079647
-0.2564475589620941
0.22040427804570029
10.546071728510114
-1.5319857882551111
-1.4010038559097049
9.621601700713954
-2.521354275271539
-4.244196818158774
-7.007889551413294
12.120205477568645
-0.346341292398368
0.427763430412848
1.4171833944081815
1.6388868253729085
4.929959259693663
9.676311901867505
-7.327024702930847
-4.064485190779587
-3.508589415659469
0.32131965661140205
2.4378090677162962
2.7186963258333163
2.197965012055158
0.8978270591519152
0.7894737897510347
1.2151853099935437
2.255606063312604
0.03268984129155601
-3.6895848383671743
-5.6502054509084125
-0.7731644728891832
7.52360880291523
-6.16455580650816
6.400153011215429
1.6596673103232513
-2.8666326891489864
-5.186070916208233
-9.948576364679862
-5.5175792558807775
-2.8692254808838276
14.290673570929247
7.206054732653909
7.145834994278191
-0.41648592416665875
-11.494790851592883
3.758151311640823
14.325391576897484
-14.660014262683227
6.091024143093578
-13.398936593805079
-8.218618465692044
1.9187761579283176
-2.4074237845280653
-0.5543298562512651
0.17934826401277315
-0.35491058106258566
3.298411778498054
2.035953356285797
4.031328432676194
-5.518689288846715
-3.575874339874962
-1.9638503995986627
-0.181533977680038
0.1645086855894015
0.6152828409536731
13.972274047855322
-0.8912522071372372
-0.7502082314980792
7.914432581600718
-1.7956003692516604
-3.1204595661732837
-6.5963750396526155
5.339851495703987
0.9392585213404491
-0.22239729862222718
2.5045539002665036
2.73790321423255
4.284262216939942
1.9463713392631081
-10.466783314550506
-3.2270973686125846
-2.056691189331948
1.467818020689299
4.543964107255737
15.0
2.4196608737729144
-2.8829456366004913
2.3745628025083807
4.417721494270658
-4.720607480718979
0.6456578494419707
-3.1664487402395087
-4.23230597662269
-2.6867755991371696
2.806262208400733
-2.3831996420420065
0.7738939795697678
-1.2958517950490758
-3.252036846709742
-9.817795930627728
-5.328511710381016
8.243524925513153
2.6807521729215633
6.918595748037054
1.720763342756294
2.95656144982396
-5.217160923672874
-7.700856976586183
-0.8205595209650696
4.876459469634809
-5.970726232433591
3.1507815670360646
8.780716218267344
-8.628997446062925
