Architecture: combined
Number of States: 38
Parameters:
1.6691678933170622
-1.1037273492541262
1.7777975582261403
-0.9445116418328654
1.6760108071993152
-0.9665295412049403
1.6742953422984475
-0.8924014442857672
1.7224299789219768
-0.7701408569086801
1.6565916085257195
-0.7604280110420356
1.6236488151483806
-0.6716907276830658
1.641721366920228
-0.49727083005814954
1.6576949737003686
-0.7612269340432101
1.5496132179884663
0.16815996553604518
2.001428604327106
-2.340107774431396
1.7317286525609283
0.45526161716401486
1.539200093944631
0.5907547908949864
1.888669894745091
-0.5522627922046612
4.698117260289513
1.2626512927928741
-1.7105646925502607
4.368419157254305
-0.9038590538429889
2.6839625565278964
0.7666429312308833
0.18474625289526914
0.03218164862548672
1.0842295436500897
0.9392746585792016
1.047129332840777
0.06465435677471928
0.6318952928043635
0.40153936876682683
0.1562350180014593
0.4888436783578435
0.603275132635605
0.16678307368805756
0.8105841426813085
0.4050970399056155
0.38250024069234073
0.08233096574813926
0.5002532485337476
0.5008009181012172
0.4509064228420992
0.033400798485098346
0.16324599971819964
0.13978918959797776
0.7352825227714497
0.03839604228974086
0.25864618786561794
0.7194031153995885
0.3709868950127271
0.3307616131744793
-0.008491468683736264
0.47373752702826843
0.7331932517290815
0.9905996800452793
0.749965912096666
0.46314713536449126
0.6298285638665831
0.8174676909922403
0.3000502414411701
0.4486523545577872
1.0791586801688036
