Architecture: chain
Number of States: 42
Parameters:
-9.403210836466402
-4.331287003255654
-9.378427425961293
-8.665344597993014
-4.920538482623921
-8.947334555146611
-9.708194065190543
-8.348086546101715
-7.569658112872466
-8.751435430781754
-8.492752170492121
-8.576177990993864
-9.543281200319694
-4.118109396617237
-8.497528294408433
-8.510318364910304
-4.77232179083707
-9.898004022073636
-9.741564303171232
-8.585453544678902
-8.588570893154877
-3.7423473471109867
-9.33644399104883
-6.913938837864764
-9.879660254950554
-8.673419801401257
-5.2662963003840995
-1.9372043225112534
-8.493003482574293
-3.759535016786374
-7.219539374716897
-8.489640477090912
-9.638756440378147
1.0580034951717103
-4.945328737766543
-9.830351348541335
-9.829098693706841
-4.982242072025109
-6.549412165191668
-9.208579405471081
-9.363584573728087
