Architecture: escape_chain
Number of States: 28
Parameters:
-13.148563808389701
-13.082109973383336
-13.116863224339042
-13.149516047967271
-13.052244971331751
-13.14149151712919
-3.9623408517238174
-5.539745592535577
-4.140015302498049
-3.204000918845569
-3.3941146309861274
-2.9353682417488116
-2.329310544096746
-1.7121090935676846
-1.3884761875399674
-0.7039236404858241
-0.5884130144559291
-0.4748193369268864
-1.1368295528325416
-0.7487658214167557
-0.546376443603009
-0.7402903670930496
-1.94574952543355
1.8318006274300704
-4.519603665440158
3.8831358202630386
0.7549546867281473
