Architecture: k-jumps
Number of States: 34
Parameters:
0.9356985371537212
0.8492687619340785
0.9314098865442388
0.4677997551902927
0.9475030205288102
0.3164766060430044
0.6804726430085097
0.09729721499510269
0.8958780455923289
0.30326956405053684
0.05506314400449552
0.6859811414026887
0.03328174213987367
0.334099375276398
0.1836539187686722
0.3325456389499597
0.04366004438214499
0.26169319622914256
0.33801252103049007
0.7181030673210356
0.5736770832312822
0.5200840176004181
0.0015985228817596564
0.07494805420925288
0.5272074900436903
0.020185994770733795
0.7578718131878424
0.5263061453918864
0.45298625244180857
0.47984151106285033
0.16854668980866694
0.34877740904085164
0.19192219182419423
0.1234425820010161
0.855445193239642
0.7241243185017775
0.45915274281376883
0.7621771757893118
0.9759732807910542
0.7291995682066273
0.6132317036251433
0.8436170415278653
0.9704910829062636
0.7406682774561769
0.8364178551903961
0.12580914257805154
0.4895934786167129
0.4090947784599115
0.5408686121978231
0.26809789551507635
0.4386153106493801
0.820258590443352
0.1720002739289307
0.6707340750671644
0.6849494496996844
0.4529213887826393
0.2440443515974371
0.143823984494153
0.9586855107908895
0.9234692387022216
0.15506226278964386
0.14113370584664287
0.20641463338036814
0.11296049109586448
0.9386675070023981
0.3002127970825458
0.8375854082984618
0.7974677789148059
0.6402913860318106
0.8905508281610905
0.9826708773223679
0.3163753046456975
0.699007643170158
0.4959960567906061
0.8129606287873666
0.9872859936981017
0.027097723939961127
0.07462767777946422
0.7564037863428799
0.19455920670327786
0.015465024186191889
0.6535255393218826
0.585531609776881
0.9230901707321847
0.9475410482876542
0.6219652921882519
0.9924785038885069
0.23704074264774933
0.11170103212927629
0.41977902187209415
0.05250146119375809
0.7638255723968177
0.8970135026539721
0.5100563857615671
0.7836803794483288
0.46250554475835226
