Architecture: chain
Number of States: 26
Parameters:
-2.378620067655253
-2.4866495197838465
-2.5392893708922766
-2.3756287403583394
-2.3787545411208897
-2.3941131324966136
-2.5561701404734487
-2.549854112138175
-2.3781401510850326
-2.4520841444039876
-2.3702211637252275
-2.3838044846891826
-2.565138827277181
-2.379262720557562
-2.653452285967705
-2.62267034062762
-2.5915592329909773
-2.5536213445820057
-2.43146007805308
-2.464094164394879
-2.364689077628083
-2.3651468947053815
-2.6298415600358895
-2.3864504546970022
-2.370760244637044
