Architecture: escape_chain
Number of States: 48
Parameters:
-15.0
-15.0
-15.0
-15.0
-15.0
-15.0
-5.506078482976862
-6.220197226794507
-5.098307288902076
-5.092684862691981
-4.2379591476580485
-4.377501451994922
-3.953243351977027
-3.060276974770733
-3.063395506011047
-2.621534586963449
-2.3097020932034975
-2.4821639333676195
-2.086239284632294
-1.624327586144146
-1.8087356682945281
-1.7753408543306533
-1.3727708758082042
-1.1521949883083726
-0.8172688082606366
-0.7922395793204585
-1.7281751802112624
-0.4991583042206896
-0.2882604005919108
0.008888662691938722
0.0025091227435306545
-0.003577821592809715
-8.347820607155585
-7.437844978943516
6.810358214811696
0.653909869004186
0.9837681747287034
0.2400353832286647
0.43523075505023845
0.14633987691950434
0.8924436764495037
0.5001102992541708
0.6472359235425855
0.53038312026162
0.6132110333614509
0.7036018005679631
0.617114496002388
