Architecture: k-jumps
Number of States: 44
Parameters:
0.5251815591442617
-1.9522780956268981
0.5256849873729135
-1.8675786465930362
0.5091603970956263
-1.801741634319417
0.47869015199743575
-1.6423604782251269
0.48617426849378265
-1.517173977949723
0.5447901395899999
-3.57872273941279
-8.416887988701323
0.010516435994630204
-0.418068365881385
-14.448792384144037
0.8117461258122006
-2.8896679104960485
-8.143237744015172
5.465719765480697
-3.3405253725085076
-5.593647147368616
0.8146818181416423
-3.2541690873550904
-8.140310090098739
12.542197089755115
-8.824880167326679
-7.446920516820175
-2.848357702829742
8.94538052783719
-5.936065132092258
-0.14527326643055558
4.594643497007707
-2.334254408503037
-0.2938857504148834
2.7363580298477292
-0.7023020352252275
-0.028975785227920083
0.5720417438498112
0.09315373388053551
0.5532165912290833
0.9646823148022065
0.8940113717867032
0.9785854272853933
0.12345337472550603
0.9295731731627508
0.4801567677672536
0.3499202535047599
0.4285059708397924
0.24624160227243522
0.4230846914246863
0.6174095611119295
0.05971551210101788
0.39814881215617504
0.37827088452440355
0.7598262983883287
0.29735844484260066
0.8481223358674512
0.08535844247749802
0.26789905480296006
0.6043872823211895
0.37356877796559806
0.5647041352361084
0.3207810360853537
0.8899371676552384
0.9045221006307227
0.9506702805174339
0.5964947184875758
0.43653512128524685
0.31385677029275405
0.9465829329010287
0.40973578290890866
0.004470740687576358
0.8742726715243422
0.674877384421305
0.9741531705235936
0.6835062488901973
0.6195884377818067
0.9843126418948578
0.7687606504131482
0.8664027955885566
0.5569122376975841
0.5052150915693975
0.7051555543671361
0.6442839124973753
0.8613469974843161
0.9093352453705468
0.45896375537174594
0.36241986631428946
0.8395935597907614
0.4475101450845974
0.4194695251675661
0.6392327083503119
0.5545298062086617
0.2470125282274127
0.9543967209246806
0.5422799899239021
0.2453655810618517
0.8438657256792114
0.13216245928906067
0.8349719531512383
0.27540006139188566
0.968246640433788
0.2518687225575835
0.8942167173003743
0.5535647601701318
0.8187265991425947
0.5242171806631084
0.2076798540699214
0.5856934240193284
0.6129110764177224
0.1523949785484917
0.9619540459326129
0.2741113948122822
0.4014045103551894
0.3798277929276167
0.26711405322637893
0.4282782861479214
0.7851520553081224
0.7489668713293814
0.7928624748052309
0.3632436765772725
0.5276838483577017
0.30944235746120696
