Architecture: combined
Number of States: 48
Parameters:
1.4382396292305593
-1.294736724682655
1.4278910932395845
-1.2352890873907314
1.4208941263677801
-1.1674632406035248
1.4099988977887528
-1.1009079108876134
1.411232788600273
-1.0124673537374114
1.4086614106899902
-0.9515619667540625
1.35122222815005
-0.7708839617486433
1.452250298416161
-1.0817550623919776
1.2612028157921842
-0.12337877208436465
1.5261198966959555
-4.865006167108363
1.3236571136147408
0.05974566509797298
3.113207244184129
2.1293492152681472
1.5506021432263581
-4.507429808784214
1.5473641691206288
-2.7421619536532917
-1.0993812029691317
4.096734862149459
-0.6010164935703124
2.7536141550260096
-0.18946261928394673
1.2710942920708843
0.09949895519859167
0.4952174088283213
0.6270586817680562
0.17499279601311651
0.3726467053579333
0.5186565891844326
0.8982700417932313
0.39632125477979363
0.657118020426904
0.3869186769192425
0.42544273401974003
0.5281079773138354
0.2679997959075142
1.0378541029512434
0.2121453550773268
1.00820540874461
0.31758125547387445
0.6865126448409761
0.2364821819351676
0.35843310592445965
0.7548775957505467
0.21856002036958688
0.7724776756756597
0.566684857153234
0.35046832536090866
0.2806894216351413
0.1775102333263338
0.5569396301630164
0.7798906404271652
0.7377431780019152
0.7480839866140747
0.12043908471853619
0.24564052571192274
0.30642181340737396
0.7634026391148788
0.12141867772856088
0.1947244647677094
0.7971148739617608
0.4000230509132363
0.7718616006525334
0.34685821180096965
0.7192828758096497
0.11047463887281447
0.8201986543373412
0.1754001155754672
0.555991452099396
0.38575948656303893
0.8679710230564058
0.22316445828343306
0.033965757694700005
0.20609150474317367
0.8812932125915031
0.38517099867408555
0.6972022187411486
0.9360572171199799
0.6492714757849272
0.6612708469454951
0.24859676892911622
1.0195174678323837
0.7610974864840888
