Architecture: escape_chain
Number of States: 48
Parameters:
-14.98357722070961
-14.975209540365864
-15.0
-15.0
-15.0
-15.0
-5.111664248340337
-5.5085120574467945
-6.192930073981449
-5.099521674640295
-4.806157853083957
-5.4894953487028735
-3.5172243436587958
-3.4155173478759653
-2.9354913023614015
-2.7512011422592506
-2.4275002617984414
-2.514753628231054
-1.8280757713484308
-1.4190948561042769
-1.9081386569715706
-1.7482290223827615
-1.3348130651747627
-1.1464941733272245
-0.8528172446328258
-0.5751548971721785
-1.464973698037657
-0.26119008821213263
-0.36941106529219625
0.15288279740185357
-0.025848563215549444
0.6332936248469953
-5.286624415064122
-5.348512575727496
4.502879593995319
0.07357025669636541
0.6696905827782357
0.21403915463057677
0.04664707304355209
0.3628465886706007
0.2440273879638536
0.8365388881621736
0.14875734528449713
0.26896454978990947
0.29216062269439425
0.7509140868703743
0.8305733273470213
