Architecture: full
Number of States: 28
Parameters:
6.334571535739241
0.3620738610805751
15.0
-0.8293555330429642
5.969422602972291
0.9609540490227896
-3.4269182100061104
0.4351400747371905
1.304346648882694
-5.460720644698413
-3.9750559924824196
1.9423201619614994
2.5229645599048576
-2.663938410631381
5.252793195787556
-15.0
-5.581804806414585
6.989959267357528
-11.479534975020474
3.826532112941097
-15.0
6.927339641364448
-8.872425783934434
-4.548676591562881
4.835088062118511
-1.365906471558569
-15.0
2.3229613842666423
3.4725358904883876
-0.3210334337349922
0.03800956817945438
1.9617661356224376
1.9940581007629452
-1.1651820050276964
0.14223987869974639
0.48062494592880084
6.169260330115229
-0.05560261009439859
1.0895697283428674
1.3129354075409843
1.7410338625785637
0.28671648512023146
-1.6901599955769713
1.4385732989714306
1.492295917287668
-1.480107821347031
1.7269508668606466
-2.4064657713723427
2.142756152031418
-0.3132379540367985
-0.6373140119748741
0.7576299241106332
-0.049117260893219
-6.264797958213081
0.44048478888536513
1.059093008627876
-1.6685653268868157
1.3261270525422728
1.051099349650384
1.749050683296627
0.2257570219830879
1.798750382565139
1.2329635543699744
2.2897959338151246
1.4971043937833575
0.9795212820040613
0.4977838121557797
1.7707585524014726
-1.4408170154575268
0.06125468471804319
1.1737167629940748
0.4114983718185551
-0.6604847461220207
0.19145608628987637
0.04655363262434561
-0.3243141126549094
3.395549671456952
1.8486940163576986
1.1696789328107173
1.6820924190185944
-5.305459577989503
5.878891576635905
4.323518069522518
8.110322750722863
-4.10328768470221
4.654043647206018
3.894033733713763
-9.353355896547502
-3.679634349279709
0.3218429338873791
5.312549077373886
-5.15047138219308
2.2575653347123117
2.82166524603395
1.6629502242041214
14.071067121973142
-8.90375731551296
-2.232240081891486
6.658958297303761
-15.0
7.016068399522141
-9.391641098926517
2.2018763712188063
-7.554887198940491
-6.084552228364028
2.918824478748556
-3.37814768220412
-15.0
-0.5391570917837721
0.6512600353222147
-0.8404584969167215
0.6835354063318269
-0.16862491789869227
0.4640322759238697
1.6383617369141512
0.4116167489458919
-0.029332463293783227
0.2859076404835295
1.0491624249393243
0.2892519437525732
0.31895994386646404
1.2283952176287567
-0.7274351334482119
7.463192577682121
0.6742476093360522
-0.48913711035086815
2.4590875267476964
-0.8463092782735162
3.367690903572088
-0.8363716799210972
1.8045877748716272
0.6527882226638957
-0.02179556269208567
0.10064284190480892
-4.681802932382832
2.2048140854134535
0.7500118477961101
-1.2691673924356786
0.3439811616476086
2.9214521804618028
1.9348584447861759
-0.5797859025383144
0.4249276658127102
1.7970903653296155
1.9314728152421516
-0.43594417710736305
1.6999612205424763
0.8296367345472314
1.1998274515621836
-0.870461325788012
-0.6260553838635131
0.6860057769731834
0.8202916680578226
-1.5661694521642147
4.750884007584038
1.6636480284674664
0.5261258996461129
-0.34017584215479724
-0.4970219224078978
5.399589251919965
0.49425067032157777
-8.912406634459213
2.0036369882070764
1.8236214522073728
-4.051041510314992
0.39241509928211143
1.9333284923229683
4.375354078657351
-1.2241574556122226
0.8926436541165141
2.061427363335204
6.198224037964874
1.990475770492569
1.1941717363710507
1.6341290731670615
1.7393784557671348
-3.3220451452282784
-1.291135089149115
4.63183374037103
1.211699200953515
-1.953158117040968
0.41333163099873416
-1.3091743989621856
0.16895575926070788
0.9903878022479411
0.47503278587737274
2.085450640110892
0.30684244186414983
-4.28891678610229
-0.7616518112937165
0.497802257046658
-1.0664179585128235
1.3597168118432847
-0.11782923532945082
0.2733786992570508
2.6556076720873327
0.057462475938863486
0.3657598346063822
0.16108278934087056
1.3150404546225183
-0.06373731062509831
0.0708908410819746
0.6766146265796444
-0.858298538906822
3.39692904003626
0.402955974466195
-0.6410657013261213
8.197712463097474
-1.206841398294755
2.5091513740142877
-1.0281191968689742
1.5219567951003266
1.371991006781988
-0.19350152457908415
0.5868508486940502
-3.5825825755479164
-0.17740892370559913
0.7303827166278309
-0.8603321587168629
0.39850374452406356
0.02814944061698205
0.6966146735521906
1.9352421010924032
1.1378164485959659
0.2916252322548752
2.449167586281682
1.432963961958149
0.1111456100538117
0.7478381907851809
2.2015615673725497
-0.7302897524960749
2.7171977927782467
0.6282254900382175
-0.11593885354557414
0.6830403331464111
-0.637842210217421
0.6605548766614635
-0.6252149240945669
3.0464585480769477
3.4990522392148438
0.08481366282021471
0.7427964358963633
-4.914262024767256
-0.021561178350381557
0.9881824187002555
-1.2396405178022913
1.3077241939559157
-0.11475288661321724
0.35993905828082134
0.6387240211207352
1.0596283617842959
0.26986945603652557
0.8234936660381812
3.156410334609197
0.13469541619730344
0.42214570084970826
3.1808044101378696
-1.0822584327160187
1.180037079610596
0.7085407580782931
-0.21388094435621216
-0.4038539262883454
-0.5106427482914363
0.45164153844843125
-0.6108816917031034
2.4161057482063537
2.6724150642949756
0.564319333066795
0.8388675635385309
-1.135759758032258
0.21345917730380218
2.1258092277566787
-2.186975089078096
0.4672952533738329
0.40410209916391704
2.7929713238182226
-0.25678799229616744
0.4864051514010323
2.0984834287453498
2.413783061927579
0.9314627024110335
1.0408537888824967
0.36723691362620964
6.853960524134138
-1.7153767337939392
-0.05579497555543286
3.847894841072931
0.7069848117782412
-0.8064876108749965
-0.16566934425755495
-0.6794838139913968
-0.48004288592166494
1.4444074961100064
0.36544249984449034
0.519283044445261
0.3007504575015202
-4.0185033261854715
-0.5294107956322361
-0.03631388798747759
-1.0699037365110766
1.6517345880901788
-0.13732464900090827
0.002666445622894019
1.8711992525167207
0.30597007899102485
0.587482765462446
1.0423365508447058
3.2954234943364873
0.12006298025803859
0.1718055088768964
0.27987183534443705
-0.9490691297516198
2.507466078953632
1.6524819122104453
-0.46667189623212463
1.2206678546127525
-1.049334020993474
0.6562779892392774
-0.9261539039750513
7.738472880844324
0.79708568109071
-0.30776664791051317
0.15153825800361545
-4.46065297653153
0.2977158068212755
1.0409912805123533
-1.2356015091383394
1.2910679146641322
0.11176564159943403
1.8219940475296508
0.19973119106558276
1.3280432904810922
1.3885673892173005
1.4849179081716202
0.6051663412844727
1.1429778818321494
0.34525571745181033
1.431210931612247
-1.1780472415368313
1.7044315291318743
1.4998034819403565
0.30710500905924926
0.48494070133735007
-0.44372453769334763
1.9011459900398238
-0.5382710889733077
1.2994138770055335
1.7370826099976875
0.9798767255306003
0.7120519631695374
-0.5308791266016009
0.3502376601073003
0.4926235626260618
-1.097458696167163
0.8746427146261125
0.00356939629486459
2.400625169437912
0.9050994161316109
0.2506319083469075
1.516161812886236
4.633120319285345
0.5354279266788292
0.9966699765874523
1.204131216463699
0.7033864023976276
-0.847559792711308
0.6967222788766079
1.0003248532290192
0.4866012677416381
0.08285090743980975
-0.16237140571210923
0.35471006599288796
-0.35579600001704415
1.3508065017583426
1.2438645811239946
0.2050800422989589
0.4107150626578649
-1.9142777785071454
-0.09573466999089467
1.2422579532043239
-1.3384603649053821
2.150719333562827
0.14652317385404823
0.44976744989288675
1.468509693770338
1.552284222950774
0.322992084565644
0.4454271822899453
6.878688933253116
0.2147017947746445
-0.03482027042796991
0.9520682827400564
-1.2189085779039182
1.8234526698994415
2.554327582136204
0.12891951527317366
-0.2149737716847221
-0.584102687941388
-0.3466293880453277
-0.6561765862220795
1.703763264859095
2.0330208291797685
-0.029800903741306586
0.5876106234855687
-2.843122909248086
-0.044275359026327565
-0.22657784263270325
9.55204540838915
-1.1894726875856738
0.9091568711664565
-1.163186101956085
-1.7531531430334488
-1.0111368090901751
-0.729840139287914
-0.17119141685280284
-1.1216661992855481
-0.4450689953313208
-0.9566326965142051
-1.388810700978017
5.958928649584545
-1.8853036535882088
-0.7659756449981835
0.3834077597045745
-2.3408449970534293
2.8817937540369285
-2.5166846007789028
10.110997180634614
-1.4573506248450148
-1.6011007329173697
0.1387275992358335
-0.981085701882888
-7.790999439409383
-0.9610109930747656
-0.21648693255127816
-1.3665722172185624
0.258135223425616
-0.6152891921685724
-0.34886880908997353
2.5661845045720537
0.20354967457287065
-0.12001305697861515
0.05540975272817543
0.7123799277048831
-0.3339453877810619
-0.34876982058163597
0.1591925777133243
-1.269885711665404
2.7233288455561
0.8720779409078583
-0.7881439198439981
10.78701035898843
-1.4575065902611322
3.3572472293482254
-1.4311526444357288
2.6447150133537547
0.9593899489148947
-0.5102998129085344
0.5587509443049732
-0.14008082972473485
-0.36178135819435153
1.8493907928318105
-1.6134781206499778
2.0662314139864306
0.02253236796063436
0.9178159354388127
1.100489206724611
0.5524370565040593
0.9756017753664028
1.4513812592801816
2.4016281057183124
1.2292948674745883
0.33211927671450514
2.9429618789541756
-1.4443253902363968
1.0876684744645007
3.0676411403240125
-0.07411052368141613
-1.0710103236765303
-0.6069617986998381
-0.35022020514235386
-0.7753625779206436
6.553424541018828
3.1621908347195316
0.500668425271254
0.9273314814544897
-3.950455274550641
1.364860359777684
1.1866386888226677
-0.866267076060965
1.1614539631186438
1.0525836315749761
2.8528759423453285
-0.3118936613081681
0.4231862298015735
1.120399014943581
2.5378284838198186
1.1997697554403277
0.7000191112982829
0.43472616497510763
1.1889142583155727
-0.5072702226754134
0.03821943938922746
1.8955252368648434
0.6727795568339461
-0.4903431621415241
0.6746762630394725
-0.517156261388709
0.7136997298968408
0.7366992043730367
0.3183111435807018
1.3662518142702413
0.8486541845053776
-4.961212764383119
-1.5562367355624964
-0.8013182335248168
-1.9056508420466514
0.693916695119923
-1.334303430659198
-0.8466236062755815
1.9907346907932861
-0.38059237651504313
-0.6047661413809275
-0.8309460581534772
0.49741836795346
-0.9491012343563389
-0.9665058250224445
-0.38287093239310693
-1.6264002202452104
2.857495788952138
-0.15701009204723548
-1.3022591412787061
11.451563794501107
-2.0628048615974817
10.90672710078429
-1.877100202069001
1.398043557707713
0.8583988888378759
-1.0591595839952241
-0.2827467280994185
5.438229634290783
1.8958384398325439
4.112717441664014
-0.8454468868495371
-0.7011512506693572
10.143809248984324
3.5160702541426883
-3.1104784531208653
0.0706048940822458
2.5123294547211867
5.265427052424464
-2.640205163719501
1.6065151026888205
2.8261118026049705
1.2859265132588635
-1.095475488718368
-4.3270519802143745
0.31316612250653497
3.466469589088576
-7.468214571042005
5.859640185382428
-3.076271159639477
4.465806095171337
-1.9127707175551654
-1.1831876921833433
3.2731818690031576
-0.059407725782793
-15.0
-1.4126085433130284
-0.7015262744004479
-1.6983480183262865
0.03562883010619517
-1.163980059040051
-0.7312702284638897
0.9652625450979931
0.013024969339718155
-0.4711117804911107
-0.6823988624868959
0.4745738958230579
-0.8640193071527232
-0.8600174739657527
-0.24975985791739772
-1.4821512813211613
0.29655390368231904
-0.0481893798216262
-1.2040882141748819
2.7759938390670222
-1.7453918805980413
13.12490078288098
-1.8785925749091168
0.6222217947436535
0.9919204053377909
-0.9316238543528775
-0.27992593945146044
12.593314005322128
4.018648895762686
1.2491503303234048
1.338600340993466
-0.39007248035328207
3.8474912591224975
2.242231028552819
-3.899631290757617
0.42751267910852797
0.8214715824677046
2.5657008674313255
-1.2769480196469314
1.612027297865343
1.8666498226099062
0.6681908363168049
1.6798630748215766
-2.3593751836029315
0.8947342312514119
1.3596527801286662
-5.27187331479788
9.289273840026192
-1.8281743765625382
5.4691550096620904
-1.3405569136351887
-1.0533871026944992
2.547244549353276
-0.15521971189327313
-11.379534165758292
-0.44246970976684685
0.7489323673262792
-1.0163356037074536
1.6273915088200286
0.02075035475701782
0.35759093777614614
1.6096038319207293
1.186761974156669
0.6721323633509331
0.16142141121091996
1.180848629139629
0.02001443983674181
0.30860734681031615
0.7335960967886326
-0.840686009007276
2.33251977498045
1.2043276113988783
-0.3741387798115693
1.2821982875746338
-0.9050243405917204
-0.0390951370849546
-0.9465551145879958
1.4072721026049275
8.758228257071039
0.0446718087625471
1.2891236429758859
-3.742839545792658
-0.5304590498288325
0.6125897547872099
-1.2292113856045437
1.3984195439150553
-0.15150087680468938
0.3480715552390224
1.7341260892840216
0.5412338850678672
0.071509369717125
0.5361106987879528
1.1863696005200655
0.07891723682425805
0.07746455743358084
0.6784244634548459
-0.9360208238973522
6.654961990461059
0.5256216995085664
-0.47354935132594256
2.337488892092553
-0.9283545985744592
2.0508058535167475
-0.9550469012956029
5.654705159135301
1.610824342027402
-0.07417130125976032
0.11684853673652437
-2.6362892741075417
0.48056706948803163
1.3747507852844514
-2.198920988172257
0.36136272530098895
0.5999233770856265
1.7031102470193784
-0.12977513391261838
0.19490808588893818
2.0969446880220177
4.464255088797253
0.29589443472266935
2.9371087349749683
5.16852813094299
1.5461163362680992
-1.6146812157070451
-0.018369481133069104
0.9620472364071346
0.7278831815930612
-0.2963604514723205
0.3218655955651801
0.9004364827097278
0.006515793502116413
0.6270123477974247
0.10968027673856601
0.7609060310253696
0.5550976235321143
-5.595583394642815
-0.2802762071018311
1.0987644432977806
-0.7021039467685559
1.3114673408232542
0.16523921148277798
1.1815627827964614
0.5260548746797006
0.822185796544843
0.6752581665808003
1.1366032773232286
1.3782202235942593
0.04655053910711996
0.5006673139970682
1.8490827212586374
-0.597803825957028
4.513069923996822
0.8099564295991114
-0.10892412626176186
1.072506457498907
-0.5790470340873272
1.3060488837385755
-0.5624265837561337
1.418222022689928
0.9166091536529025
0.5173087032352279
1.1487282001777521
-3.6254123709017554
