Architecture: escape_chain
Number of States: 42
Parameters:
-11.175363798887465
-11.265861124214986
-11.17448603480179
-11.120229916237713
-11.280328507644757
-11.310030910412628
-5.965913616570202
-5.963737601143875
-4.455021458371262
-4.167740242804185
-3.8438761785627342
-3.112038185742814
-2.7296234623533566
-2.2368034852932697
-2.094333764503465
-1.9584037470056994
-2.0139938933276156
-2.0274464558750855
-2.467437793590302
-2.5397792870543867
-3.5249597694058576
-3.4947285598554867
-4.293944576848313
-4.279568616710385
-10.267765988553698
-5.603202769177006
-10.301864082281867
-5.6012368289029615
-5.596412083033787
-4.255377567300297
-3.8582279752557582
-4.52964187206353
-3.0972991073133707
-2.2980085293534116
-2.504722091727952
-1.930386519074581
-1.7324872253439711
-1.1987253447416197
-0.7291153098625855
-0.1651384406402228
-8.51387447235768
