Architecture: combined
Number of States: 20
Parameters:
0.8971155402784465
0.9749202209776106
0.4464093655783057
0.29300529299929234
0.8637645876174406
0.4596211736735274
0.4795078085237624
0.9515084343301283
0.7977465969441317
0.27910076802726536
0.8211678018831933
0.8277431251314684
0.7765784684584807
0.4664828381381406
0.06131268819477598
0.12413067098524866
0.910671089662654
0.27872141392674443
0.5886494415309417
0.9917138075216433
0.915858949411256
0.5001503530716589
0.11520973304801507
0.19077127678631267
0.7262855046354643
0.8716404607522057
0.37004149018503774
0.10774460785507345
0.8576115451940762
0.9007836853738915
0.07436657118334422
0.515342232278434
0.8728938064649476
0.8547847730097955
0.5068117018360573
0.4355675851389137
0.1497957698970026
0.935168857406022
