Architecture: combined
Number of States: 18
Parameters:
5.158178610740704
-5.961708064468341
6.981474426768378
-7.764840136490345
6.708908970040531
-5.686029529802421
-0.0020449494065141495
-15.0
4.640821762490411
-5.748021080743325
-0.00032479893503213793
-9.701359605038158
-0.0296506529611256
-4.2172201231910105
0.024651932684938305
-9.443603224095753
0.006793874495592314
-4.502896922039042
-0.6381956814255821
-0.6958973292552506
-1.0497551884894634
-11.694579308823686
-1.0517644736734761
-11.628095798059588
-1.0583794468435566
-10.924390098266727
-1.0515566773821898
-11.875370130054177
-1.0490250952523503
-10.882346844966078
-1.0533564708217436
-8.18357421962806
5.15643118729856
-4.949633899971399
