Architecture: k-jumps
Number of States: 34
Parameters:
0.6468377990749757
-1.8788980346621058
0.635456670062588
-1.7912154331075925
0.6601387988110505
-1.8079550282291985
0.5609419485139151
-1.2703497710914569
-14.722672202961617
11.481466813721351
-5.637933094659528
-8.006600116984119
0.6195615640624029
-0.9957101384627807
-14.528460758063991
0.7381051764989534
-1.4155647544362242
-10.63388157078565
0.8095115947029892
-1.9598759829007866
-5.816537600166341
0.3586294912454049
-0.19522573788227146
-11.136707140774078
0.7485909372564641
-5.480614028764258
-9.332858001855614
7.988688716065536
-5.8498000234868215
-6.352629810289816
10.6097438603756
-11.368007786839351
-9.018605090052315
-3.1642218262139963
9.209727955243315
-4.277275990103726
-0.30151018993921214
2.5731289801112744
-0.5325636846837547
-0.3153403590214374
1.8717413028567926
0.2549328392778168
0.4716493803955591
0.8689599488006682
0.3358090197265806
0.07795671745037075
0.5280156738405409
0.4121108515710938
0.24335066192756905
0.3334590397779034
0.5298345401174682
0.7443934223423645
0.7260338579316215
0.4868628713210573
0.5144813104159618
0.4200358459897513
0.42065067836542414
0.20971845829334435
0.050530709299752674
0.8428265198346028
0.7273622654674656
0.18806298164061952
0.9636666996282109
0.8371835812026562
0.22074167878591822
0.17426343318544046
0.5287599620964893
0.48690012020118256
0.2372833701803021
0.06637154209226948
0.7878538465135744
0.8011243313117372
0.7807479262828172
0.09463495073301709
0.09112922722687544
0.5151679520223491
0.6778655161517146
0.850517174384032
0.41101543576726474
0.5556832086551969
0.8370842812674288
0.6442743323080699
0.40037597816174675
0.9674364442458487
0.7951821106621321
0.19846565689329576
0.8584157257787022
0.6180513716673889
0.37686956331308674
0.8341015795426093
0.06639405011638222
0.7155725876169062
0.6121591655315421
0.8991131831728629
0.08114404588848734
0.30289990473683526
