Architecture: combined
Number of States: 18
Parameters:
14.999999632685059
-14.96538609449238
14.845250049722942
-15.0
15.0
-14.810452517105372
9.806840721881114
-14.910614350774843
-6.968273988337644
-15.0
3.924144860039083
-7.80499689506531
-1.3730237374564802
-10.0108150742002
3.8138751850326975
-14.99057182727532
9.021528560934744
-10.202073315326857
4.8097865514904665
-7.213724064074714
3.2097196937705945
-6.6730369346150145
3.3749266909871576
-8.726876907138996
2.534302524501417
-8.73814134223145
-6.026036553511275
-15.0
-6.00133502524275
-14.695261762118026
4.197865593445629
-9.628114934697438
-4.678799921762684
-15.0
