Architecture: k-jumps
Number of States: 36
Parameters:
0.28860071322736924
0.1828638785936907
0.2937782281308309
0.10210270422708634
0.979543009085756
0.7746247610285112
0.8104667722769043
0.49441068853198733
0.7474989152858006
0.41896698696137047
0.18095604488889672
0.7447598392238348
0.4288506199168849
0.5855411226660998
0.9851557036385317
0.13262596356499612
0.23717805087171717
0.40987094698129667
0.2420326755478679
0.1569649716016086
0.15529990770419466
0.8992062430801803
0.3125236064197313
0.3356195551856549
0.07554089998681712
0.4232349347581873
0.9117641066156048
0.5226537163309932
0.2045363203801268
0.1497218221275235
0.3775873313927709
0.36566566727822203
0.011145471189262235
0.2037934913021926
0.6036376247159708
0.20397545909184622
0.8432263794227293
0.29137246500591396
0.8313178958565668
0.23509389275681547
0.8100675430410782
0.5046101851645763
0.6482975579686368
0.39188552030735857
0.20735832061189485
0.5484724397869731
0.12058183222135388
0.646961800303332
0.29670243525582984
0.64141498974024
0.41403143822521493
0.9943853205054795
0.27565220172745597
0.1973358026866353
0.9019900089749072
0.2542278578102789
0.8429152020942038
0.07620354902061022
0.04660268976908166
0.6137758550193612
0.08689645194122564
0.8558053202770706
0.13615735955758956
0.796059151203953
0.27617181821473347
0.9412085095758692
0.89763571524139
0.8880213169517328
0.13455987682980175
0.9199272068452007
0.5256144559370811
0.7018546998423217
0.27760760392361616
0.044519317619034604
0.46327210568528654
0.7172569531578479
0.641342666549799
0.7678645577152314
0.42580920310144743
0.35264593654484455
0.7456659373344875
0.03900238471436035
0.08138062520778488
0.8079766876591068
0.5134908205814916
0.16506095800659815
0.162032739395921
0.22667311829225767
0.35439836626319676
0.5559451483242657
0.24444806116988682
0.9928099182358804
0.36042263482434134
0.22343555418838867
0.2140297947747809
0.31216797653738093
0.5085302276405514
0.1692526185475447
