Architecture: combined
Number of States: 26
Parameters:
14.999999644728662
-14.96567264308656
14.85897918324678
-14.799638735338366
-15.0
-15.0
-15.0
-15.0
-15.0
-15.0
-15.0
-15.0
-15.0
-15.0
-15.0
-15.0
-15.0
-15.0
-15.0
-15.0
-15.0
-15.0
-15.0
-15.0
-15.0
-15.0
-15.0
-15.0
3.1567795690192804
-8.513945229819713
5.853250977179254
-4.699648238424518
3.5201292122195484
-2.0572122557900965
-2.1963277851901175
-2.2955855113509873
3.1420410449098815
-1.5288654123673642
-0.21192552887142008
1.4592144250568984
-0.05285449730016685
0.7109020677230151
0.11677182312878419
1.008283610318402
-0.24021805676882554
0.792279076928439
0.007879372179232586
1.1751506346561038
0.677699352168763
0.25504068755026554
