Architecture: combined
Number of States: 28
Parameters:
14.951232180804963
-15.0
14.80509104054649
-15.0
15.0
-15.0
10.126982646566661
-14.827128470209901
-9.167037856791818
-8.419950153777881
-5.386876249293811
-8.572876655035852
8.354839751516264
-14.286309961804777
10.25406303091862
-14.967138468775593
13.299359191434004
-15.0
11.986838137956767
-14.919112091018249
5.211772144313732
-11.67942607036443
-14.997519724766667
-11.66765204030577
7.20408773924269
-13.677466924227167
12.732886192231879
-14.936260263395717
3.5536437459616894
-10.846396792728868
7.403759433159552
-10.610565099613895
8.773680328927982
-12.109902563258068
9.008247636834554
-12.182855731767594
3.9267739890174704
-6.503929649313251
4.165801554384372
-4.771006592601795
2.813681630621354
-4.077237697540283
1.4787319171589184
-2.1157035718160953
1.2089456322338041
-2.2867273685397715
1.4309900461070042
-1.6554880820660496
0.34305383438207154
0.2674197621243596
-3.1042030657859754
3.5024856349968196
4.175394132878999
-2.7049011506136593
