Architecture: combined
Number of States: 22
Parameters:
15.0
-15.0
14.999920737683007
-15.0
12.510141370916637
-15.0
-3.0249493777887326
-15.0
-3.0247640397071653
-15.0
-3.026296361427198
-15.0
-3.025255843227819
-15.0
7.6559481886489404
-14.419124138837887
-3.0252741205977256
-15.0
-3.0232390942352843
-15.0
-3.0239880247400435
-11.77631003678391
-3.0256972562972253
-14.785007859632012
-3.0231324667900195
-12.700155600855684
-3.023080292191067
-15.0
-3.0252074805741342
-15.0
-3.0243019059467664
-15.0
-3.025561690288934
-15.0
-3.025304080006416
-15.0
-3.0235255504238903
-15.0
-3.0240540167516023
-14.984768828109548
11.161235155714413
-2.605936988097666
