Architecture: combined
Number of States: 44
Parameters:
14.877034901170274
-15.0
14.937687720191791
-14.998812820957363
14.95279324623089
-14.981224506739528
10.386513214014009
-15.0
7.818826240747178
-11.322730580165947
-0.2360305661150697
-12.572250911551695
-0.27080254305092744
-3.5757283654630703
5.99659725186229
-8.504787872023437
9.71209624571687
-11.328584680464456
7.594650381762843
-8.572579675918988
0.4521618352878513
-1.6975200653687705
0.6786772487673074
-1.6370279760075628
0.04796470892801908
-0.6028841330336208
0.28189084333300957
-5.826998673018072
2.280185932573231
-6.265937085389881
0.36238387283122075
-8.525289282381038
3.3870525264350864
-7.27223710351402
0.07670057352283369
-10.481852946310196
1.5262100563167795
-10.738530036925033
7.656337149073556
-8.931269729197165
8.305926391984613
-7.609184440434058
9.229779507348095
-4.791708257919997
5.588619968481565
-7.090522348323119
7.05036269401526
-7.871714055286185
1.2395495747181666
-9.220661544223306
4.37134692783815
-5.067329226730293
4.445736116356442
-4.491734550713267
0.5210089854946637
-2.388113515999036
0.2560999396771359
-0.698248460372305
0.8499362430779716
-5.006030425315918
1.1476968532851717
-3.7433526948248494
0.9265261547347187
-0.7082905063761652
-0.6689195359988235
2.534570418586521
-0.6211412049475851
2.4870089332771403
-0.10712655313157478
1.6685221256616978
-0.20129053238263023
0.8119645501654756
0.18214905900272713
0.6483333658274122
0.9181296637794251
0.344994448289282
0.405492104385154
1.0626962287816548
0.25932263833405067
0.4365200771072188
0.2741735557947043
0.690737526035984
1.005950553965687
-0.0642592624219184
1.0206394914815695
0.4880015262523444
