Architecture: k-jumps
Number of States: 34
Parameters:
0.8324727106571664
0.8016787864912165
0.5512231778519114
0.9263620593910087
0.4349338073597503
0.5611287738218056
0.14856573673948203
0.8254093225765168
0.6943073725595625
0.23089931595570956
0.2066698693529717
0.7402396627088687
0.5466044231216517
0.6620468644154731
0.3322367428660913
0.4293051930338111
0.3614117578777454
0.4240045703475612
0.7487128921048867
0.4497960792815773
0.7593608885303531
0.8229876617451429
0.3892157950803248
0.7565292015290161
0.5043750451242736
0.833167381424763
0.26504028894646203
0.060644072072326694
0.32463904442998326
0.5968725603654085
0.638492745519604
0.7216006786537401
0.5190331266109431
0.22163376843189575
0.48634162934005365
0.298821392582877
0.36742914125587556
0.0451419779546236
0.7820383542114915
0.3499342161527219
0.8697175151706369
0.10423624557972488
0.43327364557532366
0.9016130174340298
0.048435266524851195
0.6529881891260647
0.006990933051826298
0.35451333801230644
0.3728973868301845
0.30542663850960294
0.7247394989500454
0.7778300816531187
0.32750369628096343
0.12085021813002728
0.7087085018659454
0.37019990297515804
0.16767270171462967
0.7820450556559984
0.7080838701932294
0.9096902186351621
0.5255077460717795
0.9140465588596879
0.32207090202063515
0.2773451591345767
0.6516419630369662
0.012369056100317133
0.43599435405016007
0.13076065138704085
0.09511918328514679
0.48583677513934365
0.7416204100577436
0.4408709234635646
0.8785606413790814
0.7918309217391025
0.9089042220499133
0.5890485588942385
0.8584540099535696
0.7623702095364838
0.6874725804071975
0.13224753429871416
0.4276828032840486
0.6880175924934959
0.6748007454365857
0.28684564234504495
0.3258717113461449
0.747777553771935
0.6706527495808821
0.3539262658875062
0.9614004469872132
0.589696804400445
0.36489557500037695
0.2733544595224918
0.7191190641102435
0.8604186625348132
