Architecture: k-jumps
Number of States: 42
Parameters:
0.47402236868306924
-1.9784815329331005
0.5286298872774272
-1.935772630465923
0.4327367312998689
-1.4750493847741344
7.342085573560732
-1.9857212475707295
-5.997632864584476
0.6294259779468165
-1.0673091223705744
-6.4954612964244305
0.6523931581505007
-1.4925619812137956
-11.601961995039861
0.7962894410940597
-5.6765283030622555
-12.158617624825052
0.3033940170528477
-0.1885740271483
-9.816974140978957
0.8343513682764485
-4.810361038910371
-6.5403408039697855
0.8175514229225624
-12.619903334622718
-11.855958154774598
0.8176737807072846
-3.5533334922670146
-9.348740302753376
-0.12916004453077432
6.082265080545143
-3.432031177012212
-1.3297547624207307
3.8699912030729893
-0.5316497199983478
0.09372918071018584
1.4355078139978055
0.14131392451022695
-0.16434931466541708
1.2255419255663267
-0.14405359287971517
0.8113879487015648
0.9408386677551596
0.779146322235899
0.4683218189082657
0.44584940016118657
0.7719474035875457
0.6910604568297384
0.04479159583131487
0.560036803974554
0.0676962265741645
0.28574158513871106
0.9735002925273162
0.029000925648190186
0.08662704921550105
0.6088786615272456
0.2752438094538807
0.37557639800915854
0.49029589552040276
0.2562401023636016
0.02552266643523149
0.8251522696358551
0.6526473698112151
0.23910662919262848
0.6540078913168297
0.17170486678040275
0.6723370978545082
0.05399543082968428
0.12938446127585557
0.45422797242509994
0.5840523873490244
0.45723830791145514
0.6572069199399808
0.9490340418481193
0.00042892819220452516
0.4181516243461604
0.3716825694664724
0.2190063051781287
0.4731734370994124
0.34604466591145155
0.04091842766186948
0.05521624879725662
0.1486226034154734
0.8360121710400595
0.0696945049777522
0.19903822723075149
0.528330124828764
0.14123603661760242
0.13646613391947748
0.14449059272365128
0.8743525636440901
0.5059402599250196
0.9335230197868961
0.017238156420462447
0.8362362982727313
0.031370796020496305
0.12290911392618331
0.19714272327945803
0.3440386369397348
0.8909787719745046
0.8913975379795506
0.5755588335543432
0.3277359909227687
0.32552696701305306
0.056069790642208295
0.6239639511135293
0.6745595822552024
0.8214737694631561
0.15285705156411578
0.3158222874370309
0.07875655899825229
0.4294510723046605
0.4585850115818658
0.4221467772964431
0.10846777989927003
0.5875817450226842
0.017566018210568135
0.47674804269892757
0.4550822774550529
