Architecture: full
Number of States: 38
Parameters:
13.587971987272251
-8.262507481130724
-2.799196356324346
-4.052028335802603
9.1081909986678
-2.0960446451357186
-4.338162430112034
-0.023884740351913042
4.22424958677566
-9.205345831612117
12.0342828289106
-8.272141803497114
-11.896350413701796
-9.00774903984168
-0.07082041810208733
-5.815990897007077
-8.17516894812982
1.4306319464295458
-3.9756116907924803
10.688936486551743
7.872754228398389
-7.147721670122544
6.946816896484222
5.421456018953783
-0.720033268170401
4.150699107767393
-0.9473685365187796
-1.2756502555028835
-3.8827309353411286
-0.2919692118315333
3.23904222187144
-4.798247107821806
10.910344353034588
-3.226776708778627
-0.5559743287143402
-7.133745775932689
10.963585740046526
5.615519963372554
1.3539846949781364
-7.8222843985009405
5.552304070033843
4.109109781268988
-6.402501513707425
0.6318343113178824
-4.447772053436117
-12.85499540841018
-0.25751352549161427
-10.664518016024305
2.229744972614987
0.875724313814407
-3.870135395732752
-8.810246747460774
4.478383982750394
-0.5377013341517884
1.8697479120210998
4.5617038902702145
7.273721094660584
5.945498959816136
2.722352075863555
4.407041618148249
4.928447341619161
-2.733399860679178
-0.39648960542212197
4.297253261724664
8.652595288016022
6.246979390535416
0.8740912349176744
5.3521119979986596
2.9630355702098345
-14.280986954370059
-4.599768254528373
5.8700482331183785
0.840916567462629
1.4639881178998497
-0.1613508515128002
0.6367539637410672
0.5308643381185999
0.7316063134649896
0.0284604551495816
0.9359844222451261
0.9846955276030009
0.570091514489895
0.7094589356042301
0.5965005505010247
0.40238371088477637
1.0468404090943961
1.2154323489680032
1.886316753620366
2.419969269652865
0.7029403302877631
0.5595057722708611
0.38670425521379154
0.4804307281542638
0.013177934890890312
-0.10980580878279098
0.602104909201421
0.04964819528640244
0.1253259861534364
1.6109241568288228
0.3168551601471525
0.17065789357647035
0.20319001271090778
0.6789987370501154
0.0405020434519726
0.0013654082515069778
0.8924588710664478
-0.7357768966483615
1.1973751905213414
-0.009617227986702316
0.12183956257149725
1.19586770701094
-1.1654468079283937
-0.44725910162029253
7.605007117737399
-0.599501829769248
-0.7877238428980653
4.795173483654397
-0.17890284886247212
1.1596642675344486
4.017999681635247
0.2342891019367337
2.7706377053139803
-0.5903613896676195
-0.10453442586373775
2.208886748615988
8.345513290422529
-0.5240496823943959
0.8341237309787162
-0.4733598775298327
-0.7174770868224256
-1.1235802838800009
-1.0234067131388054
-1.0230147327866383
-1.5205304255390666
-1.0815253214485223
1.2425431986879905
-0.05823089372725398
-0.833787663283548
-0.92885660850359
-0.8550477089095556
-0.13403399202166028
-1.001828947766832
-0.4853443281305304
5.784949040130412
1.6038756584273626
-0.927250617189117
0.00511127947107606
-3.9872300818351416
1.0293409078886038
1.3348192131119005
-0.7422279529058493
1.222198684415144
0.33639412783737405
-0.5315845416972342
0.6394379364347711
-0.18065585021192643
-1.6945837007755635
1.1139701501610837
-1.7420418404204376
2.024379671148076
2.1881734661567496
1.2050497868415244
-0.9470329078844334
0.7948004032344834
1.1263069370878287
0.6745963507498164
0.9339053987413983
1.045664092303805
0.7239976409880685
0.7846985109564272
0.8244389778609386
0.21805471371052562
0.4022690939027527
0.3215566238054916
1.0058863174565298
0.7302052182956152
0.9138195100998845
0.3719782351835057
0.4708648928367321
0.9688394994755669
-4.5779056984102375
0.27073294654572855
1.298550267998554
1.325408983367778
1.5585915920122615
0.6842980943436018
1.5317571450662124
-0.7360429716169591
1.1700615655553395
0.8337399901841261
-0.49966182618215554
0.7932048443545854
-0.19218011015696285
-1.4643476704034013
0.7149630998455705
-1.7120585243848323
1.1236978362354209
0.8740528719356426
0.3843920187491837
-0.865420297532486
1.0070111472261978
0.8220452963539316
0.2844268614252083
1.3166795821624846
1.0464326868254223
1.7586738126390538
0.6275378453053214
0.35215102851154656
0.5171978566830324
0.33444983388769806
0.174038471994844
0.7975630998396199
1.5298634577991532
1.3753469824199034
0.859247081350261
0.9590017677879915
0.9592693279752692
-2.0145952522618864
0.11431828801263227
1.623423089042477
0.4375502898314595
2.538705143107361
-0.9358975094971759
-0.3213877910221314
2.3744402924244152
-0.29044969206702026
-0.37463632018736526
3.137632341452245
0.4112369327356612
1.1993580331374785
8.097246013402902
0.0004597929391567554
5.339988533219769
-0.2547553784994785
0.39829544546291606
1.2700152945904777
4.254484455652361
-0.14088593441549957
0.44943416253337426
-0.23263639338662753
-0.4486052862813457
-0.9455088872472591
-0.7872757176930225
-0.4997023376980683
-1.083300580569323
-0.9976219491494565
2.7346356682016753
0.7611477723319808
-0.6027270389863729
-0.6303599065875439
-0.5770775200319528
-0.09882782636073828
-0.8409783905533424
-0.021332218725081765
5.652978035630055
1.2705950498224117
-0.6581208414216813
-0.08139409429739934
-3.7784216481007293
-0.0567316435602443
0.8226083886189115
1.3300868508638044
0.4706065649821913
-0.23362013345576638
2.1459983250776067
0.14214340402819112
0.8842207260724351
2.395637018543832
1.4722737859080985
1.2048604886045016
0.08231756614569406
0.7653766076611642
0.8135436191544813
1.9201845554473378
0.9384756546300763
1.1283755342754176
-0.03066069762420387
0.7628932276414937
-0.24477947454733073
0.32125351496294874
0.5773347380978087
0.07706377473931061
-0.07860106165573807
0.5833156386373869
-0.031979557885523105
-0.013748678767057656
0.09477504960854152
0.4450088611065796
0.027086414679634116
0.20391849174945306
0.8378878812039027
0.16610120316816823
0.9843515727387409
0.4637158284060441
1.074440872319765
-2.351121068465019
-1.116598941904453
-0.32629000639984607
2.446120247704099
-0.2659281813306956
-0.37982567042284937
3.1911327291015885
0.1568655936886547
2.940842139049688
2.392716241555279
0.26375489154426934
3.3461143658710744
-0.17739374904880867
0.1707429294450017
0.8369898274180592
5.842841739845302
-0.17983889160823327
0.2406985448291255
-0.2423123155596113
-0.42298864240901846
-0.8755693030208601
-0.7812218427078709
-0.4274807248852102
-0.953156471650309
-0.7936680064851288
2.018769457651656
0.671724741534882
-0.5921405712533512
-0.6260227119050931
-0.4561367846249424
0.23834782629722914
-0.7340819995467771
0.007383723799752327
2.808404547461412
2.4422283524266355
-0.6370911809818812
0.4289614379674936
-2.2014608503808057
-1.5475798358754935
-0.6453043507785822
3.328118259392183
-0.9718573900613111
-0.7846102963062282
4.568088939783412
-0.19019582833681264
0.8348680814439422
7.813193638932122
-0.08969546864984303
3.619327601642487
-0.9416876286902792
-0.17126987268246854
2.782712553011946
9.332390159733272
-0.6796152107278416
0.46163014237902716
-0.586137669489919
-0.8916926908590377
-1.2749024227677872
-1.7438788183017053
-0.9996274138868744
-1.3459056703251806
-1.1470428325412143
2.0130720488620617
-0.11472028511098413
-1.159693928139076
-1.233241067594834
-0.9580969019008745
-0.3608441924593662
-1.288083242629558
-0.6411320720042838
7.135817709181504
0.9583348655381603
-1.1034651325148037
-0.16148693162000455
-2.9018614431169847
-0.559754766160656
0.17293897255562057
2.2745287678064376
-0.1876047879676087
-0.39153781073825616
1.1200065328487219
0.6914512710866156
1.3237759326677234
2.4908663234915323
0.18723485122340916
2.0823521869842376
0.24184694474599205
0.3548735045028139
2.797294200844701
3.369382460955782
-0.0066010840745285015
1.5267773757564593
0.30558312072335553
-0.17074316284322594
-0.35982887084891485
-0.4452911030878285
0.07858312391486907
-0.5417028793485138
-0.3706751705360087
2.6370539405326703
0.03750076227780692
-0.06335189064123456
-0.12464105742217137
0.12213619385816124
-0.00600826971339458
-0.29145821881921796
-0.035989015705344476
0.1290654482045184
1.2824507056835126
-0.2264293773857176
1.045761894420812
-2.653786754082534
-1.387586659461419
-0.7595845985353162
2.844262949150372
-1.1683337835137166
-0.8532565328265673
2.0135591950587415
-0.4734111421721666
0.7446897231488373
3.5064642234369496
-0.29009585706187346
11.515225002010505
-0.9023193199828516
-0.3271001280558025
0.8707997921678143
3.6107259394739293
-0.7720218933080055
-0.16210335782312485
-0.7013299585890616
-1.0015473772345467
-1.5239203478469183
-1.3058434796443643
-1.141285759801679
-1.3714592836384418
-1.4739265392073946
1.0586309515093622
0.11467644371119204
-1.4287906616878514
-1.5519353564220342
-1.0992159679927713
-0.449490141653086
-1.2541456809919211
-0.7445980724024152
10.802444434487748
2.5569684632215113
-1.1695578539478233
-0.31740102379893065
1.0348163661480283
0.17694224308773088
0.7906243115253445
0.9550290767814236
0.17308020196910173
0.1139825702864173
0.5155952137348985
0.5465123677913999
0.5775743524319167
0.30281085019927956
1.3582462561107815
0.06566671607073125
1.1410794091067697
0.3711758041112037
2.1251573643541652
2.7042989259476995
0.6307910363979777
1.3114362456821214
0.10463929544194422
0.11306892905086677
0.08996751906514013
-0.12239922354630552
0.8220740708005801
0.26344672212236614
0.1414256561553624
0.7786517169656111
-0.001860688998311194
-0.08444727816477632
0.1818979385469107
0.7764060726598997
0.9655406454227488
0.07708860760021409
0.5679331397724551
-1.7883435891411266
1.1796016835144938
0.5285120336364287
1.2615032775965427
0.9862331077504005
-0.20119262509238667
0.6884321431165115
0.6713474961865363
0.45831741370870027
0.13232983510819546
1.1539782880973821
0.3962473433757925
1.1322052329096106
1.553796793236727
0.9415582653102083
0.8678955024089203
0.9622623917573475
1.2232947430103167
1.139968300371415
3.887481691555326
0.8054734412532271
1.841248423688077
0.4341880327770548
0.7583867733919969
0.010215198156136328
-0.20737575552120155
0.48593258161431435
-0.2300330891947028
-0.01492630467533286
1.7589127624317589
0.5240881737850871
0.156989153043729
0.19900614352539014
0.17815182085705825
0.1502751277794942
-0.05517215993895153
0.017117026986969795
-1.0055841533545506
1.1168352984386063
0.4108266911299806
0.8689905335701835
-0.7468840324525331
-0.9411239085134185
-0.24395032425263924
4.551435076166462
-0.14725501215284317
-0.3799589283113249
3.429827940591621
0.31517404642840297
1.7461068373710955
3.943927177261626
0.19804239747249325
4.237899859701769
-0.10202744398243997
0.7407676088139474
2.7372769476299332
7.0160544979931
-0.03234626193497102
0.932725658542442
-0.2251172801412291
-0.4512519030804527
-0.7924156474663793
-0.6756244947951624
-0.2821061105039399
-0.8480058311493417
-0.8805418548649324
0.8697835478021021
0.28649492867525994
-0.42843117550579013
-0.5146076315626237
-0.35183771424908306
-0.20808588845679202
-0.6487460165202399
-0.2937595916322677
2.687960051999405
2.320538869275946
-0.4915071833443994
0.27730663684358425
-7.367125824111945
-1.2248842429602604
-0.5298119449154728
4.712215341423615
-0.7474471653604715
-0.7200837030242511
3.178751082702565
-0.15188100185714798
2.218695474747759
4.870769841883251
-0.007097824670829708
10.899414393782108
-0.7121952949645407
-0.30294818796919176
1.103233167749824
11.422489882210062
-0.5976676992858312
0.6542000434794627
-0.49370949176601864
-0.7848048336905541
-1.2910593267147832
-1.135108771153354
-0.8415037311471386
-1.3547614521776723
-1.3288558578260958
0.7851181619570208
0.18677392029331202
-0.98865976595621
-1.301442787638703
-1.1360349973149897
-0.45664562860354907
-1.0039623981496015
-0.564420620149085
5.833653958869567
1.4633657217657192
-1.0838374493917806
-0.0881890686451634
-6.696698713535051
0.9772190964075164
2.2898948508414003
-0.5716013187066374
1.7620938004005893
0.2743781644874169
-0.2814050662809544
1.0338691463723597
-0.24729736105162528
-2.490697112506199
1.5758305047767776
-2.1997390583774243
1.3908260346527215
1.2515922495584915
1.3157530434062865
-0.7677344252279991
1.3898107736722933
1.055599501562722
0.9564784876156281
1.335996959538327
1.2746777146724362
1.3451235452456145
0.9848420899785444
1.5706773225430988
0.2606362398379384
0.8377517563933128
0.2746091657552083
1.4296434642642646
1.8806574780117435
1.51174114435811
1.5187774493039463
0.9101041118478701
1.1354530772271452
-3.7725348540900363
0.153302386121914
0.7241673863014307
1.2774879022543826
-0.10265252659767132
-0.8490102486514632
0.0820674651595798
4.176786061196582
-0.0911886638698911
-0.5471494067331778
1.3058014410362726
0.3811341551990462
0.9357561416982991
2.8484257021563564
0.6409946228586189
2.2229526230602987
-0.1791924522280762
0.7613942854953455
1.1777630170417812
7.972653368133815
-0.2711298821373313
0.15759722953370756
-0.21990346121133447
-0.23002169063971925
-0.6785467772223991
-0.6058571798454799
-0.3348851219288543
-0.7410860803929953
-0.7077143710991556
1.0231763915052408
-0.1068787435988557
-0.5127479782267764
-0.4948026042900398
-0.2865864660401429
-0.22371962436035087
-0.6357680746279543
0.05117892472176494
1.6884236665310002
1.3177016212320323
-0.4462318732327907
0.2937396455931611
-1.7122881033231352
0.1836004273699989
0.7682296051972137
1.4522095573240985
0.4605484495264039
-0.06661078560225428
0.776722996893418
0.5608570003506106
0.6215710571554817
1.6205089434745557
0.876149247642433
0.7897107511069232
0.834126013386412
0.922200697418489
1.5106881608126799
1.612567983000469
0.8340090415344604
1.8573351614267453
0.4481720704682927
0.761772786909403
-0.1724526618369555
0.48919048699457013
0.6367408339631266
0.2629807572869288
0.34462969571811364
1.0122450497947342
0.7761136135556195
0.5384975742216512
0.27771730715869847
0.08619266273968827
0.23225085459036968
0.4276889297552515
0.7517690389046392
-0.15172648513532566
0.6706089410780932
0.17347387531961866
1.2417129010010757
-2.670812844048529
-0.0039038371312125376
1.394225755759485
-0.19396904602721193
1.1289938285699546
0.007925932390493664
0.7284176815079345
0.9414283116432367
0.7123750956215693
-0.6966609473421801
1.4027764550995556
-0.8842019488511839
0.7049055023885391
0.7656367159808254
0.3107968492962826
0.7453842617526862
0.9002983763952281
0.7699095631850301
0.5154296755971927
1.177415684095751
0.121990863309321
0.2448886638404685
0.1963727044338075
0.2854845414187528
0.46193853140683694
1.1445958571588446
0.42836981498092247
0.2712090446849634
0.82570915748487
1.057160117551346
0.9843461535198895
0.8046076161335345
1.0834436370122205
-1.7766260992735377
0.5864422906325825
0.22792001958418448
0.405704517438339
1.1426963665498173
4.2407713164334115
1.9317751869282511
-5.535183629588608
4.99774547025488
2.2843738199532915
-8.894458137222692
2.286837893139125
-3.020217556017579
-11.17114833611853
2.953594104395
-12.46469449833298
4.982054210601682
1.6662073065613883
-1.883083408708953
-13.41986441343055
4.733800398720432
1.902720465922353
3.224766731513136
2.9209657157590456
5.344704426153694
5.597106182031674
2.8031503420055577
5.507819520984788
3.2208382403726654
-2.262200557082379
-0.36839948264742617
4.842052647673628
6.4481213934594885
3.2072051592643103
1.1941252725881257
4.520073397388797
2.985652703627883
-15.0
-1.9272407538607885
7.57552703921233
0.8341450610777194
3.2280098433655047
3.9783614409821286
3.7122700159801316
-7.28493248043009
2.3812309182813816
1.2438006877625358
-5.080942439556145
1.6219177111732228
-2.4815323050809077
-8.169520484775317
2.651177333616881
-6.966058924030304
5.209600254237153
3.6521605333363176
-0.9144427391371893
-13.984009290620467
1.4212934893759521
1.9865167079212183
1.7412281069666495
4.484651489963889
2.851303859389696
2.872209059189447
3.652772896582431
2.453878643421115
5.86462570160435
-2.2030009721342028
-0.2725155188005498
4.662359383405928
5.813370837658109
1.9114685991997944
1.6830340221246114
2.2245890225692597
1.3852426338329467
-11.044013598537576
-2.573413136025638
2.6070437905646004
2.6627136381407794
2.907441758649517
0.3151056352122207
0.3830624164489106
0.11991221689271997
0.7549908522751978
0.5681627948001096
0.19008204177235552
1.107073796174514
0.1739835894609404
-0.9609126775518394
0.6135771865254647
-1.4841803460189693
0.40790551862477975
1.7606091003646163
0.9457791891867845
0.03180516614515892
1.1097848487687676
0.7032179647692728
0.4763476695938961
0.7495442888620024
0.7980142124497045
0.6420750028914604
1.0377881886975973
1.0501281486848077
0.3042018927425272
0.17769127758342523
0.15974427987839246
1.0652925834989673
1.273950221884863
0.804830609096869
1.1315455889045412
0.5041888854442569
0.47522994827560505
-2.102213427942171
0.6923548927063573
0.4400335153899828
0.322479638854703
2.3468384112299434
2.2751923952413633
2.2798782620298113
-2.829968840068988
1.718226882813514
0.17775744889262554
-1.3254735498516774
1.2630215889863325
-0.7461170133562642
-3.147184869198751
1.7927687240700863
-4.078268088715759
2.314146179215175
1.6279438757024456
0.27265443575158915
-2.12670475725477
0.6307765750232153
1.0770931607928307
0.5557915181105815
1.0297707319854594
1.5575199649018137
2.4720146421332845
1.4146616622061225
1.111930365007755
0.7155543199555762
-0.46666987667893145
-0.046820266769209834
1.7066254626865873
2.0058214596135575
0.7739732394810522
1.2552462806364155
2.19082406799654
0.7883940247422293
-4.762255390658784
-0.5072073213557247
0.7518246491783678
1.306831249225644
2.755084132089372
0.6031421480440459
0.7275505999268005
0.4471590057457464
1.2163338163502042
0.5699536018101836
-0.033242710493308285
0.4636296507018267
0.33973126565770523
-0.22120429841132028
0.8647460633207781
-0.49932337538564686
1.0046798232507432
1.544927517402887
1.4368631400877039
0.48825422329634344
0.2878334461867318
0.6465987236578883
0.3126940445284958
0.7344483577634509
0.09688046181455715
0.914440942495351
1.094848183205616
0.614848514902657
0.34423911308654875
0.37312303682782605
0.474487809343242
0.6907372391092342
0.6805089367206396
0.8225666137777623
0.7117581025231909
0.4965582926614208
1.140327663818506
-1.1719158021856044
0.7843745320113449
0.6038659319934493
0.791077691193631
1.970422417954358
-1.034411345419626
0.10001468560888693
4.246905442921443
-0.11771505430731603
-0.3890280449374101
2.781808185919472
0.09507049712388933
2.0791438192656244
2.645427298524728
0.7881539705968803
2.317418986462567
-0.10963640689923577
0.6962190375374769
2.713116517019588
7.086463085520304
-0.32904495616565266
0.8148085443843198
-0.1124442024554299
-0.28689661272260225
-0.7365397047808283
-0.623919624708801
-0.4699337137293648
-0.7510436125206673
-0.6679101118611297
0.9855747671594057
0.021977919873696957
-0.4415088868708047
-0.5036663872512327
-0.50985989314735
0.2586531541075414
-0.6671808154100112
0.06662859038621649
2.8412080984691483
0.612085636218591
-0.5645677212823319
0.5410558316294212
-2.1333335509477322
-0.36346703378565615
0.3325284023915035
1.5080492930346399
-0.11252276361632645
-0.1570405495356623
1.8208058262281939
0.5241963169038117
0.6165930684855319
1.1962166229261788
0.6274057170515233
1.89211542301679
0.48375626474282934
0.9791759286246269
1.3016789788167118
3.154678789863498
-0.018728080922433627
0.8601162247474208
0.38381599431911373
0.29806896731127225
-0.3958835476134903
-0.10860625585074482
0.3285282183256456
-0.43823698454536714
-0.23355254506854856
1.7844860895930958
0.6738594110010088
0.0379862146082818
-0.027012982133250714
0.05264509951482324
0.5044892239127593
-0.1987009440708828
0.5975784027033908
1.3137348573007315
1.035846373543567
-0.3303319319027831
0.899578240422624
0.4455321203348088
0.28645727712618346
1.031757111458725
-0.19129551207666265
1.6420819692274071
0.046644134948601965
-0.16169307866362562
0.5604293548542406
0.50016482011509
-1.7093502394908253
1.840042664861483
-1.238974959386427
1.4837323440973142
0.8127860427629343
0.970103299725973
-0.13142101732376837
1.2562337190169086
1.0490640839079282
0.8927299216631428
1.1467044583051664
0.7314713588315664
1.0848358429435332
0.9228321531571321
1.3239298861241673
1.1388276122502519
0.42385012140158584
0.2691851638346508
0.9696354311997442
1.4751786886170382
1.233184025735716
0.34994402621195425
0.9782979477524283
1.2557043658457896
-2.99151551798425
0.43348001646948575
1.3515622644111827
0.3221885898593042
-0.43972141519366287
3.9486512763824684
2.1807358861494666
-3.693527358465571
1.995219268694071
1.647975580494625
-3.2094728449507515
0.9475875827805385
-1.6383198046275922
-7.864511681304053
2.9975058188110215
-11.303395637470336
1.8464886498115303
1.7551231678340637
0.037200184185006716
-8.142461927345128
3.807352201827395
1.7150831792431283
1.032149003583266
3.7563292276281914
1.7123591795031379
3.224394331405616
3.1034179517117577
4.625914505072095
1.631797575362497
-1.4809995566815264
0.031586542623227194
4.630281141860057
2.6259868936203308
4.696660049130853
1.932315633097469
1.5524070605078215
1.3603224067448174
-9.712426919596108
-1.060525154126653
4.053018824205424
1.867756411090704
1.457074827926854
1.7456195350596584
1.7221547217123223
-0.9446902296667926
0.892038288347392
0.25013225018964497
-0.9003507537673863
1.0249698061972026
-0.36802014031847624
-1.9518978754460166
1.7646718212966348
-2.6977229229530657
2.4498780892338186
0.8290441141312022
0.5682792318892582
-2.1172999767060405
0.4788732526919193
0.8571594757994507
0.3678140962719448
1.155132090839577
0.9346653769632941
1.5210891469134502
1.1790588102169082
1.1872837950530046
1.6713465575698303
-0.10036778682725865
-0.21981027976724435
1.2828699489547666
1.5315535641592286
0.878562629437745
1.4334301062924337
0.8754968314659834
1.0584453320579907
-4.675309166366286
0.08488221156188519
1.9881004986312598
0.5183811141475186
2.148874142379544
-0.4455066497344735
0.607844458861003
1.7059998070600846
0.04575160483597528
-0.05112239243971592
1.644329426826027
0.6729919819244452
2.0226282787197327
2.1353223957822585
0.29367133043318194
1.383264411966012
0.4064883824498809
0.5623870774586331
1.216165236617349
5.189180790734562
-0.056218798088991016
0.49025108636495407
0.03397212272583407
-0.06052342635464077
-0.3516070251728797
-0.38992016596443385
0.12445640377505034
-0.43394168925847054
-0.45195046963760266
1.2585108785558898
0.5029477888391054
-0.0684724634003101
-0.10301874377395291
-0.23737663148843607
0.4611659093027806
-0.289294953933667
0.6136504033682536
0.5393272451585586
0.7216268336681704
-0.2703298956340472
0.2927598033656487
-3.5574602211131023
0.16297081224383994
0.8566273697359567
0.04031057211232921
0.7202216558089636
0.33848110384424196
0.3994308198652759
0.6257547086373977
1.0372858504858957
-0.18527905385235854
0.6598431435541524
-0.45750713450684904
0.26190330050200666
1.269201021486759
0.6158486910421926
1.3192784652958387
1.0685778942046666
0.3913830523190224
0.09665788805685345
0.950706496420629
0.6287645257063239
0.6455014595871164
0.7778042763636627
0.6581716912852894
0.3514566205086884
0.2789850497221845
0.3412730183862984
0.5491908228141188
1.082792249424476
0.9482535612143242
0.6438031253732169
0.5590603313021146
0.7842333856087021
-1.3193858606085682
0.4300245393750707
0.6330669884610625
0.8781628106044359
1.3612268431839198
0.27739003660149436
0.24990145541379924
0.5549940252655896
0.3202386682749736
0.08899527861798606
0.00968524341550155
0.5488016512839851
0.7354795910299888
-0.46614656352558687
0.5387786928444395
-0.659926721035842
0.6556377932135601
2.0040928658274373
1.2483288717926198
0.4933691785185794
0.9655430937981774
1.3577574467350437
0.267298158446577
1.100458415201902
-0.08432420408995958
0.8136021430139778
0.6683462089830673
0.114739957655736
0.05894377526742386
0.578916428313544
0.05349984778113032
0.827560057089627
0.5478578104272935
1.0621156127021218
0.42773307838895197
0.1747823152823164
0.35586946497076555
-1.865742835788044
0.07760890332572688
0.18503625638127205
0.5588526655753876
2.00646332830526
-2.2054766404825292
-1.1669898644376508
1.887775361498648
-1.0863216521974037
-1.3002237111814523
1.0017334004077978
-0.5578907076147791
0.7669312259332689
3.789333471775866
-0.5510542753869153
2.642400189933481
-1.0967008971201893
-0.6409688930756706
1.0000430283484762
4.089458549581654
-1.0546240389177912
-0.22828323275514503
-0.813745150523778
-1.239005870761762
-1.2823870116807035
-1.7595869382082867
-1.098102443808427
-2.0172497066022426
-1.2564242723493884
0.4606467824122031
-0.2470288353701338
-1.5745008464487833
-1.4396228919554954
-1.6562281202399705
-0.7726053769194224
-1.2319807672802403
-1.0342745107713809
5.7273067191008575
1.257720143971868
-1.6681581393461948
-0.48737853720781626
13.598455119413094
-1.1893403620682446
-0.018413435801149666
4.568978684954695
-0.212465987934376
-0.3960855409209584
3.1251979201475564
0.26063084916384255
1.6359576912374136
5.843084262094458
0.9073793570939923
4.1858529450096285
-0.1607647429704292
0.00422581393478717
1.1093710000209742
4.06124420836696
-0.12472415222408421
0.756944581751701
-0.18069475153304337
-0.3576794238868234
-0.8704661623824232
-0.8420706569201881
-0.4474742766538925
-0.8623733044686599
-0.7698007648032247
1.4901421664374073
0.24512445788724496
-0.48887061531692844
-0.5522904984188208
-0.46762853814032745
-0.17802046952021125
-0.7087984480529499
0.03877900934227463
3.9445969172073787
2.299432987244508
-0.5739298708467421
-0.004794161163421743
-1.6297147763313122
4.746281701141107
2.834082000444208
-7.388495677575295
2.1241642741586846
2.24332230398501
-3.548467237363647
1.9154712380225842
-3.1024466533804267
-6.792777864619954
1.3666642447135282
-6.613943268139289
2.107570519647859
3.9033852526576203
-0.1349082950712977
-8.178950437174255
3.45029204061476
1.122801119961147
2.746096109899256
2.4243381625372997
2.0717119438332294
4.29606357699499
2.9257154447182843
2.184658324412097
2.6017134316246677
-1.5518452026224152
-0.1861274855897319
4.421000924370836
1.8541072691643652
3.919530081465919
2.2449842814833234
3.291818603311997
2.764299488768391
-13.854479890033263
-1.4291761810286208
3.488011771371537
1.2465833090014056
0.6725747145171062
-0.11041523766255709
0.8252276466212654
0.8762805384600507
0.5846807685995581
0.12078667837910358
1.5280260947523845
0.7925366693306882
0.7026209383624417
0.8126211265811288
1.0628533220630785
0.1840139499028451
1.1502978405273612
0.6613468629546635
0.681030969235309
0.9866759962959328
0.19314961334616051
2.260000751913637
0.3956762653386991
0.3700110346256756
-0.13989943182666037
0.24512077110812194
0.08470279140630904
0.12109410546390688
0.2960859885504243
0.6514738909158565
-0.05092031137541268
0.5732361751555956
0.11903732998257578
0.145298029633913
0.039445140892897634
-0.14449154958018096
0.7350963326036526
-0.7391979449301835
1.4216903120310995
0.008771575670671796
1.1764568396823445
-0.3854603892246564
