Architecture: k-jumps
Number of States: 46
Parameters:
11.65101907392868
-12.195439805402351
7.037088210586452
-7.732567344560411
7.218023814843903
-8.278404237919988
4.572359705736816
-10.313246074261194
5.37244944998364
9.704094892625784
-6.391980608593951
-4.264900247233589
8.131212208711965
-5.188645364297692
-4.3806474516979215
7.8479727343299786
-3.9368985154714804
-5.065572194254282
1.8727270704725782
-2.7931433241014783
-1.0863521182758205
0.7812151832032747
-1.440051795755227
-0.7710661346207669
1.0342424314892047
-0.2725443610706001
0.27953975321141245
0.06430036393965996
-0.2375085038652734
1.0262170137880866
-0.995415006591964
3.259625631305635
0.11633094798974702
-0.2681241637308886
0.9134303155711927
0.8139971140213502
0.45104754613044534
0.7582407041288328
0.31686272648499014
0.24490863883089012
0.3639826161967256
0.10850086830027604
0.8227438785033673
0.9087057694663796
0.8747954597245788
0.6545516617967059
0.4660086117053898
0.8988060711395802
0.04187575270813513
0.7306100598060159
0.3361569688694744
0.8953148623250986
0.7422367922858185
0.6998120715640073
0.10173028821074835
0.08303240313593926
0.36310611322725733
0.43719126586258056
0.2884748987009808
0.07702017150457267
0.4815402103589647
0.8801825236343865
0.027412726513364398
0.9248900733820379
0.7980921424680212
0.24135963469099203
0.3739098830628376
0.36044762543131487
0.48469964093135065
0.5374063995510812
0.7093747522192483
0.8573781199594535
0.9391904483145779
0.6059949821850933
0.004117097530741853
0.718431383651347
0.21435892556266023
0.3075147754047517
0.6464736653775806
0.8172738915568312
0.027605544823142703
0.5905026993064242
0.4968657227845395
0.29369878831079255
0.6513133673817983
0.5935236562361293
0.6989183889443404
0.043409528537887376
0.8855430551402732
0.8224051890751878
0.990211048112297
0.7001778598019337
0.6472524351732027
0.41163609643637733
0.15214186050351475
0.170201734192987
0.3798697032498388
0.13026597453551947
0.06190421729356488
0.9767703998747872
0.18904102121143185
0.4947692273380493
0.569930178766052
0.3436849642274227
0.36043874687738897
0.7729722212277673
0.36566375022896747
0.06260432959046858
0.3226878027963659
0.6487447709136215
0.7568180928373869
0.482129752642264
0.01856100699851948
0.019791167243860874
0.9078788210128106
0.09190294017665668
0.9919445758430713
0.8269527647394167
0.8294044005131037
0.45971981100308845
0.9531015996562405
0.9746813862750533
0.928452244554972
0.72525991803519
0.7734987533407284
0.5466874083696546
0.41793524485061384
0.000892521985863981
0.011325163981672826
0.5843899358286305
0.014710046810194388
0.46346622052968534
