Architecture: combined
Number of States: 22
Parameters:
2.4461391604433755
-8.927959539954493
0.015441528491459444
-11.171561996040301
2.3422110250210286
-5.161695840048261
4.1527774718271235
-8.592387897881194
-1.1673324892123218
-10.003438766807927
1.9800229053234932
-8.4067080165237
4.287887233761986
-5.7750132029457175
2.107690262240887
-7.134191943042668
1.5308072109016178
-6.602229193893548
-6.065274759719385
-13.50057113659268
-2.604373201747222
-3.8992083233961123
1.3555525382340647
-10.192454036379425
-0.1353256089842835
-8.34426847784509
-1.9815681130445826
-5.6106880694907755
0.4416336577820792
-7.382970211010476
3.138195301309931
-5.652127008378336
3.3342213011888964
-8.664208937701982
1.4439349236822532
-5.550436336510795
-2.1175799907696433
-10.381677646945741
0.5892827040835936
-4.026877077765359
-0.7269079248263959
-10.694928305324769
