Architecture: chain
Number of States: 24
Parameters:
-2.1602353923170883
-2.117242617489844
-2.1699578583402483
-2.127231707808833
-2.3060065564960337
-2.2888981243395388
-2.245877927617785
-2.1202570932542795
-2.1328597344706752
-2.142516136283997
-2.186242043566601
-2.1555369127893176
-2.22196137635207
-2.1068974148427326
-2.1241840917671517
-2.1707473853946655
-2.125028858904556
-2.1019743695820625
-2.2170972102587942
-2.0993217097366212
-2.1029561142487743
-2.1154399316070265
-2.1027113021136725
