Architecture: full
Number of States: 42
Parameters:
7.024720103840176
-8.907875635719435
-12.045452019686147
-11.726499143473946
-8.332472679325512
1.7510094570393615
-6.035194104090157
8.302909154494122
10.275273227829768
-11.358957629523163
15.0
7.215162770776055
-10.685781209797277
11.543282451047046
-11.759481787092088
-0.7485893167648805
-4.035569622820166
4.606586186119907
-4.410183912908875
-6.602950095139647
11.066723133997884
0.8347611167511906
4.140242193809599
5.44216909382374
2.0263936640306173
-1.5635783767582805
-8.242929740080795
1.654756482289982
11.926460255102327
12.408125526757974
-6.6838544369366035
1.2952090892085335
-9.313291059347424
-9.187511840788487
2.080371736277496
6.220784001465815
-6.912025965638212
2.619622559256911
9.57423959964244
9.528324132148796
0.4305677196121618
0.7005365634984303
0.545580373275185
0.4847509824165328
1.2293794967793885
1.1834419784152117
0.006071294005551557
0.9751037338993508
0.611648907884577
0.43275558375189804
1.611258486240698
0.34709008312380263
0.945449913472325
0.8314775875703987
0.36932978074313694
1.64159330420109
0.403451161469662
1.4614595240260442
1.108119405706314
0.47591148613981427
0.9390817195583816
1.1196013469214572
0.7618247666769098
0.25034034204462524
0.7563679333090754
1.462132537701008
1.1021812574467023
1.092956836395042
0.6704769366639989
0.4007504481133282
1.2814449382443363
1.7509298414933137
1.4676555544454417
1.2239218183109695
0.6542370024858364
0.8967359233824739
0.44848328654169134
1.7778225617075003
0.6084970086503987
0.9772040939363852
0.992824794453821
-6.754437313721075
0.4188510712076392
1.0399542530186192
1.1223284301860623
0.6982338689870224
1.1001748004981233
0.623079092272754
0.9440557538840281
0.508340013551015
0.14195891549768014
0.9279435529907276
0.40750333903349206
0.44718476200877505
1.0027236043511585
0.7608812884390416
1.4434088688856943
0.91126196226075
0.3913572423777631
0.014909507950631392
1.026802277872443
0.777629378652291
0.7363366732554897
1.246351896963159
0.5590484749743793
0.8751287535984077
0.32606065491075636
1.2067131879679212
0.11032785678015783
0.5376193592602972
0.585746481711415
1.0250791079806432
1.564020535410695
1.026355303262286
2.1498529577743137
0.7722620145730205
0.7607450985656707
0.5037058838637964
1.450602208133314
0.846909280919443
0.5796772809450236
0.20277914354000162
-0.9153921158926097
0.5066121769418985
1.8287640078023815
0.7028795304361576
1.4082299545442543
1.2312978723392782
0.4296181411583705
0.45953659834393107
0.8837584825940507
0.5271217938028715
0.8286025411474252
0.2614066428032636
0.5601208227425164
0.7894478748131717
0.12904593189219207
0.8967706708711695
0.6937637153916676
1.1797393031722325
0.8042973004875792
1.1123934840903895
0.5550195942659223
0.641451779986306
0.3842121345927624
0.7396713272498462
0.767713657560961
1.0883206702281965
0.9938571122076785
1.0630303687322515
1.0193226184885102
0.30179850411848247
0.2879556000003782
1.798238448111623
0.6796606646058551
0.7791751153945765
0.3695561236066198
0.8067774382215396
0.014989012726693313
1.6332567185148994
0.4845183275309647
0.9527528870065061
0.9432794012349145
-2.4405636992289046
0.9403318360730004
0.9038062067172252
0.6823178168099204
0.9409794140982168
0.7766417419528724
0.3197675900534276
1.0281246192054572
0.020714217377013427
0.23909617764611543
1.2770714317349365
0.0014912202870939611
0.039821281941068556
1.0081108576412303
0.36903373618326285
1.9850679911532167
1.083563347383857
1.3595233294001252
0.07210787594933313
1.5049860350840896
1.9336278068131858
-0.14706930935618523
0.9108988852735594
0.21733725170933982
0.5682921789580615
0.5881113330353488
1.0174060423660283
0.8498351312999681
1.1850691937542703
-0.08104683636199972
0.2897711926465425
1.3620852949048279
1.0507661711405203
1.1394139750777348
2.478181380208352
0.46419191248178454
0.8108706420387306
1.874554620138091
0.3629286481129297
0.113818559305265
-0.016492568530995483
-0.06806796718444674
0.35588989247926023
0.9699532483881885
2.4001247215805432
2.1194398822545155
0.2992316796669996
0.3814918921740277
1.2786518293690552
0.44555961456384363
-0.02428724238691135
2.7509247840877706
0.17080169496823816
0.4623325067733077
1.0953552900201806
0.32022043993438964
1.228877268231325
0.4979315541544424
0.6629955652013906
0.19163747878605245
1.4565026103622254
0.515991914217708
0.08291091328766065
0.5249151267603764
0.27805971636313376
0.6583280192503604
0.7008216760169098
0.713281691678814
0.7577992421988384
0.9640296297055371
0.48630611567728876
0.8045670140484315
2.072574651910056
0.23396122113192785
1.0233693838260118
1.0264917754513956
0.5609733293721131
0.5606482213338062
0.6989624694572152
0.21489203393640727
0.41550088863524215
0.5274808323001061
-1.1151511495819966
1.1498205468792826
1.1316455427411296
1.9177581761509348
1.114993008242629
0.49187811560759365
1.1778431390977246
0.740818922376174
0.6409011697392579
0.3383325135335553
1.5354137278191995
0.1723022749524561
0.5458059790545144
1.6065585768065405
0.2901755955792509
1.7759430389927124
0.6589135879328651
1.352057350000607
0.19361357687743727
0.28197041838287684
0.49153884617645294
0.4152548005732726
0.7069168853313356
0.22568824071662097
0.1257718931261098
1.041778107685532
0.8837458831221686
1.597528349191548
0.6818344099955157
0.7287138632267613
0.2146079738631123
1.683720802406349
0.4613697527121031
0.5720708756206142
0.43969067307792853
0.81961212956553
0.45281762873581516
0.6225091501089078
0.5437842557379691
0.451073777641291
0.6419142612366209
-1.8010445347855437
1.178726353883454
1.6404320304154099
2.2069873238816493
2.2960954057195817
1.1238203462524001
0.6596466726491332
1.319306270346213
0.22827260123393217
0.5379315485163683
2.0366082018020153
0.4766503363334895
0.4788871249056771
0.129605734978234
0.15801374543029367
1.931842361489582
0.34778957424130397
1.0328555641280872
0.3920498804217005
1.011174322445588
0.5301588117735346
0.8037768443979942
0.8246478717130069
0.3173396771327838
0.2974534091493929
0.47032349969282145
0.7197788552384011
0.21827881273734356
0.24227415253311219
0.3979207895716038
1.0402215052790562
1.5731311269434918
0.7554570411621634
0.6408807363534081
1.283973146055595
0.9064544118835588
0.37778039880662917
1.078202301855774
0.6416190905389106
0.29196891827919275
0.16539324598987984
-0.8307441425916459
0.9418930390745124
1.015026282964058
0.5718362885773043
1.5198406754691187
0.6332579340538333
0.7338313398807208
1.2214161094808746
0.8129169298679979
0.7811508884770637
0.7678670451168597
0.6176196159108502
0.8465679915533443
1.8522430095827265
1.241777053664506
1.1484443158211721
0.9138575059647599
0.40963600794475546
0.6456594278154179
0.49872026729153557
0.9738221672747719
0.6853557458693119
0.31876365746618457
1.3877353929374947
1.0467514630287706
1.5912993524882413
0.9877187054862235
1.7858964765999468
0.7526777113819931
0.6683473886990172
0.5697968398190867
0.9219117871784381
0.19828629379342794
0.7609131918601142
0.670330152583727
1.307062184896095
1.0230803010758562
1.3326598392442215
0.6082569148807536
1.3770300719404356
0.8140120166055365
-3.7810877530586966
1.6393832445292416
0.7626421501807624
1.2482673635887573
0.13703265510303336
1.1816982364429058
1.0368079685441784
0.4790177647133436
2.185953838588409
2.0194025901647588
2.135242278196635
1.19728598674787
1.202471809214184
1.0137985718800255
2.6428840999718277
1.722274161879847
1.0651264264779114
0.4439831659819561
1.4757271082171926
-0.2708750803452635
0.9484638759894192
1.1548329050333141
0.30031883712612517
0.49125660392589654
0.47975375500141904
0.30661640921077665
1.1118591582887292
-0.20966792408462348
0.7748424519171417
1.4379096240433555
0.8243745370692757
2.546493284381357
1.4318910254045183
-0.33402006157792513
-0.1608449099625649
0.6912476928127768
1.814895127443537
1.1232173430827515
0.4104953587630316
0.8721184488211866
1.1604430560295182
-11.788504837888748
0.8867910206293962
1.527885021996524
0.8328085608274987
0.8989837558554967
0.91232285962243
0.741539281119811
0.47083071756344386
0.13227783038336804
0.443220622158103
1.6320337545869754
0.20278925519940438
0.9286289180338498
1.4382193078795196
0.6862597980121574
1.3917758051767288
1.2296412332675035
0.31265026669370416
0.018451535507399093
1.0489225372456121
0.8468760642294936
0.6732224912596861
0.960247576021115
0.31428774506932333
0.4105137929894225
1.2574010741249482
1.1155436924224857
1.752559418688704
0.26275174709404403
0.2219555198616468
0.1638058125215336
1.6205010157469362
0.7936426003170941
1.4461009273206462
1.3536833290187344
0.8261866143835965
0.6067657405279405
1.1036338498613156
0.1841113121080174
1.0001292571952358
0.7541623565847929
-1.7037323564853548
2.111292502468983
-3.719268158108596
2.2580231338847234
-4.508937521584189
-2.1679326648553885
1.4671377566373676
-1.676592015194795
2.0409159798433594
8.160448491778368
-1.2412476433140869
9.518136416758757
1.2570934709911565
-2.1275856646937403
2.139976627008721
2.3575898427157576
0.04265910454032408
-1.0240581367208645
0.7861498710491934
-4.661559517344337
-0.5084979822498918
2.527785769990919
-1.8118923756030114
1.5383411861179404
2.4010486678438383
2.525690737143954
0.22773104302233957
-2.7788588800640213
5.501771990957844
3.080576488846133
7.507676004115602
5.8593421627119255
1.1709759597889051
-5.0303987495207885
-4.068308431992531
1.8739599684570243
3.368489038351888
-0.8257710554837415
-0.37893694074964557
7.511156346709816
7.630367953815911
-10.224333934475094
1.2166499283227479
0.9173317811494892
1.4229632109615484
1.5733729124042788
1.3020319613543576
1.2741718114726546
1.2495364750215
0.6712913915772184
0.8921186771306769
0.7186602208076378
1.0184602239142302
0.6894830334480256
1.3892034344780542
1.2848738720488706
0.8077874697648292
0.38813606928668715
1.106122548925395
0.6588801623442001
1.1453802825766104
1.8767063726206996
0.4553081887494431
0.7840607727799664
1.288993499963899
1.0203326040705896
1.0330263281655894
1.0918187612475585
1.7134475804754166
1.0998880048634616
0.5525766311896877
0.9990357706286245
1.7510998235452337
1.0414355277465865
0.7830691175545239
0.6581890443210319
0.07836755827081791
0.9993034859949952
1.4383171012155234
0.7892414231808422
0.8755049793683266
0.2556894965317656
-2.2334733947318477
0.46192281470110436
0.7550730660885966
1.3925001575409357
1.604953343280317
1.096125014400124
0.5795441660984475
0.4098769031316344
0.38383179670639234
0.12391006783027597
1.0517578636510094
0.8298935627409921
1.1117844083842234
1.9116940457142813
0.2167276657221921
1.501011503461865
0.39482560211322726
0.6283392266187712
0.992378791310215
1.0144694495750464
0.6443143846798924
0.2622523651831703
0.7429783661393431
-0.1292335450697781
0.27834885267364534
0.35380102694047144
0.9362303219240373
0.8501797496561971
0.5102424287047679
0.6211988896018543
0.6385329790554661
1.6309996882574485
0.6442025309463497
1.4083867028197634
1.8324868864119228
0.7795477798755287
0.31818038380011143
0.5692607456964106
0.5420897993835931
0.5399339957144853
0.8089605645633453
-1.2890998876324058
0.6806981437585585
0.26977759531831175
0.963245054395303
0.640615405352904
1.1161107253347482
0.9565258137158064
1.1375756023951213
0.26855879668074656
1.5910441751941995
2.200714846769904
1.5138763946184846
1.381864748716133
1.866360181725687
0.616919958546238
2.131330755405028
1.0804569010029372
1.161972812018941
0.5781267359812627
0.8238339121660901
1.4203411747533228
1.1003332473116032
0.3297747874156404
0.3973445508037301
0.21339174056001176
0.29922498953877985
0.9959999538716562
0.5081611218345355
0.287829457013894
0.506562274995672
0.2615776919916718
2.061664636392316
1.41194267641883
1.2521995152248966
1.2443670231847237
0.32034601822741093
0.6605088466959471
0.5836689745605326
0.7535011142607038
0.48095397310351484
1.540034250840122
-8.072951408073774
1.0860476053514116
1.7329179766995733
1.0098596189234375
1.6157243814326974
0.9402520676900399
0.6289833971064258
0.8738367777067104
0.36265220645515445
0.4623833101073525
1.1960348004599428
1.3215958260780447
0.3723321858349181
1.411206353947802
0.9439081678695518
1.7418311434150096
0.9502558033469828
1.238881320182055
0.4214474044458637
1.3647115919547839
0.624516430624505
1.0410003544372903
0.3933742635515994
0.4342843501672664
0.4103638532355508
0.6025324822359588
0.33361279086203316
1.4697765652185324
1.4173682574069446
0.632441544835188
0.790411505986365
0.8739388607743429
1.7710258017383496
1.1408548287090454
0.7459537919720265
1.3857349612727092
0.2583859036858707
0.3167100662913656
1.110987327218793
1.3246238038540938
0.30078624444800955
-2.18078502561005
1.2201850124771736
1.2181169754827676
1.775731675189832
1.9362820113402768
2.2525705420026525
0.8103958928909858
1.253335282188441
0.26181439903030745
0.868671500582978
2.611955858365112
0.34041198990089394
1.135480727678588
0.6467044287621888
0.4217444006914868
1.195081064062605
0.7821429826325785
1.232465119460923
0.4600267664814193
1.3224187607645812
0.9402749542692065
0.620992836582442
0.5082790438102212
0.743384480090979
0.642318005888657
1.0399152857742342
1.1070733736944462
1.4243695064129227
1.2169963128918222
0.40372671573637164
0.7291144644989379
1.5594498822889409
1.0709898376340758
1.8020507232087253
0.6455431181245661
1.1227823779413129
0.43099260312170273
1.733392268329176
0.5332875885226663
0.8901558900048854
0.6095134324563276
-1.0369723626478993
0.986981822145715
0.7172860707130848
1.58974043776616
0.9088550811966951
0.9886889350840344
0.917945673325744
0.5654943767464646
0.3813827286517163
0.45039134809603376
1.6109696909177063
0.2021597912280903
0.23848268219681193
0.46053366047936906
0.6675459886230926
1.8505328645245824
0.8648135919261598
1.1927709605260042
-0.04240879486369753
1.1105046621328563
1.1260649809171521
0.1908434837163433
1.1829743973309579
0.7659201714205853
0.45344206427181594
0.4685085221067873
0.570504263524539
0.30751675264662787
0.9334468365596084
0.32340373867942446
0.8665058668982821
0.22255778911593957
0.3513252704120209
1.9521256137297183
0.5511379704026597
0.8964538858131856
0.6721065073901684
-0.09199287999505787
0.3313832749471744
0.7013622085748301
0.6598789472369645
-1.0649566861680726
0.7401104237438267
0.8384211190362958
2.1407111699803703
0.6222074563826709
1.790889552750329
0.528239715199915
1.4290801982681465
1.0942115568965074
1.0184577767670395
1.5475695377716197
0.7124130928862265
0.7538875930729879
0.9515104570527799
0.7102683869592413
1.5841494417691875
1.0951889914150417
0.5107304205489978
0.40862325768453023
1.0103918124112046
1.0499677844500153
0.6937966846301942
0.8285394668536785
0.9589062624024831
0.6926663041523599
0.8132425875198724
1.141686854713512
1.2838808296054998
1.3576772748121309
0.5923291532842158
0.49110310069084634
1.8789384975454069
0.62873492202064
1.385949949200655
1.114546179246228
0.8388193234072504
0.9321684291933904
0.6439235248523059
0.8355223813469799
1.0118908470820653
0.3676856524227446
-1.5385984129831076
0.7232263647479172
1.8133722794288878
2.228632215221486
2.802889131742389
1.2563657336181158
1.0034473702916673
0.4115663906896695
0.30807366989032503
0.29659382529270684
2.160440056922992
0.025725979510424934
0.15425345632769402
1.3872009959151879
-0.05462381106148287
2.6894657484193507
0.09294736168894747
0.8274950083397612
0.02564848703589298
1.6024900910643214
1.1998828314014753
0.2291179712725843
0.6068692186549068
0.10220757350377728
0.12248518088139757
0.06782032822905787
0.8484734243651896
1.3460675672293776
0.6316273417915516
0.19651086670346724
0.5291280195585711
1.8442156180599993
0.30939643184607224
1.1912555590705332
1.6182160690648368
0.7940636766707276
-0.09682779571963052
0.6395065913109295
0.37228959610915663
0.455489525707654
0.03283329187947334
1.9536397398848655
0.3874045058253296
1.3907260145201474
1.2588411257277459
2.2637859361176838
1.6190988214547684
0.8654552505453881
0.944391438383066
0.8297730577963841
0.6355618073263221
1.258471296553809
0.48438195492546154
0.9583701848669113
1.0754282110362738
0.6238768309620549
0.7988716516404137
0.9739451611366285
0.35958215428889384
0.02546417593793157
1.1914319923889436
0.7875240784474657
0.6814708512173806
1.2270160386738993
1.2320709624507593
1.1106217672686474
0.9016782136254284
1.1254017946730654
1.7541922897528115
0.7641603027682009
0.7936176777003765
0.6372878908912939
1.4718572641191905
1.6423937131571098
1.8740316730719453
0.5664546331242202
1.3226753948693093
0.8829975010015481
0.4010569564934243
0.9192057900982104
0.1938108714635955
0.8690161754129011
-1.340888544656578
2.2133885208371074
1.0512158546912482
2.169557465264705
0.9479420975168179
0.1642711505139702
1.1263771376161218
0.21819502917888656
0.9893067771851257
0.5689024251207422
1.3139126667452423
1.9908917405995625
0.7849653100032279
1.2956008197826794
0.8522811824748173
1.5621686079828727
0.9439038772520535
0.9783262617143477
0.7394112211597281
0.1982793580559428
0.4996001871203225
0.4285956333725902
0.7355365208996395
1.0981306194077787
0.7450663621096392
1.060089492010662
0.8866633497721005
0.5188509781421479
0.25091685622137766
0.09292812595560168
0.9015851027947707
2.3012987901149002
0.9859900675353754
0.13061126472300527
1.2559962159371438
1.954382960035065
0.20941638877881733
0.9954886921008584
0.9049754323357694
0.1442773733329572
0.9752544426048537
-10.889835853129247
-0.11204097591130013
0.7428715558314455
0.14829711305813403
2.1836405989095216
0.8441263533135022
0.18224329990693236
1.2050027218485342
0.4141844084597784
-0.08765809574763367
2.7446100845656316
0.056793216559245074
0.5462055547133373
2.0908912886568887
0.11494449927849236
0.966204449021715
0.7850109546531121
0.23924478621896192
-0.221593693016429
-0.05491696289583674
1.0155767787461625
0.16717552400151653
0.37652817888891665
-0.14062818477350572
0.10178328793799424
0.9999086054063895
1.116211425206413
0.6428788046025556
0.5704196007396254
0.5355872764460032
-0.3937963048187
1.1761447621972352
0.2306298943951334
0.4947276824084265
1.4769886069946896
0.273931488154742
0.30983543285528886
1.1524064448367197
0.4778895278851576
0.47368906348642015
0.21874829333749518
-0.7884579591512921
1.0397851026247709
1.566968686951262
0.9729347941304833
1.8821367072861759
0.6222560346910901
1.4214191832964236
0.5633784029931656
-0.00957846710722507
0.5201942619402018
0.6630115493415214
0.8180359204056145
0.22716054540542432
1.3174250248121657
0.5338180011264955
0.6002713641057584
0.9391722624414051
1.2978417333557448
0.4442880002713003
0.9526683714212938
1.9426910060654867
0.33288375204204784
0.8003345311692508
0.9142446022059273
0.8009371959442553
1.2750150629302661
0.09412587294008584
0.8489108418488759
1.0123796716537319
0.6891645555146592
0.7687870596293578
1.431025462801978
1.0675967126176436
0.4620506813635048
1.558840024486937
0.9003619950339067
0.9004479893159282
0.44603644768802286
0.11337819017210371
0.8686135431128882
0.6323458683373407
-1.6631846090614661
0.9797890665058216
0.6608391439909936
0.8470769918997932
0.8327258617921087
1.5897298178056065
0.037071524077164124
1.2261114947527256
0.49785207999232894
0.29800606232768256
1.2619698942283164
-0.192253770261883
0.5527837090335277
0.6734379538184441
0.44833697166003256
0.9583499856066897
0.19454588628180103
0.29109488425871793
0.18736681275905953
0.6543995088117731
0.4882524679943881
0.42767688120479264
0.1335970912785766
0.16953103824313473
0.1273281680803991
0.6338314287925589
0.13595157972900634
0.6072682198813284
0.07683932593828537
0.39198275352021006
0.1418251918964109
1.7540329716370922
0.717449541187584
0.8048731877842139
1.2585510728274953
1.1420707410943898
0.4280565103633277
1.420136564147437
0.8824840274276992
1.4586110227471802
0.47724558904369807
-2.1094262574755396
0.9937522848984093
1.5668975297786663
1.5065232580285943
0.945290520890425
1.411561665161479
0.4960465259232436
1.2146758242909006
0.11025653550068987
0.7141594625350793
1.3106614584774194
0.4647567748337849
0.7593918333081222
1.7394688499444122
0.5344494325680647
0.9057169961037078
0.20634807749078576
0.3694255681973266
0.5726571616462173
1.037866302587729
0.7885734985255064
0.503288407312642
0.5786463978509698
0.20813115795413809
0.8920501902339284
1.0675097665378386
0.3420355806274656
0.4470557244702609
0.6912559406518249
0.5888192157432642
1.0299127426060948
1.6404112718249273
0.9922124172269585
1.4851360787717782
1.2249464639783438
0.8108954644374723
0.6362264592330305
0.8078750520178469
0.43830799342926696
0.4684976115317679
0.5728182659555022
-2.0246790623853927
0.610415371121354
1.3041778132571604
1.3091560456976754
1.4878968859809953
0.9848555499649899
0.9491286745780115
0.7967520895140847
0.4438261558382482
0.24772034139104784
2.0301925807599237
0.4440348468755466
0.9006042157562385
0.5253721153164377
0.7910087657878476
2.4371487536733922
0.8854459529546408
0.9746689248718778
0.702333470736828
0.31887953030588934
1.1609659064409532
0.5748668248842604
0.514712771283348
0.6452174851709015
0.5643188004989117
0.6169489012625378
1.205088772998943
1.284982531401643
0.37243227192855993
0.7525326960081588
0.3949105216284479
1.0227646633080074
0.6719193204841045
0.5962633028877233
1.6434166031207016
0.9234999928872718
0.10595387569359038
1.3575472905440213
0.9004091707906192
0.5797761143148522
0.4552788279494566
-1.303662461115997
1.2664118265360347
1.353353761756447
2.741097998956272
2.3394670694781827
1.2746429604009344
0.5390775525070065
1.3062992863380645
0.7582366826757775
0.6417774259314315
2.3658981063410716
0.33758792102734286
0.3826082753852474
1.272846510033061
0.9997915161786071
1.8856533567486606
0.9703098642574463
0.6292801566069757
0.31643134815868385
1.6484375972566796
0.9968797095433852
0.7253633697280081
1.1457647504546715
0.1885738352614556
0.09333443733216588
0.8728538430075853
1.1649230154040644
1.755433007718871
0.6015489808621024
0.44718514299763923
0.49834794773955027
1.3263992730215954
0.6058244300269691
1.3000142453658892
1.0832345565944101
0.7865622620323877
0.5406016770853502
1.0562449580267599
0.5122169192129998
0.8075610187902423
0.17585907637769738
-0.4489758309797893
1.2332253413393865
0.27735255539728776
0.9422534174874984
1.0478991705578027
0.7070820795644791
0.8694315786638305
1.0854566009560522
1.0369151984749836
0.8664131774252857
0.6160296714875929
1.270010469585844
0.3391147331539283
2.0083108663268274
0.9492470370776512
1.206186918358758
0.9157052797711611
0.917564549945964
0.055877553029204025
0.6983343471113933
0.6366709784560146
0.9854765978681654
0.6879936617830703
1.6057506945628672
0.9808078406860996
0.9957586195453768
1.1000708449331456
0.913848377818835
1.1227422905166202
0.5069301653980292
1.4104969500604414
1.5018124483827417
0.7832512122767672
0.08612169485179245
0.9979021077831478
1.7859151221391607
0.3776835180419264
1.4545732162105949
0.5005517295302118
1.3167629377781622
0.6154490024984202
-4.3748847422701305
0.4604989599799853
0.5769846756783817
2.154033901011448
0.14662898713112485
1.1331736228611424
1.0479488280798892
1.0202613510323393
1.2282095884515438
1.4583107750414077
0.6396552562898674
1.098121525444692
0.8727783146155285
0.8109674177634798
0.5487974877352896
1.9967273384349968
1.2552795204955485
0.5259079245269672
0.28497450514304634
0.5734302715901778
1.5973357621329463
0.5459342192416561
0.9799149973175333
0.7812793416187895
0.16630406967575626
0.9329850584895968
-0.3089196870797661
1.0746087750790712
0.21759180510120454
0.6222759049506464
0.5765898047830379
0.8339394184512877
0.9990486734502864
0.37966966153241194
0.8887273447712916
1.0985259669477814
0.884470362737647
0.38621465424876866
0.9530128850756919
0.505399889577131
0.978934489431011
-8.073450831813092
1.9773299131050597
0.9546475972121603
0.6835259376699858
0.5789318371999114
0.8404135164020852
1.5960528248428503
0.6372989372089227
1.7610474470141724
1.3367469943449062
0.6660314127594243
1.6800453180338266
1.7305759070465203
0.5596926363083985
1.8490808909309695
0.9437992150440573
0.44687173348613574
0.8918490722068078
0.6342018078138089
-0.10374153783214046
0.9470773982009789
1.5420339053163254
0.5955360017858039
1.1176440337184614
1.3133160696456305
1.1623479044823122
0.8399770446822735
1.0237497561164035
2.48469249803289
1.0249432880460783
0.8030760714329361
0.9135111913285983
0.8630742235539239
0.28516540429917525
0.6992114707186119
1.6224115419889067
0.6268862022862463
0.6724616823263885
0.7215711517554845
0.8254235628117952
2.491945499573447
-11.919531729695443
0.25533997262080343
0.5832477866988259
0.9188394560416042
0.4926649537700925
0.8058602106813394
0.40817667052470175
0.30016629468535294
0.8357241813687596
0.922572010594262
1.2560979372578074
0.12549378670803177
1.2797469231532232
1.5824339592807433
-0.008376038367843772
2.422168361707074
1.035132856287425
0.2756416784365077
0.24637351338899374
0.9948538208261275
0.9051919717932413
0.009766826466904674
0.18444814836091178
0.6574686990666763
0.3733224724689783
0.45637672845473787
0.8580263736216089
0.38658206923077326
0.31647849932035294
0.8756230692731921
1.6995293311734425
2.057679715760049
0.680750864353073
0.9522734310077892
0.9315224937180198
0.51106263358294
1.1653699190279652
1.9735230931723227
0.2963964165313253
1.1623297760732851
1.252464122298071
-4.861742344156222
0.007377544708937006
0.6348258571964377
0.5670408477283932
0.6526468516513527
1.0010456309801268
1.2161150792076751
1.1544383915635725
0.9404835882592506
0.7506007089621091
1.3936779394012286
0.31845670560504147
0.39502990548871614
0.9393233732680476
0.4063494986145152
1.568877161820113
0.49349051936239086
0.7886385349486164
0.7604471981820896
0.3170996823332009
0.7969312299415625
0.4345730309330012
0.5348534592068818
1.2405324144783405
0.3840085676433472
0.7028188035801504
1.3208499855109321
1.4473157960259224
1.095710384467292
1.0456206371749515
0.27518698986417833
0.5810099684811696
0.28877365060747107
1.198315000857548
1.1475829985614578
0.8383264268907797
1.0020701284410136
0.9328593103395324
0.5071398113169411
1.1515633359493291
0.5866527887493883
-2.161587736924106
0.9717448925214744
0.9742050375783393
0.88624644263204
1.681287331070027
1.5673808248497696
0.7409266414463371
1.3318004182821124
0.28691886676207273
0.5412401890907423
2.5744961266615567
0.18666620104597134
0.6156876766541136
2.0379240411140853
0.11879046824964867
1.6333677756297962
1.5792552667886044
0.8088813474998795
0.454838777537126
0.9718097856225852
0.962349836327882
0.2991214236790451
0.3983631013510135
0.8704526938234962
0.4200533774556202
0.6030558804733465
0.8195015265908662
1.3934898160572522
0.7839932790933383
0.23136429011294554
0.6724647730897095
1.3214373923788743
0.9145879673877788
1.4856318258059675
1.2239832434971825
0.4486863334386205
0.20803862262343667
1.0357419815947617
0.7013951157234916
-0.14057897769165412
0.12118827412565443
0.37987891227425424
0.31960345645978805
1.0610949884271825
0.5259942237938428
1.798369086674957
1.052372751265556
0.7567931994522082
1.5985861362222884
0.9011446427028018
0.14086167061886198
2.9000574201059424
0.446052126799553
0.8962307997645922
1.9083070773077626
0.23067095696196308
0.9841743754890371
1.2203966194457143
0.8757267672478071
0.330755364012659
0.5159409865394864
0.835411437263008
0.251193648643272
0.4637858932369879
0.3071760773960061
0.08561899809728159
0.6686233205158797
0.9381582506516539
0.45096434653502837
0.6412853085030251
0.09157539541353751
0.13849773212871727
1.5613624582184795
0.8650807695255951
1.6147430434595722
0.5272912379585663
0.6840888579201112
0.42661976588023115
1.4697322502968877
0.4058931894066204
0.8320215618097888
0.21558476795684373
-0.3140258618677239
0.35938331729368733
1.5898376597430055
2.2985938898973974
0.7313873580268252
0.7210418165901278
1.397245488902797
0.9512097670955897
0.2537628089158033
0.43908193185221994
1.9019971744613149
0.9555050988898902
0.7578312717866563
1.345265514084573
1.1858720866127939
1.6264708432860444
0.8462802897450543
0.3410493273882663
0.6407931286553651
0.9989200962023982
1.5161710162841906
0.6606253557337866
1.4123830258118708
1.2176134377088506
1.30089731061975
0.9604450773095483
0.7034164519146308
1.0772689182280046
1.73752272618616
0.5927452618950836
0.6678723808977779
1.1060470953355492
1.58654716064212
0.8445908303479438
0.9483590331170302
0.7216816145707067
0.4910698836602501
1.0420376668388314
1.0985496233205283
0.9597994742879933
0.7913306837029543
-3.4010165324598587
1.1442720452940114
1.2434358036560949
2.124028170231914
1.3468339683408272
1.1670177411904243
0.5127306879299347
1.2393260251933702
0.629912634602971
0.47148927499518994
1.1258834968978102
0.39934258276745294
1.0373845763583749
0.5308501903376384
0.5887672438855556
1.2478965835787603
0.5729239741587024
0.1696532291194516
0.829631389260165
1.1568669963321447
0.9491818133461971
0.4921046613389103
0.7426020716987901
0.2834924266426958
0.3743649486116889
0.6275537051279808
0.5717230933726833
1.4244252210109385
0.23864748976614247
1.061638106940673
0.5701303833991145
0.8456572675152454
0.7726149394380744
0.3263188261157458
0.41903315179154116
1.1733693530206886
-0.07236806975170469
1.1479910945986957
0.5335228724454828
1.328913426568015
0.9144734305691236
-3.0628471475186636
0.906548341691223
0.926641588990993
0.5451606848137205
1.4589153863426112
1.6908183436826865
0.367577134782025
1.0850121290469814
0.48215651295374223
0.9223184783428316
1.1871733579384347
0.5593166863401013
0.28113562625489696
1.4890040565969482
0.4693843694798796
0.446394625833499
1.12847787685938
1.0073271656791225
0.07388928352332462
1.3974419063213082
1.0973217951780911
0.4183689199203784
0.3373358456292259
0.608730482840459
0.35023907933836584
1.2698204360431953
0.5138353777303796
1.7457077116153765
0.5315578050419615
-0.005591997608433909
0.8926535300710602
1.1582117738398134
0.62520132947913
1.0968047041320972
0.6640742093483865
0.518950129839599
0.23259173129529875
0.7331570138189721
0.4081054856811145
0.5560741516333048
1.0959257909251185
-1.7565503970843328
0.5199839551776357
0.32219336909422513
0.9701507882558749
0.5732881397518789
0.8143184447455722
0.2645541659019793
1.023723459020814
0.28892487883615814
0.27344774379745634
0.7952262817226854
0.3719019052514305
0.738587607516303
1.668487936049937
0.5106272956476773
0.9703708516890562
0.9636623215502705
0.9387363422721595
-0.046330579649988934
1.3917112558505094
0.9121063905681203
0.17195683192702926
0.9627586727847537
0.7800474295794377
0.7860090073802658
0.66833283421071
1.1628543179593507
0.49826226580121946
1.1752092094854634
0.8173344740690023
0.5162319365773906
0.4206229798530752
1.0837799949709674
1.4994356639866344
0.6592193108065582
1.0980505181149547
0.7256565329805337
1.5983464902945088
0.0358330154681919
0.20258327263760623
0.8081848339399386
-1.5886774953156564
2.74402518619784
0.7842374955837644
1.6845273749856067
0.2103220771512833
1.00678517786012
1.3216937141565548
0.7234536632494823
0.8016709114204085
1.7932415906903287
0.6102211812239824
1.4237178801884467
0.8696691442431397
0.38243918636661023
0.8797296722222943
1.0856872458225126
0.5442241282390751
0.5646288639424104
0.7660485983381072
0.03552208229156184
1.181931924250561
2.6991487451800946
0.19360589958084257
0.6987038773668612
1.2975413147342254
0.601565582981612
1.242549051920644
0.7395127377478916
1.269908927487841
1.7123177886762337
2.9835743157333896
2.3668486484330815
1.5775165688941903
0.2569693034889161
0.2570291690044459
2.3555453321249247
1.1202031462350024
1.8100001020711185
0.5694502910621493
0.7995224850283023
2.7314616495560666
-11.23415572529876
1.7542649266779502
-0.8507066540500168
1.8969090602510343
-2.693223086862929
-0.6175967866042034
1.6128026226240693
-1.0803820301450595
1.5769548522661376
4.0590455016870255
0.12559424884948373
5.943696531855462
1.46061659915746
-0.3978887099894679
3.8742540427543357
2.6528250127464985
0.6426953319825495
-0.5025752849865586
1.2039205782318545
-1.3014873878511148
-0.11793811591183773
4.647819594931404
-0.3597745851990771
1.152308072047111
0.9920506270540491
1.0696936028192066
0.4369277814173849
-1.543971191385133
3.3455972032520434
3.27047970288511
5.4069957120079275
3.4245141319306507
2.082317617218003
-2.323089170713984
-1.1641138134152857
3.3652345991724824
2.5248065840193354
0.22668704357892455
0.1204694324534814
5.91292924954916
4.886050706734287
-10.01783185814074
