Architecture: chain
Number of States: 20
Parameters:
-1.487577962396531
-1.4875780445376676
-1.4875766212195518
-1.4875777836284552
-1.4875769356738295
-1.487577286464126
-1.4875768005339818
-1.487577169931847
-1.487576698051163
-1.4875797684782792
-1.4875771947112522
-1.487581757558902
-1.4875775099284911
-1.4875811201496283
-1.4875775261826039
-1.4875813077349338
-1.4875801079236168
-1.4875836746276512
-1.4875899522159022
Architecture: chain
Number of States: 20
Parameters:
-1.4875777809244235
-1.4875803643270762
-1.4875811427548713
-1.4875792135416768
-1.487580627877257
-1.4875796728205832
-1.4875790946902858
-1.48757832001149
-1.4875782963101452
-1.4875823245048172
-1.4875801049816884
-1.4875818137653256
-1.4875778911907724
-1.4875823063522018
-1.487580851153554
-1.4875811492189948
-1.4875812728051725
-1.4875818714311515
-1.4875816263838446
Architecture: chain
Number of States: 20
Parameters:
-1.4368170346434266
-1.4368180763985372
-1.4371996601188861
-1.4372029257555956
-1.4368170820143498
-1.4368171573343311
-1.4368170469708528
-1.4368171976694548
-1.4372008713807733
-1.437199610276832
-1.437206390603993
-1.436818416299752
-1.436817376470745
-1.4368173551801455
-1.4372005131842147
-1.4368176677653814
-1.43720751757022
-1.4372075535680042
-1.4372025715499548
Architecture: chain
Number of States: 20
Parameters:
-1.720662442064594
-1.7206610437138095
-1.720668222293441
-1.7206716600600018
-1.7206634148115936
-1.7206630280262805
-1.7206602445088726
-1.7206678647298943
-1.720661069511687
-1.72066836019414
-1.7206698103760387
-1.7206636141229255
-1.720660959297119
-1.7206632955657022
-1.72066321985521
-1.7206632771805634
-1.7206686559406748
-1.7206656028997058
-1.7206657098774742
Architecture: chain
Number of States: 20
Parameters:
-1.4875816708397973
-1.487583207726879
-1.4875802785143957
-1.4875800484746413
-1.4875813267281035
-1.4875812866109246
-1.487580749090301
-1.4875795963682765
-1.4875813683095316
-1.4875814372363407
-1.487583026483059
-1.4875802326648635
-1.4875789709802933
-1.4875786601267051
-1.4875800529290462
-1.4875798600214007
-1.4875829313564732
-1.487586095268269
-1.4875856729445978
Architecture: chain
Number of States: 20
Parameters:
-1.4875592352011169
-1.4875579707111304
-1.4875614672827422
-1.487558008672846
-1.487557852675661
-1.4875577552944717
-1.4875599520023486
-1.487559448131393
-1.487561112382617
-1.4875588910261048
-1.4875587865013924
-1.487560981113019
-1.4875574707845058
-1.4875605828796474
-1.4875590826740113
-1.4875573716355803
-1.4875626498040604
-1.4880156793854031
-1.487564236293132
Architecture: chain
Number of States: 20
Parameters:
-1.4875811949004896
-1.4875810461351286
-1.487580848390325
-1.487580375386797
-1.4875800007193587
-1.4875826615673877
-1.4875828072151625
-1.4875830979651181
-1.4875801542347298
-1.4875796205054876
-1.487581638611092
-1.4875799080814862
-1.4875832572422838
-1.48757978489841
-1.4875817457231109
-1.4875836726567475
-1.4875824916517488
-1.4875860906941711
-1.4875856639785607
