Architecture: full
Number of States: 8
Parameters:
-3.3252892310429862
15.0
8.969589315966592
-4.1377508777961705
-4.659923399740745
-3.928830321828237
-15.0
4.486383315521189
-3.391462352765692
-1.8534095722235084
9.76362312339969
2.9888945562029408
5.436656089082053
-7.817238327912707
-3.0145707238368424
15.0
12.681677742582233
-4.3569870461996
-4.837037165226365
-6.6112325308217335
-13.833897040227283
6.141731924290621
-0.2838216979386513
2.9952464273085653
1.5552803819350525
-0.6765548959078748
0.8020503853049278
-7.926810977604417
0.8568891778524486
-5.200480787689737
-4.0561205455773495
8.186878478865248
3.485330360488917
8.88490962155872
1.2345995940894563
0.7506631552067914
-8.179673033776023
-4.6121250298594685
3.2837884328145788
10.395447398584249
5.471893459493461
8.105285345639933
1.8671066034803638
-4.467791857898555
-3.489288642745566
6.164728223390057
8.002757963330128
2.9105164861270603
1.1071791728578986
