Architecture: k-jumps
Number of States: 32
Parameters:
0.9692713473668617
0.9317281815684554
0.7880486395649127
0.875035511381962
0.9561386598090393
0.22581176028838512
0.430190127700787
0.9011510168317635
0.8623878083785826
0.02341379631212248
0.17666437558045278
0.8611605991778196
0.25125273493703704
0.2548715169556962
0.3928755421086213
0.8232916798394547
0.31045994099181784
0.25054425923532675
0.40222239679782534
0.024055238494532394
0.5424418034576878
0.28757887208477817
0.8828799059660993
0.9175730036507582
0.06982627343902181
0.538714440095988
0.7790164890550899
0.4665399073329237
0.6823302454887323
0.13514256072761122
0.8306256930431489
0.8358526043230391
0.9702723208727924
0.16034552961737902
0.26498810434269127
0.25930194500161574
0.004707997383041951
0.4288837181673316
0.8733788620621279
0.9985382710444197
0.357122803736584
0.36342974819089713
0.6210023289979753
0.679109702311976
0.25727357095024506
0.7582825819398616
0.8827843624621596
0.3564300505584287
0.9568639117038722
0.2098969548988875
0.4245261324368499
0.8756818352289212
0.6224977239025307
0.09496642518979526
0.617772146478588
0.007869290069210555
0.2087108576435701
0.05711292208420693
0.15083875610277686
0.5753761091712865
0.16793514106762197
0.036416056902537575
0.731490060329305
0.1813769770147886
0.30675414782275867
0.31407572696311337
0.24358015843368097
0.6722760064146417
0.4628191145196199
0.5064626802513925
0.36777724239832466
0.8940187209737543
0.46838038207772403
0.8151853724825335
0.21301980963680422
0.11025442821870979
0.8578348746429688
0.7825148200628945
0.5187097666627366
0.1338883339063237
0.7378414753990735
0.9629671048136259
0.06136966750688122
0.09893664345793285
0.24660867592120572
0.08332489241752428
0.31994770866616506
0.9017141454396855
