Architecture: k-jumps
Number of States: 44
Parameters:
0.6742983115173758
0.8430699181143506
0.9649669769728546
0.3294752164164716
0.4311432430576623
0.38396251179334573
0.4905800598692568
0.011682818782308924
0.6301673602577673
0.17034365347167657
0.5339194676951765
0.2878686824772574
0.6288087740836841
0.883371646680495
0.9921052888327704
0.6361863158473827
0.31416551691343264
0.32814041976182007
0.9139076924387304
0.5658140124397445
0.555592695133526
0.4744264117172077
0.3677408156131614
0.5649186341910293
0.3119316231816822
0.15091627530462992
0.2617047570486828
0.9594723685621782
0.10509818483524325
0.7229711429804653
0.029509410671570868
0.5205995282782634
0.14470165609207275
0.4542416268863282
0.7332145209673973
0.4149263356016418
0.6324945217470931
0.9204381799710423
0.52304312586866
0.866641840241147
0.742572485555495
0.33549275527661715
0.21236600322316812
0.246594126327087
0.8600658685156367
0.2966310140779287
0.9764846706193943
0.7526113663231515
0.38729024034539095
0.18976736055336008
0.5814167780533152
0.6828089908945074
0.6420978135080263
0.06618321374693026
0.5941512730704543
0.22697340693354617
0.42412513416881314
0.51709156365388
0.389898177051478
0.2710008207233785
0.696823305253906
0.9191114663167719
0.8078330444800182
0.502431241476505
0.8276294872090627
0.6967684259293886
0.6537383884689016
0.9282044992051929
0.7473770671011597
0.6874310468383723
0.2228590879610407
0.8703935500343613
0.4817702345283541
0.28403873758245335
0.49122298972431444
0.4396813032373731
0.4149611822584872
0.9234217522593938
0.35234586461872675
0.21228497818894387
0.882160588563191
0.6937838299512469
0.46253728073784317
0.8069694215647786
0.0951154488575583
0.42814867288554537
0.7314099003398941
0.7462500209697763
0.8044886873560977
0.5557597553107171
0.2606609472474193
0.48458405291574524
0.1749815447085019
0.5444509097683635
0.5612791532227611
0.8695851048445005
0.8096554096977087
0.4634278609489557
0.7463833971526084
0.5737806004662231
0.12266793580988977
0.38939501625009343
0.11300006119642725
0.805177573926937
0.9240382915604839
0.17271275586911272
0.40748679455171033
0.8206607702559182
0.923283023031031
0.9704734026409088
0.13348986194750845
0.5434093343783012
0.3960000851984755
0.7311613238750111
0.608173903627416
0.33312208833759194
0.6403234461904478
0.9088606969477315
0.32938093895070886
0.02505140685422469
0.47045679917806094
0.44374004709277826
0.17162576870169366
0.777253864835917
0.4974857085677792
0.9422464660571928
