Architecture: escape_chain
Number of States: 26
Parameters:
-12.04948718004847
-12.094676000841034
-12.137307873140806
-12.140448445816155
-12.128915131931496
-12.071548069327772
-5.53414152054807
-12.105090567266748
-4.189593932309506
-4.174953060740453
-2.9382888991654528
-2.477691862645384
-2.3330329634933524
-1.3930658752862144
-1.3871609209594324
-0.6550969688240494
-0.9649427108920817
-0.5533318664608518
-0.101537329404202
-0.09073129037171108
-0.5879095924570973
0.9925496342101852
4.407569589881405
0.5823030360965114
0.0959363828198232
