Architecture: full
Number of States: 34
Parameters:
-1.2677928384021517
-0.907169747154016
7.301047340810296
-1.8849047007289514
-4.395290275189286
-0.5928009481577251
-5.505837104460341
2.2579583486015995
15.0
1.8083038223214716
1.4877681442077884
2.3296913352065944
7.992674957838417
-5.5387997824630455
-0.5537673203337212
-2.4306347016189918
-4.995655208609315
5.661661334224277
-2.1733957498982974
-2.8934413261414393
-1.0853369873766865
-4.871528920269458
-1.4223347287279569
-4.53958913758815
-3.5853922000735903
0.11981605022891285
0.1600009809808798
0.10576344886085595
-0.7687166586817409
-2.9078743325477427
-0.9364858978028611
6.201222273791978
-15.0
0.11470799574004859
0.889891147849125
-0.11736120579926312
0.39978055870415424
0.4048162050546496
0.175281687946214
0.30159951490961845
-0.2221463861197747
-0.3095317990432067
0.2016535925828164
0.19662329449086316
0.025727926091491594
-0.25386291487978313
0.6456180882567024
0.5844945692752046
1.679452725192496
0.9779765631909989
-0.37029960757782676
0.32523919989041833
1.1444790222352306
0.6322680377825538
3.266060139487957
1.2119693137544008
-0.014238510800902437
1.174628952322658
1.4911679185444067
0.0686346216576382
-0.2482637248143738
0.6090386320945956
1.0088173459066727
-0.09523275924420492
-0.06760880368214676
-0.7667363871521292
0.27335092216479634
0.8644785380566374
0.02164293859632499
0.20767560944376362
0.5597459994995949
0.28183339437041366
0.9653846098743891
0.11993754441308396
-0.20980334954476987
0.0046471849698174385
0.2780707775351847
0.10151596788671977
-0.28897202051056986
0.7059089154096355
0.9445336548714969
1.768219876951556
0.995793617603177
-0.14730378330436306
0.5994105157865224
1.5834236071243604
0.4645158254654383
1.2670766483695037
2.8670846820998768
0.6792693179535442
1.5390988521012798
2.69635887039123
0.243957527938029
-0.15480192373511623
0.8381612177742211
2.195448930185602
0.410131557011605
0.01103460615678458
-0.09687365498812373
1.5021821039378436
1.6974345917657905
1.6454370618534597
2.1665240671467316
2.3144558674966955
0.5845726360217357
0.948562282116706
3.6198283415356434
6.459835356806932
1.1606007669520866
2.3646995482807487
2.2631709877372663
5.288528053727541
-0.3473457557223084
0.16575943127821713
-5.0192937979241385
0.19360038927042572
1.569470194396515
1.168825256119242
-0.9850919262943054
-0.47069477777152474
-1.9214413032414288
-3.1145068431128458
0.8628312732092185
-1.4500029241709307
-4.4111591982359375
2.831982821602776
0.9816984706920631
1.1114745646438087
-3.3596876782755065
1.3002844129252318
2.5174803542331934
-7.716664433477847
0.09123176855078205
0.05323182861056879
-0.23483022601734918
0.6768316926228324
0.23550774081455073
0.7409785018271142
1.1603150009890772
0.09788620607952661
-0.12562809416385465
0.310655826603005
-0.0959580925917432
0.08255994050271068
0.2605496936090968
1.505438696862722
0.5255610311244189
0.7918847551764835
0.7701976228781019
0.00016440822945297875
0.794164681641465
0.7227751609927701
1.3116392644139139
1.0826723414432156
2.133494920958193
0.3549110154452701
1.1080387972384371
1.3338788875629266
0.2961717077926932
0.49173291433189886
0.6091262641679615
2.254740406563379
-0.03945614549889591
0.007490421052584223
-0.9680396966203604
1.0056125523261585
1.3389797633002045
0.467147828723494
0.22074586572931057
0.07213945948199343
1.0637724238999
0.7135622517399385
0.774137215883109
0.7567661081426948
1.0202296411393552
0.47176261774832934
-0.001593235166446434
0.8030204642200517
1.2913319123565143
1.21449129066966
1.5585031024622666
0.6748560032874391
0.06308834296523291
0.9206935603287083
0.476091677724638
1.5092714977942094
1.6709823082043171
1.2586013892870604
1.1343441508736596
1.6010685254659398
0.9975596108555185
0.5097263710394757
0.4919980081446814
1.5722482679792105
0.7558143710443547
1.158990034378047
0.29733466653661655
-7.4098564557562385
0.2977388292972776
0.005517037047557457
-0.2062899909486425
-0.1598908470516468
0.3361351505829669
0.43520302887713075
0.6595430311270867
-0.3087206069582446
-0.3825965534698276
0.03526466638580213
0.027990958946207362
-0.21569053725698262
-0.035644202176632896
0.7551508302178601
0.47797479200437426
2.4874575310383884
0.6689132551332204
-0.4136070759107036
0.6680668748038249
2.329164541279036
0.383205381158072
1.0585136176417382
3.710053826918499
0.5132147839085358
0.9699622698432917
0.9721674259074045
0.047715456518994656
-0.15122239267039495
0.9918040465542622
1.5814726637809384
0.01568517133024019
-0.23800512182327235
-0.5001346273658499
0.08717420757594885
0.10457983337540454
0.013483391553925509
0.11662029804524178
0.3169516325681816
0.8106976119149516
0.14728201844718822
0.3396194348054606
-0.1461309848207973
0.27963042695628304
0.3531978429133509
0.11898805190092099
0.40203927968641934
1.296886194557663
1.2321187641135043
2.689146667596914
1.1630979622230726
-0.06571802046076045
0.15551671805643924
1.193258239818342
1.5491569630819333
1.252728365404994
2.238547633016203
0.3546823565923087
2.1261748907624103
2.078574861844866
0.5583760590841446
0.2447969444749947
0.6198401095662002
3.0119191929176043
0.010079803640803344
-0.050235657969234536
-5.761496666930493
0.34586818375616823
0.27211592766763626
1.364697933245522
1.274984524565618
1.2242906281480974
1.6545821861059926
1.4694600354817144
0.7766882280194792
0.6282304106981541
1.1721625530920474
1.7763474408967121
0.9904687908716985
0.694503650931731
0.03742964820507907
0.6504051671976169
-1.0017998474690466
0.8327214207919144
0.5803765042595994
1.0815380957501592
0.7257541684041504
0.3577887958177132
-0.26751238157390494
-0.9023773065127536
1.051116736941084
-0.06859282850090112
-0.5201044803524089
0.3738333642784647
1.0838147921850771
1.346437480421148
-0.5766084754150899
0.9668644534952945
1.0731935884088062
-5.1936138591049765
2.165312423612674
2.2134308949485764
9.837009255130605
2.630160541673496
4.603895050850999
3.6506473684342735
1.1225564378263022
5.2740881397620525
6.831840953963764
5.186275491817281
3.4611467611652653
7.551042228262018
15.0
-1.4134679515595208
-1.041687157065263
-15.0
-0.03372749672378233
4.603365422826945
3.953696736358823
-3.835503971137479
-1.8445857694926144
-6.86372434414059
-14.771492938354783
1.6961048169694966
-4.298501302851356
-15.0
4.32408613658378
5.416161001460131
1.0877144070907923
-15.0
3.7042714196948565
4.13913886500857
-15.0
1.1768871520200412
1.0350738596424636
1.247572880590475
0.5354108859195796
0.9425231318349622
0.8649464011614449
1.018546299289036
1.1648365424506413
0.24144160552840546
0.26418462782100843
1.371187581656164
0.12564168887657617
1.2304003935099281
0.24715613804721615
1.3167838182316456
-0.4211173076709303
0.278893641490967
0.9700823349121461
0.7807184848367528
0.5056573790720882
0.30358344723779584
0.25623729844981347
-0.4756905216772584
0.25762404041503056
0.919619540880244
-0.0884658837310789
0.49626800008951216
0.9531570094679426
0.4910544140278484
-0.02325324788924404
0.390117341787937
0.67913450340092
-1.4357205225765328
1.110965981973141
0.4709260721562837
0.6665418290071305
0.6114218078403664
0.8607347534625194
1.1136333742206963
0.3122360763228636
0.9099104941904329
0.9311431317680979
1.7687621438782142
0.9126103814301069
1.5477322439823171
1.055408174394505
0.604756310876379
1.0089724204123238
-1.3162765787125845
0.1797786792043759
0.6937207808126117
0.8498266957186897
-0.13409071239091394
0.7288939757589515
-0.4898137323489601
-1.8150793309737674
1.32555098326765
0.24405216916385958
-1.0906023519263086
2.054224165398579
1.2580636217551293
0.8441512035738995
-0.9236100525589147
1.8925806029580636
0.999543589683887
-2.401224632321411
0.0888364314313112
0.14532555947070366
1.3594512091869517
0.6933250397990928
0.743571399862708
0.18965798383407867
0.42039416069207514
3.5727717750276313
3.004311993567971
4.124427048864203
4.533800113036225
1.4814604603570376
2.9965420997674066
-0.656823066662811
-0.7353313153931915
-2.4681493376008325
-0.08839373732139277
8.65487084440381
0.8970661603299315
-1.1946426012641824
-0.5708966847189875
-1.6166778494095957
-3.072906709810681
0.6689948299782291
-1.0692673306327216
-2.6449446847762648
0.4700329756907651
1.564961170852616
-0.3745284821717258
-2.386303190893207
0.37018111358835215
2.5049068083171324
-6.511015608898114
1.053453333400166
0.5037491138403785
5.334191275505966
1.3306350765757524
1.5788473998375814
0.9595351993995471
0.02583964180831321
3.092514029806561
5.517230776132457
1.97581310701124
4.109500542576925
14.181323446881043
15.0
-1.5511909078570096
-1.0608165232472384
-8.085050322261331
-0.740847692760086
3.5638661087622387
1.143012653642533
-2.3556049266719437
-2.1678254085481186
-5.526086570353541
-8.039569923025041
0.26988335425269905
-3.739926547718572
-6.874462296533286
2.2332750174941736
3.0241636015842888
-0.3044370910153168
-7.530942582270763
0.7973485489601342
5.040917833389752
-8.84147691591078
0.05511490929224313
0.13030329194941928
-0.5218057376553601
0.1898831174313405
-0.08711173049254194
0.0016089673162434934
0.09534384758281428
-0.2615747709546862
-0.5431892246407772
-0.09901903169302854
-0.10446868091431759
-0.23785706624210395
-0.24841856218345293
0.36968786315270613
0.9638920281508261
4.420704213833311
0.6403696252747262
-0.3989588430238251
0.1714497952835938
1.4040829858203479
0.31920452919712206
2.735211831286223
4.811239718649971
0.45434986036087954
2.154770362569841
2.5329378253696837
-0.08472058501374577
-0.3146609091424845
0.6773753234583191
1.8617247274030522
0.049282505346045884
-0.47049343214949935
-1.493382659547981
-0.23707372622267053
0.040503929553263124
-0.42046164568990596
-0.2609938330651
0.3635365302668049
0.45574653049013203
0.5380487621620476
-0.2420675155871485
-0.6749290712714549
-0.2106470307161265
-0.17716109119676773
-0.3743224104177563
-0.506278408483615
1.049242773410227
0.7629648566034795
2.4060019771566643
0.6123346470704598
-0.48073753107317807
0.33602829099222853
2.252701549137635
0.5125566766157574
1.381442771742295
2.5221408887839636
0.12673423674408285
1.8598326950583801
5.08629438825251
-0.1833403828442836
-0.3296755466370978
0.03431480073853001
2.07789905164356
0.3224247948096523
-0.37345731154472056
-0.9515825319135178
-0.1981623496906845
0.20987769397130582
-0.984506328892209
-0.15848347523300327
-0.32133501018518523
-0.14465433724052484
0.5779912715813806
-0.7857821873430062
-1.3389646924788219
-0.6058214366359402
-0.5738634726927541
-0.7709446319439514
-1.0103777236299167
1.0969682490558503
0.40858425928282827
2.925314403635261
0.515767236652537
-0.9268134486601816
-0.01599367211086399
2.5998052145217536
0.45811499278720236
1.456181791902876
3.4600155691869783
0.004777088388327625
1.101179086509723
10.553422785666681
-0.4197809215333441
-0.5218536267941456
0.4648008409888877
1.55444061925923
-0.3817631156058426
-0.8127358974235178
1.5258519578857832
-0.016973153225534818
0.8544588057332279
-0.31039971960178947
0.42791486529219963
-0.08378646218800012
0.6031015327563198
0.6669181157050131
0.1433985546152093
-0.24196453076403818
-0.043324184095157266
0.1541891761369387
0.12880198483935523
0.18294471683596084
0.41714530262277016
1.1532633534208065
2.548277777139245
0.3684847921494295
-0.3008892600637281
0.2872166136092397
1.677485318721466
1.1278340618972889
1.5496057660658569
1.8669978685998203
0.5266404657065622
2.209820125670299
3.6118215665091515
0.12751775051843783
0.3664708938881195
0.6456957175633158
1.1096665940985326
0.11283047006414025
-0.3335380111488893
-5.347324312434571
2.237984172402128
0.6280507400176242
1.7736663218142703
1.56905741023038
1.9836215847601026
1.6183490630180541
1.6235945111367867
2.5731116562911494
4.100170678438011
2.7034605430356473
1.5056012510884418
2.04901186744725
3.224103644383707
-0.24898509343531927
0.6915883715322301
-2.921088883905013
0.12766801245354897
3.0910633080165812
1.3341729266586067
-0.6121488214515881
-0.03855971818348874
-1.6686081152150583
-3.945218480979144
1.7330880477198993
-1.1148111848899298
-3.536709825591439
2.15928494498939
2.125926307383118
0.6011943657916347
-4.999678195626573
1.1029432226736753
3.9325409734464802
-10.925521556132377
0.33064431703695635
0.8693483908053207
0.31672111675802334
0.6744588604733985
0.6565327259973786
0.9319084555997729
0.7125208380902457
0.3371134236093558
-0.24355414373040696
0.07212079046675009
-0.11084699469664343
0.28297080665787533
0.12177776878694463
0.6481358916230384
0.25348341743860026
2.3921397477391744
0.8257989928853334
0.16415999957084815
0.9585520718810333
1.3988728248298983
0.5009415014578549
1.464889318444245
0.8632700066114246
0.40585715977738496
1.5219872178108764
1.8192865622067003
0.2598290541245415
0.6139105852355425
0.6461042652414064
2.112407438954349
0.7062181643874984
0.2261354545924904
-2.2082138484561424
-0.4057571372432798
-0.2249666155324164
-0.7311845615824665
-0.20519224389084326
-0.27044885017088544
-0.006054760951506073
-0.01689562187050527
-0.5912021097461186
-0.8867863246196076
-0.5156256105021221
-0.5670026427143138
-0.6053857175022501
-0.6711773189476113
1.1293067386268723
1.1337761143649951
4.8767541463006925
0.0893256404348194
-0.751900793528557
0.09432582716949128
0.6553809625468732
0.5973255920727452
3.3602555321225407
7.751186106683898
-0.06336944679996723
1.5783437054660117
2.5535423657563436
-0.41865437985116216
-0.4233816667851574
0.29366346647625235
3.1927666837764646
-0.2093402259899825
-0.7158080632783138
1.518481197912637
0.1386912173315247
0.526873849071935
-0.35402956777912137
0.24222220988273568
0.16074023064802198
-0.08839853750776784
0.49206632344656753
-0.36411959878619277
-0.5148659829431456
-0.035924532617077995
0.04247195840891382
-0.12114197877138203
-0.16645191321366665
1.0810305266315838
0.5339665412252028
4.37387475828875
0.8643609890200481
-0.3017590842993387
0.5566260966919145
1.8653273434335123
0.6114737681399026
1.4909000198770013
3.954892267194229
0.46462199455268555
1.2005710855346803
2.9883159735318943
-0.007848746698801822
-0.20694885943541608
0.39710315310418687
2.003532085983686
0.16414913810019707
-0.21491034240134838
-0.5525869757044847
-0.1355560673371338
-0.228689440769011
-0.6263611218788392
-0.14085861574258554
-0.20976770365544686
-0.15793533636028032
0.5579690468014228
-0.45749196203363357
-0.7923720492653556
-0.4134620189555238
-0.432088525692044
-0.5608725202629928
-0.5385939927068324
0.8680007957415903
0.15026223651908438
1.7771948985799715
0.7275384499486393
-0.6713936016260531
-0.06139176404942102
0.7895948997640483
1.321886235055031
3.3809742206045073
7.375221489284571
-0.029697440041085755
0.6898269316205787
5.678589340438257
-0.30617676706396635
-0.26557462271680154
0.6251572118706944
2.0608806472435575
0.0030000017432310656
-0.5640418438379419
-0.10974337917263513
-0.9839705507816621
-0.5666669303638528
-1.299922431936609
-0.8114404237867996
-0.7274637530803912
-0.7219132456462473
-0.25489241040945343
-1.3968129281788129
-1.619714666118416
-1.0634458513850449
-1.0448026676242028
-1.1349440622339966
-1.282119331207138
0.11095576295064608
0.02536821062110967
5.097927872522488
-0.35373978989138566
-1.5254639567248842
-0.7023363064714107
0.6710709300542571
-0.09651897707567406
1.9207075410470884
14.088325214805634
-0.5810868174326702
0.24218607788367988
6.149582796361257
-0.9709853501776534
-1.00676634099564
-0.5192961379241304
1.2781326007823723
-0.7780331771166656
-1.2085797012337212
11.870286128005807
0.5687742844822796
0.526654849306215
-0.229500971180051
0.0854379931549638
0.42799991985910535
0.23608865232192863
0.31526332864261447
-0.15699827339103378
-0.11167920488989815
0.44149396963494
0.4895976235210483
0.22393339929830006
0.17845979501724513
0.37770507767904554
1.414569081882844
1.3165731778322844
1.173156579456587
-0.05059297804294429
0.6091728453552642
2.0517542670141085
0.7605751766198616
0.7043230416366476
2.8392113420232885
0.5442231678720748
2.0899689455290438
1.8944720781307545
0.4063184104350951
0.35411625039645966
0.9580596281040055
2.0379763611164567
0.6927950655088407
-0.18320026083917348
-3.445307663388515
-0.22223692890061983
-0.0959805982987026
-0.5554909292079772
-0.17370494442001755
0.11965050630718228
-0.0032208474692333308
0.8064331079992548
-0.4675095232822754
-0.71914825961579
-0.23459885367864886
-0.1836970563222557
-0.36439526922343246
-0.49742283881782134
0.7430635282051554
1.2095839004018538
5.929494793586899
0.2861584177758788
-0.5429173148070553
0.07367123041743374
1.6502440966982874
0.8447383905949405
1.974338395434377
4.866897543253055
0.4499710501328651
0.8903673608451977
4.753066091162994
-0.20193881817064416
-0.11963972608888335
0.4036761687290396
1.296801145833469
-0.19283496480816875
-0.4826667797862872
-2.6949970703732875
-0.5375605783449224
-0.01898530720087622
-1.1631649960049466
-0.41921843272940595
-0.36845686886853185
-0.47429579955860246
-0.013229512667933235
-0.8668128775217467
-1.4905848452445452
-0.8376693573966197
-0.7858082777196165
-0.9804942003444602
-1.1733047166094468
1.2118555803927735
0.8492224008424867
2.5356981223770023
0.1984241688332486
-1.1152010255978053
-0.2642323289290702
1.972527038367563
0.8964273706415704
1.7406530177330788
12.442265872503837
-0.16072428614275847
2.3402273726690073
2.173532496371926
-0.692563190437654
-0.7057064467543753
0.29547660741187853
3.682504001658069
-0.29510714024479395
-0.9739511325298515
1.1460127079937807
-0.07566406879309227
0.09029359497017116
0.46079736430896734
0.5603434203448844
0.7392267907634833
0.514710337339455
0.1161726862976727
0.06759795549380412
0.5376759289698658
-0.06811100151453137
0.15040901092713094
0.33754808460144026
0.7962015928087112
0.3930453417932995
1.22055085512792
0.7142059012625145
0.8905877131158872
-0.10152528807936924
0.601036689589733
1.2095545163105321
0.8384794714068805
1.5782934112443827
1.649130536131345
0.6960405276977748
0.45004259014939724
1.221913621548831
0.16847773297776258
0.651505630224125
0.9210202604863534
0.4944587790753809
0.5288787260317148
0.3462749911312034
-1.20908947271966
0.35071864902692973
0.5490197713809851
0.41807031448006654
0.7554860047049698
0.9688108453069404
0.4123163684709513
0.9377504257576535
0.1693985026485239
0.5349990488963036
1.060146604498938
0.34044844878309266
0.7692338742514379
0.6398264107948629
0.8729797104523135
0.7685744728167583
0.2585321224106774
0.4919324416916725
0.37860406956771575
0.6915242699822274
0.8192571940136508
0.5081647509439227
0.833151566111681
0.6885487355434398
0.08188159787208497
0.5769771936576237
0.04361451776452275
0.019572240543788182
0.3105008571575351
1.1396653540813497
0.2670297017730131
1.1158615600342858
0.8375997139555835
-0.6377362489003251
-0.18129487741523245
0.17465098645520943
-0.4486311442608923
-0.1542467042820153
-0.11088636968125726
0.08138423644184341
0.2615432243728738
-0.3036315350761663
-0.560942605628128
-0.434143168180361
-0.20281871007265215
-0.3571568893654565
-0.47534540114867035
0.24943895051554105
0.6665701119271752
1.752939046573214
0.9949376601119363
-0.5462381182146894
0.06237568110869538
2.1719656272991084
0.5110639181836341
3.7566656129257603
4.3864965918329855
0.06406472086535905
1.381628116808263
2.220470325010644
-0.11315096181595449
-0.35866411304484386
0.16054069977342747
2.1665239119653483
0.2127158849355089
-0.5363148755974685
0.2125257705661312
0.0657504651746568
0.3752621426073027
-0.6506795811882786
0.10034153261852569
-0.028665584697091743
0.49498240883260897
0.6705132877560541
-0.33902999271875434
-1.1127818515250865
-0.3250532912679165
-0.4588736570250536
-0.48896207712477224
-0.8225340495998383
1.097191530772603
0.6456511470853185
2.6391953212230006
0.6666480955805929
-0.6936539278122121
-0.0458384908747813
2.667498792460141
0.8610692747574931
2.423612488438285
6.0170919598295525
0.012959673907977918
2.732200151241319
3.7372903934184434
-0.03043356702593576
-0.07219594486824134
0.22205096579223665
1.7022684777458903
0.5248440297685183
-0.4083140351614109
-5.2068516361631065
0.06899119307388951
0.5802670089633993
-0.31002552501014935
0.02163618870395938
0.4093247070166941
0.08625908801791214
0.20870452547015284
-0.17732876681983692
-0.518780653146222
-0.1863933354675899
-0.270819120676622
-0.40791113094711196
-0.26421036244413015
0.8827997684607582
0.3551774376664177
2.9066011966689396
0.18454521202483953
-0.48515718731330665
0.6222235514546282
2.037518738187875
1.7924974729455119
0.8429260815686898
2.036685717848679
-0.049830975697474425
1.9295347135658851
1.090072250894028
-0.27253004346681187
-0.3011335746609311
0.3558256061755513
2.84776365671228
-0.024116830202488025
-0.3562344447249873
-0.09113191215089067
1.0609490527630212
0.7058674973207931
0.5567671901553635
0.9322996319814302
0.3081817577376382
0.5205142105688964
0.6093207699184545
1.7084940887995221
1.0423648450595506
1.5812044697439016
1.8083426504139395
1.0100751900493383
2.424623181487771
0.5210014325824567
0.8662331883212585
-1.2859837108570502
0.020721618636333376
1.2838135603305583
0.22109590244777336
0.010235150061156682
0.5298881985965834
-0.3713483083174275
-1.1635015666651631
0.9794514496885534
0.07299963161976114
-0.8470759086540754
0.7483963881063196
1.4152786085334987
0.9096539045506319
-0.7631628348274466
0.2506740794978244
0.3801035014728664
-2.3541533297746122
