Architecture: k-jumps
Number of States: 38
Parameters:
15.0
-11.611846421608634
14.999995363532127
-14.04607320574524
14.989986878979202
-15.0
14.99997449283857
-15.0
12.791257349074238
-6.240621178826151
15.0
-9.00326505118986
9.232624346613253
-9.11784139078844
-0.5055229076504559
-5.002027217033054
-15.0
-0.5447847091945865
-3.4669803654400932
-15.0
15.0
2.903547009051614
-7.370253693795965
4.950558843220566
-8.680326991185021
-4.819677956500258
-1.462288920004112
-0.9918696867730069
-15.0
-1.3502626643719482
-12.564412041794796
-10.434283870644315
-1.4205365853714353
-10.42662482075793
-4.018730804324353
-3.4589138869881144
-0.3688276525036466
7.422261052870968
-1.6491665890553313
1.797518858493437
1.8661965017879738
-0.2698534655686408
0.37242412702327277
1.068071343976242
0.06965104923344621
0.13178752032271548
0.6793393278227564
0.9400581393802911
0.18288505407058483
0.8570375176346009
0.35967557383353166
-0.03174519147551182
0.8295414594496954
0.05396099363073205
-0.0015958178471090212
0.5348885145687553
0.7975064071824323
0.4221999959249822
0.646590768573337
0.17188515965165505
0.8488055195017661
0.09523092038202914
0.1699044768153372
0.4722153552050829
0.5876313048776726
0.37485954756440243
0.6758188639642911
0.22874307157495669
0.29592798825463
0.944315087641891
0.6560812409168166
0.22823808624797176
0.06607866341356407
0.14011933950675542
0.4971970635819968
0.6262118111113174
0.6306955443749646
0.17506219418384783
0.30080939523151584
0.871257413890849
0.0565271384240329
0.8727387603186845
0.5101485927387945
0.7853336876096245
0.216822003665187
0.2740556620514558
0.9405037675765553
0.5308073079984562
0.9450151529118576
0.4560324978816953
0.8149620878926219
0.4806781518772142
0.012196498026001201
0.30709052591055175
0.6525741039724897
0.04704632039479917
0.12745013657518978
0.24874157293461663
0.6269060700854079
0.4641909861130211
0.97984791167716
0.09987550266363643
0.15649244971329623
0.22929820552710278
