Architecture: cyclic
Number of States: 30
Parameters:
-0.0002830777100398651
-3.3147591228382205
-3.345567058799496
-3.2578804613446453
-3.422546229406629
-3.173283017255899
-3.418578365286412
-3.1009484814318706
-3.131325800260702
-3.148105827006617
-3.1131048619933535
-3.1017872663675274
-3.1918324944365026
-3.1013688530363317
-3.3730657839332574
-3.1508165657918057
-3.2167398498935076
-3.238707594779998
-3.263664954142747
-3.167687583829921
-3.2941053001214438
-3.0935869666961233
-3.0937757344856407
-3.313515290169538
-3.0882457047139145
-3.343943407471132
-3.23401524317311
-3.3232535338500058
-3.1018676850711278
