Architecture: full
Number of States: 16
Parameters:
6.795756898971049
0.9722187083025795
-6.869557647991315
15.0
-13.179404175432115
-6.930443463870829
-5.144339846276366
-9.556336766268968
-14.36023725419153
3.9948254048293808
-5.7486052193815835
-7.187314268980924
4.324334856969672
-8.55587057128251
-15.0
5.819514326603638
6.637011869102482
-3.2477243154691187
11.220638073732866
0.1005479469986799
8.285030847613237
4.286302004108777
3.206246977822167
0.36643482424337426
3.59777327623736
-5.3064084391016095
-1.0256415787990816
0.3747371816766218
-3.140753187464318
-15.0
-2.391003002895625
3.4380071477793255
-4.4242182372590175
0.43939435073572
0.859116952329208
11.279355080628676
3.3065680962706048
8.365742182501446
-1.1372230916842971
7.627412645987876
-2.112479811896743
2.114429479858227
3.9095356957321155
-4.467955994301554
-15.0
4.914669267894385
-1.5109364184151721
7.849494909890542
0.5355674408397921
-5.415672778573461
5.273634861885913
5.981985679326817
-4.71847701276574
-4.732529495296198
-5.042654381148707
3.835762235176688
-5.96359371684612
-5.454521462194035
14.99998963995813
-7.9631668969648555
3.77365119917011
-5.503453586651702
-9.504408419330423
15.0
10.776744645837816
-9.259295615603158
-7.648601949601489
2.464124860248886
-8.423117657364127
2.0372870663369826
-10.558805940297493
-4.454074894237537
2.9770633435425293
-12.47520214861983
-15.0
4.616817200440936
3.8778670676161133
-4.997156542410264
5.872073677832163
7.004206803969512
-4.5850904977116365
-2.9732565538583158
5.721388793086488
-3.9539267241144658
5.771721511718957
-4.267435958259483
15.0
5.943742571616834
-6.014195684722011
-13.435760187523686
-4.371204642002001
-3.4803276456173906
4.055462306522538
-3.6128160788452472
-5.218192120255491
14.13296924700721
2.287640974954635
-3.8405768883328317
-3.677810633250161
-5.712276133220072
9.956954564399048
-6.650112140821381
-6.109150641611872
9.930001611112663
-4.2583708806516665
1.6347399107552518
2.5967663434762267
1.4146175544749262
5.3577407686442005
-4.338487472443288
15.0
4.1999856613175455
0.6354133813686663
-4.214174624007731
1.1136132152123257
5.887091023036578
-4.94709583248985
-1.7257135621160888
4.0345993849250394
-9.212554360581564
4.335159420280779
-11.90416570787324
-5.3961993711405185
-2.10110338047844
5.073484937446107
-5.160286601527577
-2.880148106611107
5.733537005780242
-0.9225642294279651
14.922505254371785
-4.4718780421218565
4.161667539950566
15.0
-6.894423141556021
-15.0
5.013566563985268
0.27656643688883703
-0.2797570652347064
4.221739194768925
-3.2815567227567928
15.0
5.002980639462173
-0.5539828545203994
-3.0393585821352547
-0.49818900816163875
-6.0453360829787535
-4.705013051811868
-1.3381429419132467
2.226319903891534
-14.682298539010919
4.173301002807789
4.1772907698992565
-5.2171602648847
0.20870662840931323
4.518103591459679
-4.218560103605296
-2.7746059278998
7.543887270470147
-1.9635775296221132
5.392110339891646
-4.081385532203803
5.440909756896087
15.0
-5.934216350607393
-15.0
2.964846205166397
-1.811181109250992
1.7211314011027554
-1.230046964608774
-4.347034427288263
15.0
8.054762484994724
-2.6114367123065536
-4.42552164779932
-4.26229905582152
8.630240471574641
-5.113042689129733
-4.275587078352763
-13.510231767074298
-9.475181432828975
-6.45796323326441
-5.612413794632805
-8.681690739377073
1.6319948712933752
10.300802368561284
-10.466577513400102
-7.664593430263136
8.339461188559648
-8.392714437439269
10.598447542773961
-11.602396637796753
14.919241784602407
6.6939564547412616
-11.662980566320059
0.9149666874696445
-12.038488502746103
2.5494417202100212
-4.230574024657616
-1.7102069265679947
3.4460314517961628
4.9042686264102775
5.937316928605483
14.276758954777565
10.968129410384108
6.413584364792361
-10.365888186242668
2.4593801710998795
5.371564135907203
-5.920855684881176
-11.2440639885687
-5.291553702012727
-5.803334591396855
1.0168536412517561
-6.190264673295272
-5.8616965185371495
-13.787849290705996
-1.5372505058241444
-5.549013671828168
-4.6432222823556755
-5.638831339115174
-2.2776785955730263
-7.36783752167382
-7.011070377150177
15.0
10.770331219555546
