Architecture: combined
Number of States: 30
Parameters:
14.86610141691085
-15.0
15.0
-15.0
10.319524274502056
-15.0
2.4261410031917556
-9.625253576747076
15.0
-15.0
-5.856031313200029
-15.0
7.958384390826353
-14.969009647850294
4.4536755713816385
-9.394202118765406
4.8479396465831215
-7.051664836083847
-5.784943243859864
-12.7611042892521
3.1301804528436636
-6.841302766509857
-5.9973751459823434
-7.098494641610353
-6.058901340067223
-8.975871003983462
-7.312306080071072
-7.699278795388828
5.082285241543121
-7.373488959713361
8.846762559118948
-7.148873357093096
6.308102979699678
-6.381684495576271
-1.2041790553986957
-6.165297602406299
8.060253540919788
-3.0253279065889225
8.033441122043143
-6.583999083309459
-1.2414770150597263
-4.1643757515315265
-7.379346984060836
6.445509312144156
-8.219055400577925
8.291927417928054
-5.376695604867052
6.116794500325633
-5.859447607985425
6.3514982084954665
-5.459810134105172
6.023968067261569
-6.114862484912122
6.591020704287926
-7.980906724848215
8.9527614388534
8.441863716791325
-7.873155134228326
