Architecture: k-jumps
Number of States: 36
Parameters:
0.5781837536384049
-1.9077204649769328
0.5530602960490225
-1.84672097286749
0.594704907502058
-1.731656504658546
0.5584422825276006
-1.7110080439653879
0.5252427606786585
-1.4390114693601388
0.5207392156111645
-1.4146248643934118
-9.439960058795764
0.7117474505490909
-3.9640211267345133
-6.956356048098844
0.07779922466404401
-0.2051295877168444
-9.09672658781927
6.249190206411201
-4.3794762918168075
-4.871500292005007
8.014595185350997
-5.38092452357604
-6.926257115415825
7.049494552473114
-2.161272991376041
-6.273838881534075
6.688415315024526
-0.41492908983763654
-5.319776794301707
-1.5462742996469985
6.724379882513325
-3.1976005279202213
0.1739185953653707
2.3477851922892246
-0.5634380920772489
0.6589703774263324
1.4227136039156287
0.6760252829308121
0.3381587021834255
1.199339472751242
0.057322544097592194
0.616448939177046
0.5605278396169451
0.770900185109121
0.7071478424761118
0.9024928829156408
0.13499043100976377
0.0004169293381193154
0.06185001456098559
0.37291334973811124
0.9271418700999375
0.03661842472689357
0.656675495991839
0.1876672368609109
0.6990521045585122
0.7239807232656884
0.10607221669092692
0.04813273959252695
0.8704266345212389
0.5067826888719066
0.21348646070396693
0.42528971402894233
0.9664674032660104
0.07990886144363085
0.9069088389540466
0.31716897676065037
0.4871199074778796
0.2032253841396393
0.255293652615987
0.5938415928567761
0.4761080075351246
0.7612283624669608
0.8543968868786909
0.6365641196505559
0.5679808078499812
0.4030656808406001
0.24705463525678872
0.4864311055796392
0.07634936308855689
0.37908628256789056
0.8831194746909463
0.5061299629369648
0.5340417595122989
0.4662475565889671
0.26129586191204623
0.593900114559714
0.5316454668993773
0.48947298842448417
0.9160583566713518
0.05221322546708318
0.732686934293315
0.19330732460400124
0.9380012063234476
0.757617107315738
0.24952835267535012
0.9620484351665487
0.39317979341328013
0.027632391722424043
