Architecture: combined
Number of States: 26
Parameters:
14.814664614415559
-15.0
14.806377089525355
-15.0
14.879273484763115
-15.0
9.726970978605705
-15.0
0.015981560027099512
-14.139243368919663
0.039211541685912954
-14.041772950911207
-0.00892926016845964
-3.2279104596279415
0.5428274495979636
-13.43225090025162
6.717672348370366
-11.514690950975424
6.229261941873619
-8.5582921734806
0.31324588892522687
-1.2585361024051758
0.12570200577103824
-0.38554730054244657
0.07360065914296521
-7.391757409548199
0.07812202727333184
-7.571865888209831
0.06780238309561136
-11.888567623201139
0.09300832314861572
-9.149092924755758
0.09626943106886787
-11.421288451816208
0.12337113484090882
-8.249285997395342
0.08007253775538446
-12.472507977974733
0.10887506705052419
-10.463979148195966
0.08365025656529243
-11.262457972236774
0.07123512171462998
-10.730769368867437
0.0938789078774391
-11.307810837330537
0.05524098839641261
-6.202581476050396
5.544539191407503
-4.87136275734272
