Architecture: k-jumps
Number of States: 40
Parameters:
8.332151956034485
-14.91696711018749
10.743027623398012
-12.797234028934295
8.105508451440954
-12.924533567477477
11.208209100671622
-11.301148099093831
10.36383636717211
-11.138878212303457
8.429253055705196
-15.0
-1.506774673670612
10.127165448090368
-15.0
-0.3276694358916179
-0.18250447253857197
-15.0
-9.631705216540208
-0.22838165015675768
-3.3715270274975606
-13.307088162148743
-0.2564273297342958
-3.1292739772304836
-7.087978633076746
-0.7337614690938438
-12.234876929056878
-0.9211323673210651
-4.0540524569617595
6.123827844850953
4.925596629680197
8.587840563072186
-4.413422634378356
-3.9406174363240054
-5.55942603927973
13.669439020194803
-4.924089269124453
-5.383277598227107
9.44141533608736
-1.8509699933324981
-2.2099856669566114
4.114747404447606
0.9005482508708194
-0.2169392092191233
1.2547486434747628
0.8528047605852405
0.2270497749903946
0.2738501737069905
1.0744934409636768
0.3446668198023881
0.21912334257846222
0.9831588104160195
0.05579215984956019
0.4643154015822687
0.3475732685935811
0.3829047222278821
0.6802357874730875
0.856938094132998
0.018438113505743203
0.03846900368017225
0.853291064450638
0.8820103292601046
0.40305972277827296
0.6135948456603709
0.6715727052702534
0.7731145573139644
0.8601449298125033
0.8474113487866977
0.3314478217272912
0.5183469517583394
0.21344311102314373
0.7547886682664848
0.6155095806891816
0.9601424250395433
0.05951952316376452
0.6157135656679751
0.4588885152331168
0.6120413747979944
0.4833865857568569
0.3985213002211645
0.12459839829162896
0.8388262494110418
0.2417680767738829
0.0614858995615629
0.7352016495126183
0.8467226796626512
0.8536139750477245
0.8550586849705742
0.9314200587502849
0.8802160504149623
0.551367908390693
0.6622832292551077
0.2937540422992727
0.5143049319574673
0.7522932928163296
0.5068168077343771
0.05352508394641209
0.23055943823143965
0.6014483276679149
0.5080126730978136
0.11977338404776394
0.10899309869439566
0.9233954025959221
0.5868997088720387
0.1736878838400372
0.4878907431577997
0.7958842183341184
0.79314412964753
0.2887483484618286
0.36311105581641423
0.6254910855931131
0.2510048160106213
