Architecture: escape_chain
Number of States: 26
Parameters:
-11.537398084511159
-11.577433604937033
-11.577720112866333
-11.569626752234624
-11.574424423453394
-11.50165619411993
-5.341753794861396
-5.967585382486643
-4.921929064681823
-4.911497913064286
-4.062594574583692
-4.216043281182403
-3.7723830097335096
-2.872348123648749
-2.8668787279773937
-2.406874103500367
-2.0748709552216145
-2.2211754535128274
-1.786986306861761
-1.2584056759329363
-1.363132862592535
-1.2295925229321873
-0.623282054562119
0.028961542414710616
-9.231917130031198
