Architecture: escape_chain
Number of States: 70
Parameters:
-14.367004186121669
-14.109431081668598
-14.257246612993969
-14.026399043707112
-13.876321849419817
-13.990304844262415
-6.214278531083393
-6.175855284817629
-4.698360063996767
-4.394871086004486
-4.092438785645277
-3.365753199459716
-2.999721745585028
-2.5340980329226825
-2.418567200401036
-2.32250180580107
-2.417862292560908
-2.4691966746190803
-2.9426238697648333
-3.0444694242725086
-4.052018067782704
-4.0335179890471125
-4.837735113537698
-4.830373932105016
-13.196341469048338
-6.1886117203947375
-13.022504423806176
-6.17745819454545
-6.218751978697948
-4.807236436737523
-4.3973025723030945
-5.0855239477905085
-3.669602319104445
-2.9244275469018977
-3.1705292716549747
-2.6617391425336305
-2.5515950475056637
-2.1737101188090078
-1.9668189645607166
-1.8739523479142353
-1.5087539039510376
-1.0463374103216385
-1.3382659063569597
-1.5141122680349643
-1.2657018027666431
-1.5209138698975637
-1.0979801607797297
-0.6026610497569758
-0.9098199531290263
-0.17470833330791857
-0.33241705448825
0.3425441399086034
0.680028692114919
5.072472793808093
0.7173026834223485
0.6168149568313978
0.5920653091558107
0.8829561981925446
0.21369531593298063
0.4207816974003141
0.8529146956270223
0.7765314711020309
0.8225447723279518
0.15332623050289318
0.3251161189167281
0.27293409655568435
0.9397796659318225
0.7695633430382848
0.3484675000844243
