Architecture: full
Number of States: 10
Parameters:
-3.504154260237598
-6.129584573768813
-12.251324574454863
6.401736689651564
-4.325504997244218
4.772106336261798
-10.278850131883623
-3.6756688660843633
3.6391861929562483
10.202421192764556
1.8849530998432427
10.034295736420237
2.9391983834126187
-0.5653383519984376
-11.19931715089592
3.3890643457845187
-8.24319805093303
-4.173354467855034
-0.2679460126553977
3.5409886703879363
2.199440611752133
-2.2269612107563486
2.5759379337682056
-2.9268367182428783
11.112178364632655
2.0848608199506775
-6.387453809281636
-0.17894859456782314
8.878199343357135
9.453325143707492
-2.8786963635365734
0.17471403796486612
-13.188697235782653
1.2376041108364118
-1.2558618996281636
8.20435142010315
14.540651301234545
4.734094041239029
4.26391334290216
14.70650116866272
-5.277666740666172
-15.0
2.4346293191300927
-15.0
7.713284941440437
-4.331451979799442
0.4252685300685161
-0.6729698639681386
-4.390867022712654
3.8034981413821733
13.931305527192295
1.3678529603505434
4.6762140630536
-10.739632442370132
-11.665685694270248
-3.9614781082842128
-5.798354241313584
-10.399978932686803
0.10863276783947817
14.900231095406015
-3.472887169868948
7.164073621152375
14.482503925221293
-2.2441367014552265
8.867834434813512
-0.4105556254243416
-3.4378688735641507
2.0696348370676714
-0.4367919857734405
3.3476461200091765
9.83239244573086
-4.233690421085621
-3.487994682542409
-0.4084162067386492
-1.6373764987023116
-5.429110040862576
5.953104244584904
10.726773380977559
1.0683772651368644
10.885397068293742
-15.0
