Architecture: combined
Number of States: 24
Parameters:
14.983670504423781
-15.0
14.982603897928762
-15.0
12.87275160485779
-15.0
0.5011418109256272
-10.193855473926915
0.3649959998871013
-10.167585244119705
4.4239450810102925
-9.735909279599452
1.8948899117490086
-2.716891709817661
7.136645220493981
-9.832010723795383
3.4063592177023523
-0.7412998582887155
5.432973164181436
-5.14551094803483
3.8259514892666684
0.5299438711399649
5.567098564134558
-6.705273929652629
4.940050678141335
1.6689964838055515
3.0505146532354797
0.9773510299111189
1.2260936062759946
-6.183826230779927
2.9349233819307883
1.6567014927894856
-0.08535731618029768
-7.599554147492293
-0.7532891506232126
-0.25132470262263285
2.258738500025055
-4.7518970511423895
3.3522576218295512
-8.60664496731522
1.3803442544725055
-2.431306177845389
-2.6092642360907328
4.146642412633442
3.8930435736545568
-2.1716924187056397
