Architecture: k-jumps
Number of States: 12
Parameters:
5.436653767677997
-8.22680628495227
7.370715231716487
-6.799686192685286
3.703053545976814
-7.930301129816169
-0.10427699454821245
-13.443663817563381
0.07221912624773535
-10.783390788720592
0.13278337464572926
-14.999877641129993
0.07875043763867098
-3.79709463219273
0.031843711589333294
-2.562520502877887
-4.862190081851532
0.020223216802913467
-9.514950467562143
-7.459289519052061
4.0328079060495705
-4.796654505791871
-3.3334017595733485
3.658243363981072
-7.14601633675965
3.670948108156875
