Architecture: combined
Number of States: 18
Parameters:
0.7220352773632845
-12.158778037736269
5.539749877153464
-9.14269511933931
4.726642906286111
-10.0563567568358
0.6749695078888834
-11.687169967862408
0.7352946440160484
-12.6126038145359
5.429061153635257
-8.568235880334027
0.7683807708990374
-8.498225350803235
0.7354173831276316
-3.3166719400403983
0.6894019826722664
-5.148292254145369
0.6476977625621012
-5.674641090632452
0.5614546659821483
-1.5985777154739973
0.6019500621927363
-3.987557391744378
0.22687133183865263
-0.6896763751141537
0.24400417588484058
-0.7945721622358682
0.42066359917986385
-5.368819606238953
0.3984292304488522
-5.511155031799055
6.3332583613723585
-6.414654730263209
