Architecture: combined
Number of States: 26
Parameters:
14.879633039954696
-14.992755132568714
14.998711308356299
-15.0
15.0
-15.0
12.17755222405171
-13.228947579944757
-9.504196481727767
-10.491866808125621
-13.461884735543135
-11.608613691698906
-14.92700953746637
-14.037093486687862
13.678059745078022
-14.97687043868041
13.270161921273266
-15.0
10.652911159739391
-12.54783207128633
11.704454546438093
-12.43185421516341
11.449348320826523
-12.86809538553099
11.05823520363158
-13.153624389936759
11.067898452197444
-12.355628649853097
10.148835697349824
-11.026477410322487
10.158977201731963
-11.077387789053931
-9.910981531485422
-9.341331926072153
-10.343883723987437
-8.757296996147884
9.821583327569304
-10.22124274931022
10.16565338473578
-9.943142950574149
10.040926991622358
-9.646846854321307
9.822493627775522
-9.733894632233707
9.753873726940437
-9.3304341492069
9.599462021179333
-9.212970959318579
-5.982109881700153
-9.269286862983103
