Architecture: k-jumps
Number of States: 46
Parameters:
7.823731583429212
-8.273092091315295
6.2739250157959106
-7.057002786918376
3.375324455856787
-8.446322146800295
5.903080955468326
-9.333064692827575
-0.6645602593199036
4.778402912740876
-8.972216679648538
-3.5690656596505996
9.710219140323371
-6.4082319098771805
-3.6038190699330643
3.4774409145548777
-1.9667558483595933
-5.113494141128245
0.3395317729567854
-5.443889058096908
-5.987958341134571
0.25595121571190266
-3.8440154125329133
-12.698160328687731
0.2889147276778398
-4.17766153478139
-9.1089381017623
0.24144690336163036
-2.5641517594731273
-13.413847759482406
0.2078313673558014
-8.674629992278147
-13.110152186785339
-0.1308178974207759
-1.2417703364752277
-8.852814789109596
-0.20166655044999665
-0.858152670234511
-14.386171465910182
0.37025941347199376
-11.679772492439787
-11.714146455821606
2.6020338889026458
-12.57485854114827
-10.511448176296716
9.901262074497536
-5.130424135769457
-11.046511883619583
-1.8182025313719603
11.17699935533209
-7.660229866739792
-1.1945915700666665
3.774036066472161
-0.7548150728315567
-0.30837666444484985
2.054160048129782
-0.03679351178900703
0.6306293390265315
1.3132192189969025
0.7771743171374144
0.18095277721526043
0.3718181086673277
-0.035543577136269294
0.5056822335217757
0.34265810700126875
0.08521919233691805
0.015579579460755937
0.8037002930752919
0.6718684741688414
0.3604558874907035
0.8885429145386026
0.9086052157316429
0.6688436099262905
0.9305429699707142
0.13698982587905237
0.7786399495648679
0.5878879130080171
0.8482501487112136
0.35444242291970185
0.11745248988939205
0.726924847282266
0.2551554763339181
0.3279818153439826
0.13929122297981456
0.5113627707745481
0.9404803668536275
0.8878698401554691
0.5876986128940035
0.6928159282360196
0.13271682466570223
0.6744314082652961
0.5778762470596227
0.6097255103798171
0.8555639645332267
0.9510930635349393
0.89193888839226
0.6022512875296511
0.41193063807397
0.12852345397864218
0.525434295897228
0.7245392309666643
0.4851378890138174
0.5064491907817994
0.5119692808550595
0.7048232131820097
0.027747530723061797
0.07844954550006655
0.41898292910235624
0.7213492652852777
0.6616925708353683
0.8375593774515208
0.938828951377231
0.38783229895989857
0.6141911227935797
0.460766574667015
0.8301071098377112
0.2054054583003333
0.4632709080790838
0.03152547665681693
0.09477089392296201
0.18268457617676148
0.1158257307812639
0.39622855317979777
0.04734553586386092
0.23418650857086276
0.2649864379788125
0.8589483762433883
0.956194652893725
0.31935738073603326
0.31315555248053273
0.18274487400308703
0.8666497960943175
