Architecture: combined
Number of States: 28
Parameters:
6.978401790269285
-8.080651429421245
6.593076109578811
-8.402884988434526
6.242767736564025
-8.778619211560637
5.046569684606178
-11.091094960821183
7.354780599126124
-7.415970323233156
6.098137458992732
-7.251432740521634
4.073729482831713
-2.164700252301844
5.86318292803223
-8.425864905802788
3.4831947078941083
-2.6868810152341327
3.0209124345656355
-1.994758944134823
3.021462582850286
-1.2573544340215763
6.396689701058081
-7.790045168824389
0.8029076596567951
-2.7714558091647725
0.5779114956867684
-1.425015765904869
1.5135090318424553
-3.518068201845071
1.158062659757017
-0.22773897811043223
1.4938773832207008
-4.060654224610734
0.762347039859838
-0.9753618595156812
0.4557643397281199
0.09985151391114788
0.49058182142370854
-3.9771154106735938
0.23670588539068063
-3.4594895828268806
-1.4851171507232777
1.664642980052638
-2.1316793732282076
3.7789156896112566
-0.3070988918445175
2.0206933895817576
-0.6295514695534783
1.6304877768783084
-0.42061473369296953
1.3150229488436882
0.36447577983475454
0.4869217682750499
