Architecture: k-jumps
Number of States: 44
Parameters:
0.23121183309428062
0.235504479418014
0.417942189670223
0.6392840285627533
0.31682441018230656
0.8865782404296296
0.8119214601516479
0.1449197433246373
0.3425437626223168
0.4400991207074316
0.4219993902290964
0.5588503689389813
0.632519521037502
0.06045842841204174
0.2765178930648494
0.06931978569446884
0.09707413236776052
0.03561198070803373
0.4144493386961672
0.4695059080853581
0.7895144886056765
0.5980094160572434
0.8259158458851618
0.6547340030053492
0.6952580012293205
0.288928674681164
0.816078124799074
0.08053552920490492
0.9041883182224176
0.06735581266715629
0.9140589588271932
0.27996158163064166
0.8757902057061336
0.6661885409140277
0.8070490243304862
0.818517724424506
0.9574652447524005
0.9453729535722105
0.7807894899321048
0.021396871384159244
0.17344058058244194
0.39171095441630177
0.2544206994152244
0.3835507196590915
0.12530437882936785
0.6886496819041199
0.41207530627342936
0.5830752853808289
0.863874842513582
0.8034662781339649
0.21647287982024876
0.9044468848416163
0.9023181753172183
0.14389081303320095
0.44856238419696803
0.42241303784093187
0.1325236873320127
0.13736792675335052
0.5641316223241759
0.5467188141375832
0.5349417705230357
0.8577453325586478
0.7227057684804938
0.6167532161668732
0.9358220308402037
0.018434382714113684
0.8768381485689032
0.09121719811194529
0.721466022316081
0.41101353542647756
0.6137115793687976
0.23761010890724088
0.9836452571774724
0.3897057146464077
0.8528270374250319
0.7791859643561122
0.8244744213830657
0.1296909827743674
0.7627227404488066
0.888284255193685
0.18974152982702874
0.8472569218987095
0.19147023565919097
0.08124300985309052
0.47817311852876443
0.42770035801730166
0.9066124782818313
0.48605118420837967
0.8157547116235687
0.6379310145754974
0.2818409617037464
0.5675385225216328
0.4802188713623351
0.3829806433899281
0.12416044257904568
0.7833305651240698
0.679184916149264
0.0027292177241597937
0.5535603225414913
0.4167999572514757
0.31061283056235633
0.4922730225846461
0.2724901518567667
0.660322627603656
0.04585254701008823
0.5033025041131606
0.1922510108470794
0.8272233280556632
0.18182900452657724
0.7776029307943619
0.3577202373190125
0.8075644380067869
0.0475990361903329
0.822894516999954
0.05055988604200645
0.9993152413905942
0.6803626150985344
0.938891978863012
0.29191717974823905
0.2069005184707331
0.5364349967865423
0.2159977774843802
0.023473451611326523
0.3092226255626864
