Architecture: combined
Number of States: 26
Parameters:
0.2646233892218446
0.46523812795004593
0.05557952856736559
0.8393915004929047
0.7800112171784429
0.04061894912800701
0.8634134848111731
0.602148841487627
0.2267162103002125
0.09233868915929677
0.21945078805519236
0.5609009162601674
0.6332816882121676
0.1020503552092048
0.6360520820941651
0.6418120300703345
0.6335125436091742
0.9948429684865139
0.7845988960027704
0.6779708678933096
0.48514072932358365
0.44124347194984825
0.277538125319716
0.912127212792244
0.05326903790461934
0.5890057175342616
0.8873690834359287
0.1373168170575556
0.32256689389046267
0.8493412565973779
0.4712179502288668
0.5018416779293193
0.4601920745975244
0.10400349992613012
0.5373032448952165
0.6607678757016804
0.42801143991272395
0.7815574225304363
0.4353506281265378
0.8515233359421249
0.8498842293718009
0.23382180815717524
0.7752142213232462
0.5304725616872914
0.0006808607393939958
0.521732448010194
0.9072264592193098
0.35863308212172995
0.10204735559413491
0.12732056412365567
