Architecture: k-jumps
Number of States: 22
Parameters:
0.46494817250120185
-1.987343106188233
0.44093500501844296
-1.9931781377059734
0.37411968266422646
-1.4976531332286156
0.7338796183033636
-15.0
0.49971205501797483
-0.7567823984231901
0.6825757638134967
-5.121393590388595
-11.514071474105824
0.46743931010486095
-0.9990891621852187
-10.56274191053782
0.3309995088374989
-0.6209267417999024
-11.022283777764137
0.5912312497933199
-5.153227711395448
-9.148823505076361
7.551272592286171
-6.928517426143314
-6.115028682884255
8.333916158591725
-4.251266854332104
-7.3758117056188635
-1.2443070323599594
7.2743551598356815
-4.1807997899895275
-0.00363235334336615
3.5354094128232525
-0.7330019248862297
0.3047846851208346
1.773545892204316
0.49784545926976553
0.32028511232545614
0.5596448127331204
0.171785841115175
0.7938132890605604
0.3670550106063638
0.9006266945475938
0.7085413431185728
0.13014241791302805
0.688926078186656
0.7518699558481672
0.882615749881786
0.331137807102922
0.5407709180480317
0.8413929090455058
0.05384859435058516
0.501410609337114
0.5395321564985031
0.386870641333963
0.5232605659929099
0.32365992293309653
0.5437134913194671
