Architecture: combined
Number of States: 36
Parameters:
4.442522275334287
-7.435008519900844
3.7467939820480574
-7.724105788128174
3.8459499745917154
-7.689944153535845
3.551125947305688
-7.796630754948308
2.4713007102376587
-9.238611378186127
4.600951277984064
-7.17087414012465
2.3638382522160453
-2.9003105173513215
2.3518570303370163
-4.147310252575078
2.4470157754593225
-2.7368069982809664
2.3474228324666235
-2.1627985447141453
2.446622547544491
-2.3286261183299986
2.405856108121268
-5.2770585821335025
2.2807549476314093
-0.7904788676786905
2.1802063463205883
-0.17282937987051666
1.6183968208932102
-6.55674281729588
1.423007758974972
0.21232594995355558
1.701912809583304
-5.242251448895688
1.5697606953164003
-5.7469999067736195
1.150115063205304
0.9136954963390455
1.4672451996827287
-3.5834722831562154
1.5684621426178056
-4.8610804614841046
0.24755081118175432
1.310125871676966
5.365933622882121
-3.5283537775970073
6.10880962887524
-5.68295338844904
5.649295630635592
-1.941364439255005
-2.5682997789554376
5.6091836782334745
-0.7490250600001332
1.8753060573602434
0.03002660489300045
0.5615543857371884
0.9354150673600731
0.691019267133108
0.6551034045176289
0.7867763641640707
0.6511291172098584
0.050711401942758964
0.7909271895260791
0.9748110191176782
0.4341220814716773
0.8369272415215191
0.3408654807115229
0.5539782414723579
0.029520308107224946
0.8556745035749129
