Architecture: k-jumps
Number of States: 22
Parameters:
0.6307781529594009
-11.739308289126642
5.72478575397058
-7.012188218042658
2.762855225724567
-12.753344383057376
3.0210583857749858
-9.749906936655586
5.1198914679527086
-7.828785878123166
5.659524964857974
-10.20972116641644
-6.619482528582012
0.973041310648006
-3.83940433995107
-11.122220949382362
3.5004066813610453
-6.103494030070827
-5.95099208513804
0.376755884048387
-3.5196201564926506
-7.721217864651094
0.4810591521183369
-4.999243791156907
-8.462279540890933
1.182247046804237
-1.7648469764081107
-9.422115853158196
0.23746726665587536
-11.635072607202682
-13.406043432937913
-0.010556741464810811
-1.0270316467075211
-15.0
0.12041442507655879
-7.03658544798437
-9.62618584207391
-0.6326882932762568
-0.5619493862480068
-15.0
6.909443831122788
-7.5852862162950725
-9.547494969034432
5.66001207844971
-2.355619160714207
-9.741643502983099
4.282099500961724
0.7873584062969075
-11.150204201439749
-2.833919359737533
8.74015118813035
-4.584039960146702
-0.8956018581040897
3.4169299931146626
-0.24278771771539806
2.973024524849585
-2.066773635265928
0.6554219532652086
