Architecture: combined
Number of States: 16
Parameters:
0.3911753699946112
0.7552819451686307
0.573681016093596
0.3815719228874135
0.0013105408507231298
0.37141427158968954
0.29495379190452664
0.9574961114963557
0.8882631585141032
0.36602624374667414
0.39979942078431974
0.07067046134435184
0.4774682160793853
0.06262703182035045
0.3827170498541287
0.5423959965752947
0.2681692795177013
0.47685651648634686
0.611936697708457
0.37743227958286785
0.6642690837689995
0.5493947270702907
0.01760616856129049
0.45163801408053494
0.674421875337699
0.7429612674023852
0.9717487037544931
0.1681303271325877
0.7483937200917101
0.4357583884787929
