Architecture: k-jumps
Number of States: 48
Parameters:
5.7785867046628026
-10.863614272277758
7.404113287712
-9.401590631872276
7.619973350882134
-10.30737231790962
6.707037162723268
-15.0
9.142854555806384
-15.0
8.919605964168502
-15.0
-0.29402812099978154
-5.428172180249419
11.81084758414961
-15.0
0.031106753918496613
-0.3679578396840042
-3.428155893088182
-10.546615715164762
-0.3606135577413246
-8.018378617551086
-11.786429234105261
-1.3253147621547183
-0.8374222747292491
-15.0
-1.3078355007348805
-15.0
-10.134043327099521
-4.099508627040454
-12.519558511173726
-1.3669232247169603
-6.505635943529635
-1.362080610087478
3.7633539770788516
-2.4463000427489208
-5.780062380474945
5.195183490560882
-3.5399925394758696
6.752410305929603
-0.5113885930213724
-1.741043065881186
1.4703399407495743
1.8098702165397562
0.6428370983202076
0.9435328699093671
0.38468295469010516
-0.07532302771691363
-0.36001427904123684
0.9093121804632736
0.5674250000015522
0.27007575329843425
0.43557780509430244
0.3998279819114466
0.7360334527346817
0.8043539863900716
0.0994188165792804
0.4852590352305085
0.14895884237559917
0.7708253168980638
0.11893980877911753
0.5979724775494433
0.25326016656294115
0.1617297735773081
0.4757270541665172
0.06230486926516523
0.5752122887965244
0.020191521626642582
0.23120389138465136
0.44681521977040245
0.8046890867996194
0.9515113785053471
0.7836692241114486
0.8020510976972783
0.9911112841492431
0.4461381407568818
0.00942548410066707
0.7492329917269812
0.8284380534723307
0.27356335297601814
0.839475273555062
0.26883226205407756
0.2646631764587233
0.4306058328263233
0.36823851351621806
0.299309364438182
0.7335654115534991
0.09196647347008446
0.48680914610447257
0.9488203116345832
0.19840790007920528
0.2462631002115182
0.26190685853625706
0.625462246200444
0.3429152131543469
0.7099083400532882
0.09851181651844065
0.3551301224919122
0.7192195791159025
0.9518101161785681
0.9134871041577657
0.2668621656685163
0.7884035527912043
0.9447456084116087
0.5308197167599598
0.8699913772211404
0.5298945611457841
0.717458171518743
0.3727413634629059
0.16222149460040136
0.2173227738282213
0.8007423756363444
0.40988710520866134
0.03055644357222642
0.46899649834305146
0.3785788910731941
0.30624467066653005
0.7983011200416826
0.2662957074458374
0.7412168111132571
0.11645538786421628
0.5967122999237117
0.433714996254433
0.6549001125287791
0.7498527773938627
0.4698706674164672
0.8630869394546603
0.7779362251645177
0.7341019842811867
0.9851104149589885
0.7568442126855198
0.9431318348320308
0.20010751376234814
0.4018635004976443
