Architecture: escape_chain
Number of States: 24
Parameters:
0.06520628376255988
0.7353281650234484
0.6241582387911833
0.6627073348865211
0.1936927847693971
0.5093410884292113
0.5208376800591861
0.46005762365417613
0.385784043929587
0.6924148015986186
0.8268542272797602
0.7811815619998753
0.06709594261163354
0.17630126998046092
0.4292857586921426
0.7152114355962884
0.2073605757773821
0.02305988733076325
0.7117824205154082
0.21900877996967327
0.4416066400022006
0.7527966555008356
0.4184181794745204
