Architecture: full
Number of States: 24
Parameters:
4.158999582210489
-6.025796202062524
-1.13175619848178
7.2750561454694465
-13.539499924218074
-8.811685883233986
15.0
6.487592817464534
-3.1542256462512586
-8.891273486896939
-4.413844813902666
9.775819151168614
-13.455679100716365
0.7107231809796308
-13.794589857954323
-2.778961516817324
7.987364317407172
-15.0
1.3528821091533771
-11.936577310802843
7.384513496475188
-14.015511444827528
-15.0
0.30844109581031354
-0.6947814784183837
1.2167003868450679
-0.0659999008818039
2.6430633105986554
3.5883303281872
-3.044254221081874
0.8277889031633633
1.2528952133908429
-1.6344893196556902
0.4887430541263359
0.11940573704446265
0.8670293646303922
0.4741574849519432
2.718707010954756
0.26033039878484504
0.19059384972527196
6.690250821575219
1.1614882673122398
1.9828394637058349
0.4234844203132601
0.768706076488588
-4.141372743738961
4.206474940928776
3.458644740614758
1.9618016807695862
0.9739016508915989
-0.5755700909060324
0.8168848580075835
0.3302146535277454
1.1322204684782715
3.197088327443495
1.5055089376081539
4.502315501999592
1.6418186923827676
4.6419792135832
1.217650501003168
0.8024900720639506
3.2360678566702727
0.6211762425381736
1.1522089198571803
0.9203403237371148
2.1739960045763755
2.1727806638002223
-1.0613936301844653
1.7973092278070755
1.2914407206157088
0.16877949697419656
1.0832901274474256
1.4810322797061801
0.8395377891882524
0.9993345753455526
-2.3182010880658566
1.52683479954191
2.5737602371822748
-1.959749852627552
2.3093233359328496
0.6636317935621501
3.7470358510281163
1.1555734937735913
3.487819611981216
1.2765865693425915
0.269806383083202
2.141331197897169
0.6327572579028523
3.101286085685242
1.0892774999875878
-0.6130322130029674
-8.479811157199007
1.102143447503733
0.3894393206537633
1.1760041065908553
1.095606654963532
-0.7491744731060945
0.9067306678995829
-1.3920875058558708
1.9189857350060369
1.0801108002675397
-0.9270788167977249
2.2141374904901987
0.2299159213073511
5.47166638427331
0.9402239130545271
4.981860038080287
0.5046852990174918
0.2588354711609426
1.4972421545073762
-0.03951710738605007
2.0778630387986747
0.5443614744987972
-1.1446420068233998
-7.976617899167651
-0.6354935454188493
-4.5536113449654705
-0.5958906858959099
-1.909095189781691
3.333813234240437
2.459164876913414
-4.442683190374421
-0.8134332591879472
-0.35682898552977754
-3.8296439381190615
-0.4868216486689011
-1.4886035797934931
1.0550727068187942
-0.5877163782946138
2.040299150783567
-1.4773200470153198
-1.0135319119444859
14.097232062264224
-0.3399545699040325
1.4943434751590607
-1.0491237433700664
2.8213729115875323
3.6036857206579738
0.1870155615006851
-2.8714553189395793
-0.4545497232561324
-1.2738232709882387
6.229304949951568
4.503265071682164
-3.5805229376625927
-0.49286580380601963
-0.46863336530962124
-3.3630831877680394
-0.3910105525361225
-1.2300141189243872
-0.10054329160639694
-0.28432102634338313
2.5348611855066667
-0.5163181088048834
-0.37591895196968705
8.36540202274223
0.20429740805759392
1.2663451110896147
-1.2713696350267625
13.428750668582612
-1.25541665295191
0.8778366484099861
5.627083124438415
-0.7257673857020837
3.7885015347851385
-15.0
-9.833269083292349
9.746147535244294
-3.4396970573858034
6.030800708232234
9.324283106044549
4.215426260434359
4.471062435129926
4.799286805516595
3.9516401521103806
-14.076925919484955
0.18128783926859807
-7.25612341603988
-14.292852123052777
-6.649047780825973
-4.9198378147552235
4.552101716935922
-12.546664259153946
-15.0
0.7236024684866267
-0.3150691117379875
1.8335885762211475
0.16684494590354954
1.11577777788528
1.1624701410559068
-2.041253263037008
1.7130405606958368
1.0672044647503924
-1.5112698311721147
2.1961084905790624
0.3154340086550837
6.407655162353519
0.9361560061843407
2.8635098297669392
1.0292730252815738
0.002216804503985672
2.1765359632406933
1.051266126435419
1.5482619471553214
1.5964092525996967
-0.20659732281579862
-7.490948669523153
2.2045778756417906
0.0011466053844722563
2.032411005310115
0.33149354519653385
0.05007962310166912
0.06805718990928007
-3.0854525203348233
0.5554253448771903
8.359303411366916
-2.104046792594483
1.2417548483949357
0.25435316495630933
3.219899195384714
1.53913222144757
8.10660443652698
1.5224514557561868
0.1317308909553773
0.7996884499191586
0.2559651987152882
3.731146354977619
0.6765082328486467
-1.3301647403499235
-7.902030466478486
1.5110071802447205
4.33029839616119
2.074909942519205
4.755423605838546
-13.58856981039819
-7.188669522841352
-0.216724048569831
1.6846917023511818
3.9653447060874076
14.996149507059107
6.564665532170552
1.9205062884109514
4.412600377494114
2.9500119335651105
-4.394652906595222
-0.09058130702132287
-2.8564743838862845
-8.68128292295822
-5.679783276614021
-0.15657393645526418
14.714469834239363
-13.572827169868118
-13.98771565622189
-0.06776386949110597
0.780012978164913
1.7076953953730507
2.3003345179325603
-1.1103662636663345
-3.9077453162257667
-4.095220833847063
5.0258818209635
4.516192993408037
-1.894321818454864
11.223761452881398
0.4849294308470905
10.930777447452375
1.6777628733324057
2.81386528127514
0.42602706392796924
0.07836978220138797
-1.8105779469542767
-0.07331712890866386
3.4322626597596586
2.9983129705815657
-5.431304909590691
-5.66378304785483
1.3694947579869374
-0.18628411378888815
1.8783637231552974
0.09023673861174672
0.4983937746808694
0.8020420634517006
-1.9698930287870704
0.5213517921774725
1.8808689976437503
-1.0793600557923715
1.4708214346732718
0.007807275872985615
3.390529237812602
1.478172293141907
1.8800145324654383
0.20110587984458167
-0.04612284553876664
3.0914175917703988
0.17688226753637407
3.0118028463221256
0.32382676078934497
-0.1305413016081647
-5.561946403447029
1.7879143588324464
0.0835228974125373
1.2120352063058777
2.041282345751
-1.171153287081281
0.003697247249069998
-3.3502325849726726
1.5000225447448365
7.683509241085934
-2.483501349867196
1.567243527222763
0.4704492067142794
8.020777549121593
1.6112916604551981
2.6605648284041674
1.3157657722860814
-0.04554429482291621
0.828031879627875
0.9852566648274437
2.6492625928134714
1.0142957305915772
-2.112642093534978
-5.927441780282773
1.369928585378033
-0.25747627668912754
0.7501072948399059
1.2186772289360108
2.4183109542008503
1.5278066975275668
-2.1797483697135838
0.8296393294284576
3.22751739757803
-1.5863200394100332
0.7766477154929096
0.12844475867586136
1.1845637386276693
2.24108679813406
1.778259754965776
1.0336174100263735
1.022199430548301
3.7554533959691985
1.8186934912736743
1.8847553162547617
1.2095579637308274
0.2064567503909188
-6.492409832780563
0.25138616370469624
-1.530823477663918
-0.0054161317839674615
-0.789466406232184
14.316130007056234
1.747489271034977
-4.490771344661271
-0.3624021403266001
0.3510094944630531
-2.7482905376320903
-0.02821636679102956
-0.9610778566643614
0.8917448499059749
0.3808831396856538
3.833315245049617
-0.5172084093456255
-0.43494663722066645
5.950181423651795
0.5278453854497035
1.4111526448594687
-0.6080569154309833
2.379833957129479
-2.3938449089539846
0.9159495946377596
-1.2578391340916246
0.6765256380013314
-0.18360934232173637
5.952866500924103
1.245523178132778
-2.235575703694208
-0.08416363075666893
0.9770689117363182
-1.3785871446837703
1.0655495472056393
-0.47833674246012936
2.490143784347423
0.3574904758644222
3.256785897613026
-0.23527387969655675
-0.2660158436087855
5.176703577821853
0.6831514836157052
1.1412324182378424
0.2620571252781807
1.2568912238807999
-2.8059222564709825
0.6696542184386414
-0.8641998875223724
1.6078003209295306
-0.04816461026166658
3.403311770448227
2.7319809640506896
-2.8646692315713276
0.7657630968046647
0.6039345937188721
-1.4636281456447122
1.1070525319963027
-0.13429175395439208
2.2710310196568213
0.70599857058603
3.5650679574378494
0.0018194251191593798
0.03469343247190671
4.023737983025563
0.3816597174353096
3.2226736738029667
0.5388116513753903
2.084768367887754
-5.796472387902111
-0.9853502597828383
-3.6904385771238655
-1.4708415827655068
-2.686744627149281
14.378359533608354
15.0
-4.7254166829779285
-1.4605855964422985
-1.808984881870267
-3.736781104519384
-2.10044238899956
-1.8999333514023342
-1.2827609020491484
-1.2471595148920394
1.737908616704133
-1.268506240858348
-1.4856585852834063
6.7644123799057505
-0.5765255711569118
-0.31050856266788035
-2.031263541724017
8.425381880806226
2.477836760125551
1.2059576876662006
-1.7243305021309159
0.3066566071311479
-0.27682586765657374
4.857374910658908
2.7801920521516017
-3.3027337900187614
0.6272883602760667
0.6230624353789306
-1.7298877616884354
0.4550569941492036
-0.36038058423374225
1.21125623078574
0.6692238069073535
4.223249267882695
-0.04885049365093639
0.2204990318511212
6.463619114189872
0.8875827154452454
1.8180314006758451
0.2560895422325336
2.768133695008717
-4.582200012509912
1.6170067588682175
-0.9630450869785794
0.4653974006864615
0.009383737742956122
5.408638117952957
1.1392299230778518
-2.8843456337534237
0.6662597663309207
1.6358338703835338
-2.526066657706676
0.9328576817429577
-0.3385082085977178
1.5332728776806492
0.6102545849815525
8.927716211488706
0.3801395732183765
0.2653325784501362
2.7370898094097362
0.5646830857136196
2.793863241766455
0.2307660874499687
0.14194511853719735
-3.9040182892674338
0.15586247271067843
2.0140791394253355
3.701279917163235
0.9756105662986698
-3.4655059458554356
-2.211619628584502
-2.1616700912287237
1.0650102246297208
4.155339408373428
-0.5094281078162077
14.857307153489264
1.0709740871166493
2.8587903528358667
1.1159140355363135
0.8914855813040373
0.4925380093383316
-0.356480560201507
-1.9111242133720652
-0.48550868706564543
1.289683232037148
5.84276102494894
-4.184786022625467
-10.646242505531069
-1.003985985150063
-4.332772885055652
-1.2862539879341752
-1.8834544419598978
1.2784103454676
6.1357891072096
-3.860817144169213
-1.455352467030744
-1.130690739324293
-3.0973706923602973
-1.4542117887301258
-2.1064520230671526
-1.423377394511453
-1.0415577704772039
0.05130482057365507
-2.055117215251853
-1.6686271943988373
4.102390689176308
-0.598648487158444
-0.014829388180489117
-1.6316064367079435
14.276318865858665
13.877674634764139
