Architecture: full
Number of States: 10
Parameters:
15.0
5.169255735185135
1.4846249657757276
-8.746606270095118
-8.261320193489743
7.002301002355929
-12.066357162011085
2.0130679099869817
-15.0
14.898741425291254
14.004748760850958
3.618295793979614
0.10759453866721742
-10.90859911356003
3.001982385807451
-5.187103736549644
1.9006394305594014
-15.0
9.955842831628452
11.000620985761257
1.296127014448019
0.3814331334705523
-7.157878261576739
2.798340949735158
-5.318850498167057
9.829460252833174
-15.0
-3.1994356026240105
-2.9096546378598513
0.7863822338151055
3.703131762727216
10.264562133789182
-3.0915545229917396
3.700303060140759
1.205990626921755
0.9164734356277108
-4.356709809597551
-4.580614714659534
0.48219588768203453
4.0332104040748735
13.784368854927187
-2.1810935106012646
5.168658704240289
0.7964156728709149
-0.3505861473816339
-3.633458338611487
-3.849447447552496
0.4572724781322827
5.084632086527611
11.80619505399522
-6.6153519430165595
12.035132126016844
0.27999832035130706
-0.06248974285729849
0.9603917215322122
-0.8468215851970936
2.911573422120112
5.155179514603806
7.20227671707885
-5.3459132239975045
3.0756469280524565
3.8223391243359686
-6.921366505697434
-7.127047566620636
-5.919168330440535
1.8908230118552276
4.096759058770715
9.13368694119161
-6.245304780872075
12.74559230907093
2.5425317131478504
10.520184619917723
-2.155364781832407
-2.5746878850038617
0.24108132888743922
12.522794754841504
4.92436301722506
-4.144500862750852
2.4185006411694148
0.8011255327720548
-0.7576921133958657
