Architecture: k-jumps
Number of States: 20
Parameters:
3.4786885308529762
-7.466043630349428
5.654415452799332
-6.332542959971939
3.7078911574879987
-7.54387459326276
3.8662028828624035
-7.820796943366362
4.534875580516536
-7.829846158156844
4.719743429745183
-10.155399896074728
-5.554822477534272
0.35100765010515833
-4.563115172384103
-7.575902984839333
0.3017426335839212
-7.716925434574631
-8.249612286923652
0.7911947493681418
-2.888785466878981
-6.256806241309493
0.4632647481444805
-6.740738038677406
-11.540990990466781
0.44231565421715274
-2.1813289105217493
-10.226971629616756
0.23128455277828555
-8.092273450350826
-12.246559115615959
-0.002386256478525354
-1.1236081802647713
-15.0
-0.31559666238607204
-0.9179099764919502
-15.0
0.38849011952117374
-10.187442073446757
-15.0
3.3803482405523955
-5.344710895522458
-11.40382503904009
7.5122142318071345
-6.923101997286475
-14.444054077984031
-7.44091697688814
11.714382379728818
-7.187441925527355
4.952659506259948
-5.915639260385207
2.2653257086574694
