Architecture: k-jumps
Number of States: 38
Parameters:
0.3477437491388202
0.3130252287903268
0.20552982085285887
0.5182137547602796
0.09703927828367143
0.0020915460436242705
0.1055579997470274
0.30660798743574325
0.9036002874571033
0.27877680681099637
0.16380894150452396
0.872771332046224
0.45645718641541255
0.8727462861535771
0.24851469215333488
0.8933318716364632
0.30393380427615024
0.5485110751695729
0.24324216031024093
0.18493489619296
0.7093706983813596
0.5259231933940145
0.577615225439775
0.29261520448534817
0.5688959111433023
0.5514111885428471
0.9978878835830409
0.1822295642700098
0.2512183840800015
0.9018408042411338
0.44272516091246916
0.8076387169449187
0.072556074195537
0.3778027841291196
0.13111553723462255
0.7096305734608859
0.045705458395888465
0.16561315085409523
0.24893398718494153
0.48198924433294554
0.2998459490553165
0.277918671415475
0.6628274819948384
0.8681041169882496
0.24844899855569058
0.49246493953027837
0.9968630858160207
0.8289784459752078
0.045600874280994796
0.6744925591407309
0.08062250681882532
0.7486461108570245
0.9036130981793579
0.9373292946490268
0.4291506245626989
0.44236916637015566
0.32720943727266594
0.5292438769052911
0.45440809948934613
0.8194843927982073
0.15282503530304603
0.6208930672560133
0.23768974660900388
0.1193701394394715
0.9572256875248446
0.7696255277702775
0.7775102759087377
0.2758755942823544
0.891172406315893
0.2327616009869622
0.6225519860381672
0.010416743200139189
0.2567242860930685
0.9003291058796119
0.8039533662777326
0.963545294521937
0.862421711366665
0.5652978182021785
0.4647478696796338
0.22184835784271806
0.6748314450860297
0.3719908589591717
0.9097426234900892
0.9625895319560838
0.633124932050134
0.07206997481425526
0.6089381294487557
0.8512225201527442
0.9231961589254335
0.17113329245206343
0.19518458647351689
0.5828637463913523
0.022063785608689157
0.733336541984141
0.695447436802577
0.275669154716053
0.5065758898070839
0.25755226844316326
0.47314812446381804
0.9231138176495138
0.9063813980971351
0.8226344668617349
0.8060477627967958
0.8514149192773703
0.20774074376770257
0.3202868497579501
