Architecture: combined
Number of States: 40
Parameters:
7.638881549498495
-9.171871405754239
8.029950089488498
-8.827980130993778
1.616134333980381
-11.438688547005935
7.2658392540425245
-9.422601945031207
8.936377917504247
-8.105887566802467
2.628435394240111
-11.223020275968528
1.6604516876331583
-11.385326636689408
6.923293711961805
-9.00249996873518
1.986272641044831
-2.5998733376929173
1.8866206618158363
-2.172737936627138
2.9144768260434817
-5.633941859440255
5.477702427113425
-9.001928289221782
2.735590354423928
-1.0780005127301207
3.8210018679427167
1.781821563966689
1.20632120353979
-7.286884150017336
2.5890674353315877
0.8232381152416899
-0.034177845661141626
-12.130582041525473
-0.9888667437315323
-0.4022062935770693
4.068563877749094
-3.633666964208317
3.4710041255320085
-5.9693018073011475
6.608246343279436
-7.5763284166180425
2.964670094107068
-0.20850098939916253
-1.8107880963670289
4.8175855917076955
-0.9374467620414363
2.190524074925026
0.37793867154047733
0.614541955136886
0.2750670321694151
0.8950486830319166
0.39028586337386284
0.7706166077050502
0.6004621873612718
0.5405509215479413
0.5342493004252789
0.557586771883164
0.06020322869103082
0.2911243215292008
0.28619444093145824
0.5395914956585892
0.3220945890509214
0.9779559782875061
0.9021672234963608
0.5013552715919778
0.943083349147131
0.8135099390569102
0.6004901411967152
0.4635266310363646
0.3273668647786592
0.28373871366960157
0.38109405886727477
0.2362855987094863
0.7428917821616673
0.21975621095212006
0.9817844388448421
0.7385622906140419
