Architecture: escape_chain
Number of States: 76
Parameters:
-14.545196954573807
-14.409860488444258
-11.88686506777187
-11.678966425531447
-13.563542263371353
-14.936682690106435
-6.2167415802619095
-6.183237370013226
-4.699157540885466
-4.4014791938748195
-4.09299206539178
-3.3672095777149424
-2.998787733626721
-2.530754888039382
-2.4192187288651166
-2.3236253861644345
-2.415266913620088
-2.468919614241732
-2.942738563692787
-3.044572032175293
-4.04686082549893
-4.035929916748306
-4.837024334296299
-4.82256035127914
-12.845929413371854
-6.179848211631434
-13.42634076017072
-6.23793531206296
-6.152421840049556
-4.828723468636703
-4.402227411470087
-5.085464074613615
-3.6663674440304144
-2.9245682958550985
-3.17116498885603
-2.661806017918442
-2.551657815448501
-2.173746426911307
-1.9669489824007473
-1.8740406346303047
-1.5095538044481418
-1.0483880592611712
-1.3383287507596289
-1.514173639590913
-1.2657311485430203
-1.5191357902744258
-1.0979970784043072
-0.6007017398922248
-0.8942693460333635
-0.1811493382995102
-0.3237911631858504
0.2820447906634052
0.749689897011866
5.813948413543476
0.6333277315286665
0.8870313731212641
0.2613923523878541
0.9402798826379037
0.9232941259067127
0.5660964740474929
0.4097429745820057
0.05775667692001718
0.6839005967320549
0.48705280812419494
0.3622439360468739
0.20607713422964935
0.5392460500855248
0.4753225101623345
0.921962811524376
0.5909433387345102
0.02711088077748658
0.5591644996671139
0.6928672293087043
0.2978303680651935
0.9361356427724096
