Architecture: k-jumps
Number of States: 26
Parameters:
1.0537614973363012
-1.5926338375516507
1.0643687590463224
-1.5105034944628797
1.063416103550009
-1.4153153758085144
1.0812095914053086
-1.474993659057688
0.947768152133255
-0.9163565567203312
4.165960376604215
-3.467235757084789
1.2169712476790946
-0.46466467676116413
5.849927096844796
3.5859864064870446
-6.7835990825578385
4.851382817534283
-1.0463301790146715
-4.602268439869667
0.9426454954797893
0.13802257934607648
-7.770101405637237
6.486733615787404
-3.099545161554313
-6.147711814600229
6.423269443031328
-0.8440068372571712
-8.696348130885333
1.230196841842399
1.0068066191324354
-6.686448224238852
12.06577333671061
-7.285010855834003
-4.107262497435288
5.620124593758983
-1.6576141883102038
-3.774972290616414
-1.6536644421885944
6.129037547982754
-2.372887428661656
-0.29466914252522597
1.8503618843896323
-0.33031213773364154
0.9019053800426116
0.8336777479977168
0.8735028834930078
0.3068742067731034
0.4849635503207466
0.9096211054280614
0.27917077835241266
0.2778693643061498
0.7706652252326783
0.8777096406868983
0.556645814898183
0.7979983587089002
0.07356667897699765
0.7308482638759505
0.9484115842387634
0.31785028608156685
0.4336365128752576
0.2723733260212031
0.5138333663859903
0.8886114577742544
0.5594116298678247
0.18560225687687915
0.22654228785363595
0.28734275981262136
