Architecture: combined
Number of States: 50
Parameters:
15.0
-15.0
15.0
-15.0
14.99999597261967
-15.0
-1.9529232055075751
-10.975456088490247
-1.9719004244157357
-15.0
-1.9719009601784225
-15.0
-1.9725271245143308
-14.118319677962642
12.705106510050838
-15.0
7.689182039370253
-9.664373500137328
-1.9675889835114324
-15.0
-1.9720479913632334
-15.0
-1.9721867119660357
-14.088449082849197
-1.975163227293053
-13.551316795973088
-1.9701012456181861
-13.258936992549813
-1.9724128477114629
-15.0
-1.9723782355835449
-15.0
-1.9726875684227336
-15.0
-1.9730807217532786
-15.0
-1.9725801026248317
-15.0
-1.9729961709638124
-15.0
8.786154231362213
-12.21951329891669
-1.9718536263867081
-13.00136455326274
-1.965939161379947
-13.188583365254273
-1.967176679533684
-13.847023929720217
-1.9723691418071885
-15.0
-1.9708045445352993
-15.0
-1.9711814864745627
-15.0
-1.9632830677630824
-15.0
-1.97163643339837
-15.0
-1.9727695799565472
-15.0
-1.971783551702138
-15.0
-1.9713398425101558
-15.0
-1.9719324647642296
-15.0
-1.9717899264862615
-15.0
-1.9710823218557074
-13.88023706398672
-1.9710617216389492
-15.0
-1.972894458783805
-15.0
-1.971957028310384
-15.0
-1.957466567492586
-15.0
-1.971257921600607
-15.0
-1.9723299464286863
-15.0
-1.9718881221782125
-15.0
-1.9730579911233586
-15.0
-1.9712173585067354
-15.0
-1.970563293418307
-15.0
-1.973409869823942
-15.0
-1.9708429872198663
-14.999235854344436
-1.9651469454891644
-12.448040405676158
4.677285956013442
-3.7529645180369307
