Architecture: combined
Number of States: 38
Parameters:
14.962666513829943
-15.0
14.959792100481772
-15.0
14.959580481045172
-15.0
9.821843929662457
-15.0
7.209149884513408
-9.67828208992639
-0.37524267709390874
-13.458408276949934
-0.4191524360842849
-3.5733107136580364
3.1425032453567425
-7.73336848963915
4.709235772461388
-10.05228835253937
4.651520925527797
-6.592940171277736
2.4984742168110734
-5.682316240156925
2.4614064908118833
-0.13664019430645116
2.520857259965748
-0.6418309618134447
2.214964362399177
0.7284336108901526
5.241323404611821
-7.3341049947961
0.8293715977986802
-0.1849043289016786
1.3197964169269636
-2.327861949401591
0.11466916868231468
0.08848585921922596
0.6282129184098425
-1.4690544452238405
3.410540384033915
-4.245896570852785
-3.190756348420635
5.8655368139221515
-2.2064862200057656
5.146156880634255
-2.1622194055808404
4.448103621851598
-0.4933085133811373
1.686163271581278
0.21576400869004955
1.2613457057002269
0.6526635065812384
1.1453351021285576
-0.01480915826315836
0.9991367982265426
-0.028510938914172817
0.5132961305927685
-0.007594303568920869
0.42125987116341607
0.628166884009609
0.3737894082886061
0.5157185852433632
0.8494381577029289
0.06514078991929725
0.2437807314283886
0.29134958401370853
0.09821614045665439
0.7111917046138494
0.19844980686771274
0.5895377938483759
0.4835674964800306
0.48166374551028035
0.32310379922882915
0.6662951912177725
0.6253699220518169
