Architecture: k-jumps
Number of States: 40
Parameters:
5.713976098040845
-9.26470896734559
7.1462320361443785
-8.171518586442142
-0.091076519141798
-10.968646245061516
2.509735980573905
-8.382376239988787
5.094784355479227
-7.572194039753439
-0.107191950169405
-11.65293630980887
-0.13289725426127708
-3.5104784531090636
5.822559825008001
-3.0451473489760144
-7.4657122019880795
5.248669613032569
-6.874806671374612
-4.927717323643977
0.1519631883211594
-9.447035326879055
-10.78393336165219
-0.1349367417384754
-1.6515085503950744
-9.292794107566369
5.2762723828183535
-6.893070851633743
-6.237237879442493
4.6501394248738785
-6.142795057718473
-7.051832734879343
0.5648969128752259
0.5363749364619751
-9.18390928325066
7.129847420036562
-3.2159365963410536
-7.396461433320098
6.785594627005363
-5.2851934496027635
-6.9679906114295305
6.388082362565977
0.1944323026832664
-6.933833769206811
4.329421876745485
1.1314747997027739
-6.525181561759804
0.9161677604745535
5.332089909478798
-4.588029226350609
-0.15033707631489188
3.7920669469820965
-2.100152725022791
-0.2614508350084469
2.865735030130774
-0.40478640036790314
0.8523409627715499
0.9195756250154107
0.38944574866755827
0.5037648612115119
0.20588838080098523
0.2516290194064516
0.2592170634956173
0.8184458045965224
0.005146052892718914
0.9647959494631039
0.9498550660690951
0.7653112164879943
0.038146882441505534
0.5618790562704242
0.45677942462970844
0.8264697172848133
0.5598091663295521
0.16777395793455827
0.5766088399397629
0.7113389969911379
0.6700972073715642
0.9058972593829089
0.3971993349608264
0.47312664043499325
0.7290758185332958
0.07959106318115103
0.9444119291630312
0.13699254097968439
0.3088341613124542
0.18497859498369218
0.7766200769738673
0.8690254962268882
0.48974158480214414
0.622378556875043
0.8882014125826202
0.4445583928412814
0.9166569308436796
0.6358277460074064
0.6011540575016152
0.23681289136999828
0.907733606621254
0.027526479928029923
0.322875449406823
0.21540246297908028
0.1363986111371106
0.311747983308309
0.9585995358909538
0.5154355860115053
0.7074633737282022
0.25253445558266074
0.7940251317253542
0.42075612786669037
0.34015379836771265
0.804659310434009
