Architecture: escape_chain
Number of States: 40
Parameters:
0.497745574141469
0.3150199917339107
0.8950757765932436
0.014584736855874691
0.2844994686149187
0.6218663916446703
0.8580252738398159
0.8656119722366283
0.1681460558454898
0.6470580263761981
0.8643032927451267
0.8940178701534496
0.9554832759211239
0.7258249705242079
0.012668243286420688
0.3971004394113279
0.8846648256061858
0.11579279875980464
0.23881875952225007
0.4892533525812932
0.4630977391738945
0.718222987963668
0.8976789619410662
0.06404554141462782
0.7678781020396582
0.24616379686171197
0.2927035673344631
0.11385607862051894
0.4854451377232669
0.9985545450806537
0.3365868056517646
0.42920696231311684
0.50647186080694
0.5392728276642141
0.22361947626887457
0.4491271389923045
0.8511360601738807
0.6173274135333955
0.1626291362759471
