Architecture: combined
Number of States: 42
Parameters:
0.41235350938360715
0.40667868419754116
0.04165327227156668
0.7093890690918194
0.6290715705996137
0.935348210988645
0.3104973348794836
0.42669028694439004
0.8161774140452903
0.7730152711107193
0.5378938272718008
0.8507539559189755
0.48186815968468877
0.7817648247749548
0.5584778161191464
0.9448326698517104
0.6822007403268325
0.5520298018210168
0.028048168206964652
0.32741359608896015
0.7943257100267437
0.33447418357460423
0.7424511171862872
0.7971155764114992
0.8744411616528096
0.9426754775368019
0.9264689857781209
0.750512182254907
0.6525814822980353
0.03361025936290041
0.40579181905323014
0.8452010929839907
0.9232410319521359
0.7975668240196442
0.4667777490483044
0.9560049352244917
0.6563844501896979
0.7626177408983394
0.549228282559265
0.6630774366868453
0.2985036591387743
0.29820331647315956
0.10441627398004316
0.36120463052848084
0.775288714452776
0.7423157587602588
0.223512945546959
0.2694605435700126
0.5026790794916877
0.6984186969619363
0.03395317673533216
0.5503091648458578
0.4104991719833866
0.20033266831599372
0.6823942811035812
0.9564986942003456
0.2921648065745034
0.25352769718048884
0.03511882011790768
0.8922967142402691
0.9578588589503512
0.5600427712947804
0.2846785467401607
0.6569000901278108
0.3476014704261797
0.7087569651872816
0.3439180762230907
0.5356229518667843
0.8632453738517888
0.3807550765076143
0.8545361821010242
0.4822057670726597
0.1709368052538366
0.8245706820096977
0.7580692381097697
0.64408071255755
0.33134832919646917
0.3070377120094645
0.6095248782020005
0.2925332439231426
0.16653028814880488
0.26546525275636723
