Architecture: combined
Number of States: 22
Parameters:
7.402537391938124
-7.526745940414733
6.378764569190389
-8.476858049785147
7.597441787119017
-7.839707291682573
4.485360528340172
-11.181495080203371
7.16788197753855
-8.67528930872477
6.501896224554948
-8.538076083941307
4.039502108448056
-10.488793050733484
3.0134243221685195
-3.0824380043417023
2.207330516125957
-2.199421909662487
3.2529228434483723
-6.1272635271800615
1.6651658382946029
-2.0590673173258174
0.5369319576624318
-8.164248048360577
0.27053947196772843
-2.1351466093820073
0.3525324376228735
-2.254980857050208
2.1031336856125056
-3.354502807590681
-0.18006401661131002
-0.659557022064016
0.5028592475246118
-4.083851825328264
0.29746237488029004
-2.789564375745544
-1.4660513455560245
0.18203903135195423
-3.612312573039668
4.525170230430906
3.9160020355658927
-3.424422326110043
