Architecture: k-jumps
Number of States: 44
Parameters:
4.594018564058165
-8.672260026440338
2.360112276783298
-10.170632658060944
4.848931002426739
-9.229013832490683
0.9835523592507142
-12.002558988046443
3.1736063795930263
-10.609174041487622
6.287066301037182
-10.050130691603277
-4.564531838630757
0.789830597558698
-4.036810906000475
-12.803156487184305
5.75820929836397
-8.841574333487337
-5.37065683591083
0.3879987549805633
-3.4967918872062294
-8.193627580096912
12.01559679193666
-9.679790111850098
-6.514923046023998
0.5395413903703641
-2.560037122887272
-11.211135979931495
0.24639133754767684
-5.828804765872651
-7.452464648401849
-0.085859295723564
-1.3042950323783957
-14.282166951582356
0.08752828913216673
-1.9327610944863023
-12.210343774382864
7.113857962267947
-3.9450324243826214
-10.094513301153858
-0.6994372849080869
-0.3804933906379523
-11.745307528624151
6.342554355349675
-7.17165612655324
-11.791153181592758
8.99169254909312
-5.788337287502832
-6.779289736424223
5.588438770942905
-2.4791638290164233
-7.6554326468596905
-1.9974947716564557
6.353578637545427
-3.0850697897741424
-0.9396180061259949
3.5826046469301396
-0.746942345944177
0.05816743826481308
1.3012686915459426
0.3110636052945314
-0.08249950439179705
0.4912800669660829
-0.047055050028823625
0.8755569362159475
0.21156014283528107
0.6684881952410578
0.18027010484976808
0.3645194747649544
0.6209657553856753
0.2155805619808091
0.8342852982907574
0.9004229712215569
0.6079989414022212
0.5576761254276096
0.6531062292128542
0.6341541214165448
0.6931632766758138
0.0066464268439331625
0.79525307818229
0.1267206123312172
0.2068432094612285
0.4999688036926233
0.47382876636934296
0.714203867266188
0.8961277729783995
0.3484562010839688
0.6974479123581581
0.994505446144331
0.035827443275619486
0.17123617664220636
0.8505927919626676
0.6613642391850828
0.45837321438404743
0.2770297491736238
0.17718231234712267
0.9061359303334912
0.5107154039849852
0.3845772669351737
0.43151734018593746
0.4366898074343092
0.694908997242633
0.4700117119112135
0.32613423159512156
0.27191183501579264
0.5782783804807899
0.22854456650597743
0.7820898338121425
0.9287223352654415
0.8679450318249362
0.07069052346478899
0.2298899244388216
0.8662326981526254
0.89713056969765
0.03624076130025544
0.09405304697067607
0.5526783380300859
0.7986700999989478
0.2427797347477153
0.5795490656438791
0.9645311513931887
0.12405571651791403
0.10969371080718393
0.8701551086050137
