Architecture: combined
Number of States: 26
Parameters:
14.999917343376291
-15.0
14.99991454357129
-15.0
11.388346423162904
-15.0
4.07762496122185
-7.951349991019822
0.3622800998209255
-9.284232092206977
1.9900524326748925
-9.625544760001985
3.772253935784189
-12.541789094629232
3.141698489608549
-15.0
14.480147014171623
-15.0
10.458278212090885
-15.0
-4.8575628334725955
-14.607299561751546
2.8487311044964794
-13.234177074654214
9.934140509906515
-14.52468652432516
10.244879247866232
-14.284448365998498
4.4576359863860935
-9.686899817679894
7.08389307819943
-10.280296508342934
4.847286827286573
-8.888706218018298
5.74649500858461
-8.60607913291107
-0.6474612249275385
-9.902870998146145
-9.052255913081359
-8.291741336393747
-14.590784938885037
-11.646113046027617
4.48607457653519
-9.857092792700644
4.923290336876943
-15.0
1.1958399404779543
-13.80438908054393
4.135232138129777
-13.383283398562877
