Architecture: full
Number of States: 36
Parameters:
-3.07992005766068
-4.433889975722076
8.36402606483368
-6.818356060836862
-10.12744680842521
-9.703551940541642
8.844490994347725
-7.969437627961147
5.409986433721663
-15.0
15.0
-9.034297066236443
-8.388743771984618
9.364478228155255
-9.171474405813449
14.956884673724188
9.156795853746221
8.52874727079508
9.399896930214947
-7.250359876723337
-9.932309490888303
7.1791007362989365
8.696593571947451
-3.2782471986380335
9.31008299835519
2.3425788107333885
7.893136965576206
5.169312103850559
-3.2709922865211505
-9.184366239832512
-8.961109905191652
9.460922322399096
-4.552787183621418
8.894580374153126
-15.0
0.4920790901785019
1.6116070670550613
0.04056378998567532
0.9974207673407091
1.5073846481003834
1.085841138016386
0.8891205759028571
0.8898476257174351
0.19872882856877205
0.6345691628886093
1.6600624310378342
0.884289418867363
-0.6323704026316576
1.3061146219958741
1.816037438831876
0.5787647416604216
0.6384936844963985
0.8510343428601551
0.7872693873126976
1.8752562475976937
-0.8961319987533333
1.0914242790833766
0.4075451708113359
-0.5375181270275325
0.990717209689767
0.6122295435712586
0.29007205442705414
0.39460587385246515
1.4762246881322283
1.1699800616285996
1.1932246613214734
0.3196072278508243
0.275892744685038
0.5945634908479224
-8.765796317354555
-0.4775332458699559
0.9669794352019795
-0.12029519646302306
0.7873887181165384
1.2180187331306755
1.899750132094401
0.04978381810773621
2.391588797539248
0.5251573511231108
5.537545353120082
-0.5927826556764336
1.046851567687982
1.4312195645310841
-0.03560388707894636
0.7888547977809414
-1.438835304644158
0.028199334181753147
0.33177143192696995
-0.28964211989916266
1.5345510973050627
2.3609668362988145
-0.1162319274806455
-0.2230517524173626
4.014336240066178
0.04791355542683025
-0.39487055934734383
-0.26999612448368204
-0.25263148140627156
-0.4198856376883568
1.9220549214425768
0.6918148929308955
-0.13759963396328556
2.1795109767915295
-0.2631468456861781
-6.112946428267676
-0.4733176427711898
0.31661470428534516
-0.16938848968460915
0.5215323615827929
1.9775118009329142
1.8488541608416647
-0.25208407832446117
2.598289240588296
-0.07623096391075308
1.6552083928490147
-0.4124011418496966
1.3905476223521493
2.288793264366085
-0.26831798371933335
1.5058056083633633
-1.2819035463242723
0.25471401861907195
0.2634140296527706
0.0984704007780358
0.2648528788435116
2.070103953244203
-0.02650609784160877
-0.12939764156983183
4.433153137651139
0.03355511313211519
-0.39218309472803675
-0.30558167834466526
-0.1078783456606067
-0.41807161513663615
1.1788524561735454
1.4088442881676062
0.28957494178949444
4.124708999826137
0.03566925643615354
-4.962521007665968
0.3844854403217171
0.7026252599328577
0.5063948701704483
1.3422913603766002
1.6026648734080184
2.020847578170119
0.028078186198789636
0.9960591363712478
0.07618101475510798
1.6249201335305283
0.13239807553877692
0.987921286286689
0.5827361593054524
-0.0185627924687537
1.8974690185852991
-0.7663878326236727
0.15478370797685803
0.5950429170008025
0.7084175347097701
1.4986338587232257
1.085473159621434
0.42685691428855416
0.3357543147321558
1.023260803705908
0.6589409777921504
0.3279740546254324
0.450146448050466
0.7271412015253282
-0.0009684677499024356
1.5717443484905784
1.6522098570506643
0.6522672280324064
1.5128324277048744
0.08649708801103524
-6.431324382114736
-0.38059040844441766
0.3835898330863466
0.20864963765635286
1.1060198353262756
0.7365806419517661
0.9958180318775522
-0.10661158651391028
2.619603102528369
0.24766671759985556
5.220917451866637
-0.5844796367895808
0.7564842575621198
3.0380566249518823
0.0687582029781564
1.4057200675492036
-1.2258157027265866
0.21726635159601207
0.036280830338711136
0.11758100358128261
1.1216761451226376
3.214170072839414
0.13971916115868793
-0.13333902191126243
1.5598333075809698
0.48099921440489524
-0.31541031021395494
-0.16732791636490124
-0.15316760576171537
-0.2658160980702363
1.0414818352750264
1.1228427654213653
0.050884284787491026
1.7906460973235778
0.1876722972456532
-5.2647515109300045
-0.40573889698902604
1.786755421802186
0.32794593765908137
0.8216484433583178
0.8389036315416171
1.8181390929089074
-0.24315181082815193
2.605760610744046
0.05169122258625335
2.3259854542105196
-0.45062055343347324
1.819986219544886
2.5098413267018103
-0.14807752840671848
0.7570954292053685
-1.4215045800702018
0.3455114944331006
0.5545744451219418
-0.12747345338691451
0.9808303047757535
1.4844754001118448
0.18237561671679012
-0.0044988607985775
5.601087256664404
0.6253191962397234
-0.46234712615941764
-0.26700366088925126
-0.06264648732851255
-0.25562919414714663
2.082345056635541
1.6667762676127238
-0.19558356320642645
4.247045426254418
-0.19792988029944047
-6.856126844743447
0.6310547028117551
2.022841844394609
1.3475653484221664
0.49254899928010026
1.5539505439345522
0.7675549163538191
1.3530055110273362
1.001536974330543
1.0198723208757345
1.3619888431312037
0.42878118038625407
1.3000346191066898
-0.18278967119454256
1.3616396258290397
1.9880715562800233
0.5508051170239107
0.495524691899741
1.3334040156315567
0.6855060697864725
1.0892065107341857
-0.13009990165773314
0.5281131390589461
0.9132051084947571
0.3810442078382093
1.2462859505149786
0.8195890454962379
0.4244918743842004
1.5539991442960293
1.0870286032590057
1.4669439744538908
1.8707426826775564
1.4668107104040569
0.6478644220813389
0.4277073973876506
-10.89759329295861
-0.6885052431253735
0.42441551294038155
0.20157782087632622
0.2572180483321522
1.4786301761421814
1.9554071199702703
-0.26503432491996476
1.433682792330965
-0.018343316402321903
7.966639816654389
-0.8724695775655196
1.1765344564211733
4.743871768578711
-0.4877225859525223
0.6818661459045358
-1.8358011790848916
0.1464733266326098
0.28885708989781755
-0.20454493621651385
0.4382591788246492
5.899214418029075
-0.044182005240382224
-0.3889750167613144
5.197551237960027
0.23895451120085062
-0.6812012884839117
-0.48610244451684337
-0.4299884405144348
-0.6723136883270017
0.8513840575585885
1.9556607699835342
-0.1995506114767382
3.2472498139220924
-0.29583474612034855
-7.188734081346786
-0.3401305932289567
1.217808900698102
-0.01349777649772532
1.2500579232928357
1.2638645871624357
0.5359501295761295
0.14111991644043728
2.067885192097275
0.7247305852556323
3.147010932095021
-0.30580505223898685
0.7503173445498114
1.8793996445005725
-0.025477641274844642
1.228827425431287
-1.0599259721987113
0.3392187041144967
0.15856587269193537
-0.11347362880932778
0.5641223569683032
1.3992642741380377
0.07598802409635272
-0.16750199129775054
4.459728348142191
-0.043404891054715594
-0.47903029677806847
-0.20255901801581855
-0.12473748429805252
-0.09564225401896502
1.546649103049698
0.7186959814143897
0.0350042607160284
3.4481405945383137
0.21711486450685832
-5.442241701405232
-1.4378812556906797
0.3522946954123902
-0.4652861596190776
-0.820114598719656
-0.18420601930814098
0.5871964520588069
-1.16155613298087
2.1722498402397576
-0.2306234678203561
12.278748498543944
-1.6835549013257944
-0.14735373720273956
3.422927948237122
-1.1135257717741096
-0.589978226415656
-2.7859195614500933
-0.7420635162412658
-0.7636307216254453
-1.1070429957863732
-0.5254001760490623
10.079971307181095
-0.8802769986751714
-1.413794598421
5.226692075726226
-0.7219687996025012
-1.5947676498790675
-1.2760411821956263
-1.1238524875319176
-1.8446476523550537
1.959072366510034
0.6465147128221257
-1.0556186426308078
6.195992962090511
-1.5349452944527349
5.676081712106729
6.603607690369813
0.08154807341011339
-1.4094156550535395
4.252479700441621
2.177787781792401
-0.9153564711125004
3.657287454273486
-3.957432661938893
-0.9364659069675596
-6.44797292046879
7.703317772751546
2.8979753578014478
-11.287863884855161
2.3209547646172064
3.4704127967361136
12.537149818502359
1.2893372430716943
3.4404726489769484
3.0509716257018975
2.641479227133621
-11.640255922270274
2.233100861832226
3.642554267129242
-10.703962638897588
2.822099786339372
3.416021856772576
4.23828558988058
3.415803848578682
3.5644363744175824
-4.420952304823602
0.6054927510245443
3.910924419389383
-9.853016145337914
4.299252609233925
-10.549882329136791
-0.4746043764168878
0.6648985739538095
0.5988917807084122
0.40575242432170516
0.3259036295961647
1.045510203717215
0.10252535855186744
2.946255324259575
0.44631973972588623
4.375656563534774
-0.5089440947845254
0.43568536709211503
1.508978069757496
-0.05902749293407871
0.240938239310397
-1.4982414024042714
0.519512549971255
-0.09560749418249409
-0.11300164703114154
0.6910714578556969
2.9214576142202593
0.08661937242025007
-0.06348103053949172
4.949333671677264
0.06731647824032648
-0.3361294749263014
-0.1248698344357767
0.03519590483497201
-0.4696201199408618
2.8713372045809504
0.7568906837477636
0.2857459766413686
2.324241911929843
0.11459690300703168
-4.7878951700517165
-1.2967557579203708
0.5332377779197971
-0.15226775579006313
-0.2941262027406093
0.0027285525582411985
1.0906052052423814
-0.8747669786540746
2.800859687767872
-0.04238867953183603
8.478947171151697
-1.4890772283466047
0.3098543439663991
3.1408403362139294
-0.8276552953340365
-0.006852383726399507
-1.897996184570287
-0.44611434166596076
-0.3916657845630628
-0.7452362604368034
0.08396862667993207
8.53985245004268
-0.6264024716190039
-0.8890464014501205
4.122540525341659
-0.3816571740819496
-1.4091716770402125
-1.033832795109516
-0.7606811512716724
-1.166016199097368
1.3058952852961543
1.0779664534119409
-0.70808726603176
3.360666294245862
-0.8195295108223861
4.0508171858822735
-0.1485180169200118
0.5114805286803161
0.2748300446243385
1.424184310383909
1.465789561577578
1.8730107694193703
0.9485118458557255
1.891810644686735
0.5703276112478556
2.4283142725956055
-0.17012635178190047
1.458210028430076
0.2835133333305074
-0.03759667079087915
1.9895678474009055
-0.4975239147390038
0.09058728257612732
0.49527304043942433
0.5414867692843742
1.188000515515906
0.777220920893251
0.029834932855256843
-0.08471593313726432
0.5948949555801447
0.44446243981473266
0.3772196011083487
0.010624190048080542
0.8998963410047599
0.7170863676957336
1.5475408736584748
0.5273028209276491
0.9196932243778942
0.7369282191245055
0.5243901398489303
-6.188541362719923
0.01629012137828796
2.093469831756343
0.2983786325800968
1.4310604009980683
0.8741082577145818
0.9886150384201121
0.17140588347099503
2.1242910865268465
0.5902492808608109
2.411962296343662
-0.19336719031216817
0.6715340392180028
1.072662996903179
0.04144191058436256
1.348519168273646
-1.3289886443557235
0.5508722795564563
0.9766296454387959
0.3789209011928494
0.389820794721043
2.5949559398823587
0.5692329569209319
0.22818713817409836
2.0551406613783105
1.275831304770652
-0.0938267933659072
-0.041233554776975226
0.4244898825310754
-0.08918808575327832
0.8550276436432548
1.0381886815578965
0.07052049950348777
2.2762529594329552
0.4172624331430331
-6.419116335827469
4.267184548324757
-3.740925385507413
-3.63391101292882
2.68624975872969
-0.7723534011498063
-4.312817417360984
4.673732759276141
-4.018232088143325
-2.3609154347772545
-7.491046589693863
6.9934555292384895
0.5512440645825748
-6.806412224179379
1.872755586144246
1.7430244345275814
10.130838929773272
0.6394000238106623
0.41010696013110753
3.708485297641003
0.3134961427859506
-6.589200164606839
-2.0361396371013702
4.540869552744772
-7.794319307017664
0.6485550576293451
4.7659616475003075
2.244368904873331
3.2450290885186623
8.15699808957752
-6.2290687245854945
-3.421307330363759
3.2134621141928297
-7.9372940134778815
2.412775522417941
-2.902280421681729
-0.23930694120781532
0.5981294598187455
0.32315976060918195
0.23625245886729374
1.6742734116458164
0.9826512892977691
0.3630267828805018
0.8340479651542836
0.16852985921425953
1.3960270951378875
-0.16938601516911783
0.3379969608597774
3.503428323844494
0.17662747287347924
1.227754495778875
-0.84184430136124
0.7058196642256443
0.718738128065602
-0.0428507343132536
1.046369988829543
2.869696414345344
-0.04827948943355031
-0.04174122080886287
2.369713291499478
0.7866481446310167
-0.006043140956649702
-0.07747024953900988
0.36429567599775103
-0.03384376658656746
1.458929507188757
0.7071927997128379
0.5478191583730397
3.050885699666005
0.4064537808491935
-4.452060962514828
-0.29211946986109644
0.3593361628167857
-0.12417027083703087
0.29477971778273176
1.017800760000746
1.5764055589595907
0.22487086117142413
2.5928722451541932
0.023008841054662128
4.3630208440404115
-0.24683702518275905
1.399464090415245
2.3447227345748485
0.012680522887492756
1.3462771505183757
-1.0686524362885759
0.12273286790906737
0.5460125553867541
0.37020784187165295
0.33188129865570853
2.217101308190353
-0.060635143389253375
-0.05539091565137767
1.8551728881355294
0.802415676557306
-0.1960189736459327
-0.06356530966352605
0.46689262013997257
0.0038724607587672195
1.5141972700076214
0.9882397175107399
0.4442874942852092
1.17784144619121
0.3043086631997325
-4.457909655882366
0.4921071470872864
0.43766524138313384
0.24137263751349777
0.5344855689081384
2.4549110282085316
0.5699790977725359
0.7651849144154937
1.2749930170943455
0.22830057235048554
1.962087882227394
0.07970143559005097
1.3472180678334305
0.17129822292898883
0.7610359324965278
0.9318712570953094
-0.4499011385668835
0.49064020188880475
0.14828327772499988
0.8828051427325957
0.6083498336398163
0.19284814352384697
0.21077904953704046
0.10656883610576857
1.244639416146762
0.5413276382255308
0.11345737722087694
0.37906287901065827
0.6583709445024514
0.5428267961853568
1.6696561138122243
1.8814467361241507
0.8777002525739809
0.7492752940657472
0.6812775287072222
-7.165943357205538
-0.009783042373133299
1.7651144423466933
0.5787674943423718
0.9554806319730925
1.8105450184406802
1.1428111891634107
0.04770517551529896
2.750314083652988
0.7985039609215776
2.5590709084987107
-0.42005905544598887
1.4258830655970054
2.3637316500065637
-0.22648128533972922
0.662719391742393
-0.9818534447354718
0.2064276598791575
0.8954967920519923
0.02070865698933819
0.42152902637276424
1.7894022220317103
0.31679198932376973
0.3214630411089889
1.0900223753249139
0.8940292634533803
-0.13679610960362398
-0.0037905951522164893
0.19921495884408238
-0.05224841659998903
1.7764768573953895
0.5039288402757357
8.113479663427039e-05
3.0870891037369463
0.2854145224657828
-5.536099134313673
-1.4512081686466807
-0.24403863947896548
-0.6914961106798031
-0.758061805583833
0.05958178552228682
0.330180212579557
-1.109242835835797
1.0689077665182256
-0.4775014560475641
3.4964004826028012
-1.792972895147908
-0.12165299796139806
5.367004352123625
-1.1313890575238081
-0.507217989930228
-2.5076063654912466
-0.8602426456535219
-0.9427772044805915
-1.3370176419246806
-0.533113723102872
8.450017285019193
-0.9370893735576267
-1.4459575762803294
5.58506524087631
-0.832843395152667
-1.4739117717682573
-1.678468108568374
-1.0222353217328173
-1.8914217871879002
0.9867900919801421
0.41185921617173094
-1.039577673206862
12.146218445347893
-1.1854182861638733
10.912823253599738
-0.17239580426087225
1.4671780851937222
-0.13676829725869943
0.2705080310940706
1.1421328670136779
0.6981532975667175
0.2549895646671293
2.1887588116157612
0.5895725359475478
3.889271983815935
-0.14144438943343413
1.2759703289430524
1.1698000301589369
-0.21015136265054754
1.4763400336180195
-0.8116125849826963
0.41804869691143454
0.47828735537369765
0.3226649094579731
1.5394383612739966
1.1336517544245375
-0.042457718532426296
-0.07768772211643911
1.73338283946152
0.022173276880934796
-0.031091265640284776
-0.27917591382458196
0.5049542115177758
0.08402212590961784
0.9271803496189147
1.8077139440574748
0.48528446636667166
1.7278951861860212
-0.08786316748930996
-5.448662653861122
0.6292710578177287
0.8757457636206286
0.29642415290761864
1.8679873281438726
2.570405259178685
0.7296635515222046
1.2808207392109723
1.6901768391151122
0.09408162691296287
0.5496948374013682
1.0126486602067022
0.993328310505778
-0.7195405591100119
1.0170148124140068
0.6243667679473076
0.20245987158226
0.4578688068482514
0.4756974592309394
1.0376389686235292
2.2693683536519496
-1.0141051368500633
0.30291949836255405
0.17213801200802983
-0.5032710184951222
1.078333439307253
0.3825856490928311
0.809076270833389
0.40691846073319526
0.5950018496288236
0.40397366256884903
1.400043659749914
1.6941982172076522
0.01674528673345231
1.343209720913997
-7.218400428934933
-1.325849095882677
-0.021111292779238733
-0.3277949810116942
-0.7099433799063705
-0.0446539583625076
0.5102433648376509
-1.210442791280599
0.5663270724384946
-0.12865239954386215
5.816222212498051
-1.930512468720807
0.1597416283042562
12.095581657613295
-1.1797500923915532
-0.3117272332218487
-2.7814541176909717
-0.6141170856953891
-0.6571117764511997
-1.2978745745566715
-0.1601496185392154
6.635514542685048
-0.7644350375751128
-1.0550339758297518
10.002195721870878
-0.5761554186769943
-1.4242034316775156
-1.4992571358095699
-0.9081546872830867
-1.2461587273586512
1.0532062450108517
0.9373843234090636
-0.9941102069441777
3.616569037070033
-1.247683229206515
4.373805702653314
0.25433134338222696
1.2374802296529248
0.5743558692911427
0.3930664987394611
1.4368951915584183
0.5020405877675878
0.5619546699552829
1.7589261778138259
0.6215692399056807
3.079263689843751
-0.2800987274773732
1.390559235358237
0.37160833843357605
0.20733907656436476
1.9890016562332715
-0.6458517926394353
0.3162388654761222
0.1885687596786711
0.37545796194951087
1.1766975920153266
1.3614451486674628
0.378254859873263
0.3185231082289795
1.8578374463345015
0.7095803703649703
0.27431931182866415
0.265766897635744
0.02560002285281603
0.09022093239293172
1.4038354466150382
1.3380554441512242
0.5715806528376901
1.9979352589585173
0.8114901208099558
-5.752343498549877
1.5618743007449452
0.6695606461726982
-0.6892935136975162
3.7064147633287075
2.0335251330698916
-0.152858003225127
4.105343963521285
-0.6018735761030111
-0.13582319848779792
-7.097691743485462
7.192483147873949
1.6639685188991822
-9.983792794337498
2.322953981820458
3.568483734631852
6.33277289386972
1.4316798303327514
0.6743075488794039
2.2598848944168632
3.80650036578702
-8.026440213503058
0.8428508549820445
3.0113032431735207
-5.962826132961468
3.4908850034118504
2.098999598789279
3.709962820802165
6.1727576392155985
2.646336017123495
-1.7071587008545344
1.0081599408346231
3.77477789078345
-6.95975288266304
2.1604708392928167
-10.599743196729548
0.5459125832336336
0.6465955302391838
-0.13637466609278054
1.0827228377498832
2.1270820778199275
0.9223121934875167
0.1538159337650396
0.6017898888135182
0.13475236918073813
1.9889788384394873
0.5214630615774891
1.0646812600300182
0.24345291320658832
0.8231850274824412
1.577891012204445
-0.1836973381127355
0.19249736968893472
0.7812604036301186
1.092034744874568
2.045875310996569
-0.16262818742573765
0.3308678374148526
0.7280438661862958
0.23827228493181435
0.15943258365617807
0.4634961223729215
0.5649247337061192
0.550440381830492
0.7774532008695704
0.5935800751314693
1.8738642282326812
1.4809209533364627
0.5755216782695373
1.156560078833166
-6.452210622242383
0.5510278885667026
1.4226886380098893
0.5006228708206857
1.018549023741306
1.0543019679869314
1.734283776477462
0.43104027580354065
1.76360885262034
0.9839745199511678
2.3098875014676903
-0.19342421172639226
0.4960971686426498
0.31741382691108744
0.4676886269221157
0.9849643786308726
-0.494973789267351
0.12025229855795698
0.607001260884903
0.47721107085331527
0.5878324941033441
0.10525631265214039
0.6781239815270971
0.185375578098592
0.3055159273722806
1.0358753909691734
0.11571114343350086
0.4626181386384793
0.5954095268129638
0.779110590889299
1.23085497645389
0.7750726793810359
0.3312724588759552
0.9229198414532561
0.23106075043055202
-6.132491561445141
0.7841591984958372
1.0699811662490937
0.34862832192144244
3.020162626792784
0.5617821447396208
1.2325539499057323
1.1785649983620277
0.9245780395620319
0.4905025692396406
0.059620635449026786
1.7019168445867434
1.9648736543158645
-0.9896830856141292
1.4677759126511503
1.8785994274354718
1.06683885530844
2.0299305290860907
1.400202041863042
0.8305566322645177
1.761511441442716
-1.5774105854167004
1.5652831632457949
0.6922957190342424
-0.8584908959431963
2.6733067393132273
1.843077570429481
1.6382309332154177
1.270331767686126
2.161382382113583
0.24624592053713756
0.7287518200411852
1.4216943555629142
-0.3388485747364028
2.946509505962042
-7.272957607608721
-0.8743807672112479
0.14549179127590472
-0.2610578404020056
-0.050437632091974216
0.4925445827283723
0.764143724298939
-0.4852263067580971
1.5145528571681255
-0.19862055807817058
2.100558474823659
-0.8930385491337895
0.6643978557948462
10.320420758202541
-0.5714317198957767
0.6383105221781844
-1.8757741313876457
-0.1953511720838266
-0.04936889936904535
-0.4686664254126395
0.47333145268574883
3.205682871141366
-0.5183818386410062
-0.6569887808715086
4.285223236752629
-0.15514492355328427
-0.8586657389887306
-0.7026644768174468
-0.47691244576374214
-0.8411478528862797
2.9556582316170057
0.5979445182763927
-0.3953629803761667
5.2881420585859065
-0.5287518652047618
-4.162846414747053
-0.2871759175067275
0.8277991926176271
0.11104694925573631
0.08816710309792379
2.055552439371511
0.6113814509282001
0.27450560536301677
1.7422831319816168
0.7058542864368826
2.386919574787174
-0.5377882269907263
1.42467751330438
3.755542360374702
-0.12109660134281437
0.8673489359874951
-1.1237100456054816
0.5462536372022873
0.5569428762579421
-0.1383815701687303
0.4034257704879963
1.8401332158434132
0.06526444764656794
-0.1832112132034447
3.9467800209327906
0.46498924628404337
-0.3278028699198189
-0.12619972444655056
0.3992259620497715
-0.3682715087055784
1.9315971214208085
1.6586422880566176
0.4377520198341606
3.9559527641373777
-0.27176692501083766
-6.441636200168013
0.0975709721873408
0.5026022008331417
1.0257496815495584
1.7885494590690072
1.1574218445294155
0.8146627582106717
1.143347675840042
0.7023739358262966
0.45231014804091085
1.158740220201573
0.41843784451116645
1.300771267148059
0.4071830128488755
0.2820314256299937
1.336549095243743
-0.31941902214362106
0.6182091124990012
1.1099576626298826
0.9225943294836344
2.109770421978275
0.2133194593834099
0.3744595112538447
0.5226639702092944
0.2826031744568815
0.31821240797203715
0.9144116121612587
0.07799273229173076
1.2848233139392113
0.895987918213382
1.821254167079507
0.9678814173326525
0.30001023459197584
0.9599549753042494
1.446383769880311
-9.960441765908204
-1.3529970350059035
0.21071477756630086
-0.240513393681335
-0.7123903309585387
0.16636571903415018
0.3572124347821792
-1.1517416069117483
1.1094100301696015
-0.20963044763175
4.324146795627394
-1.7029728569230471
0.19459844959848682
5.735753432077383
-1.0791047306124715
-0.38266370148590406
-2.5209059708993813
-0.7173487465501001
-0.6578112598618917
-1.0032669249575181
-0.22616326682964444
13.892656618313337
-0.7926112829869343
-1.1560635930833303
4.885706701256091
-0.5920384447693681
-1.6443907348686584
-1.2184039379570852
-0.9843552073716806
-1.500910872841721
0.6939991644476335
0.43769782161437176
-0.9643854781181649
4.454052399505668
-1.2607824596989157
6.359576849815381
0.9794332637239953
0.30070809159811257
0.22745337617405748
3.428126281448083
3.547746823161152
1.181197948434332
1.222930410804987
0.7328015944791872
0.5198249520335517
-2.5453758860820517
1.1589124627900405
1.7199284763046472
-6.648684011612523
1.781616263840056
3.692945244673484
2.0985000796999245
2.3105396172255106
2.3134465753233164
1.945170226002234
2.2340005986511486
-9.158187250942735
2.1585369343777088
2.422511767894441
-3.9712917117252178
2.386525973518038
2.875371553953674
0.9936552010338631
2.625785042476407
1.6689889585226902
-0.46791232930448706
1.543473538243422
1.4434194002700447
-2.6875716018709754
2.1100317325691686
-9.78426020514677
