Architecture: cyclic
Number of States: 24
Parameters:
0.0006515556248233885
-0.1963353373396335
-0.19436591099915426
-0.18150900800492972
-0.15467582215791637
-0.2015295169788381
-0.275944532445316
-0.18019785101949967
-0.4033230027918465
-0.2836290871759571
-0.48494386378291654
-0.2262068824664251
-0.5965592948982845
-0.16289419057634597
-0.5272698975622438
-0.5869407817834889
-0.34997850437602496
-0.16711362556908982
-0.2182084712294692
-0.14950220024670605
-0.4837956377550484
-0.3505841493057617
-0.30244534110302296
