Architecture: k-jumps
Number of States: 34
Parameters:
5.7325773952587245
-8.208093130142341
6.429316995490988
-6.515100456067845
4.68791800223181
-7.505448887830129
4.99703606940543
-8.35651701081213
6.761753330031084
-10.155688384794802
12.23310143999242
-15.0
-9.02849367274563
-0.1532022332509359
-5.520442828182956
-8.015979431300668
-0.17002053751731833
-5.872112597367318
-15.0
-0.1643748837223073
-3.3081323895057544
-15.0
-0.19706874723997572
-5.754491499292228
-13.421405257498995
-0.9838285815676525
-0.7566264372688218
-8.000878650260796
-10.479137127993447
-9.396399473172965
-1.5305939628942686
6.932820888975357
-13.15506904857734
5.874866558184743
-15.0
14.033762798909343
14.413087691376802
-11.759207658726579
12.741449604117857
7.318370930272966
-5.698323034606859
2.754268599788487
6.743786747895788
-0.5502164289911351
-0.859967913020112
3.3647082704650346
1.6366548145853417
-2.0627186743560175
1.897557840646425
1.6166207566340536
-1.0481473915533133
0.8484877526188758
1.2842639007939929
-0.5003155811552948
0.23021430060177947
1.1974097664311223
0.3774107608828986
1.040446859019845
0.6732965470746426
-0.10290160266221698
0.8199189919454487
0.21359719541054473
-0.009183161028166369
0.16049011501807608
0.41953419567541866
0.06962202330214612
0.3838747148592632
0.6649730890395742
0.6481315926731663
0.903770004784693
0.6130015553646875
0.275705868551841
0.5674094382499986
0.5518430048644826
0.35111032746254656
0.08399423314369696
0.31307683599751773
0.748625570095937
0.7632564775405163
0.0710860555002667
0.4436000021980757
0.11553463898096347
0.45932204693801326
0.5505665204652117
0.8328271073618599
0.24667459986706353
0.40156178035673806
0.8935608790982283
0.4069075877235935
0.507213907555989
0.3541648526330199
0.8616967162069532
0.44752382793042444
0.3983223691019415
