Architecture: combined
Number of States: 26
Parameters:
14.883341761157206
-14.935583374962444
14.999955302081725
-15.0
1.705996990813009
-5.956091737724915
-1.2331969318847895
-10.04134297727488
-0.7992744999553049
-7.618897461450573
3.474360649360106
-14.93301919457013
5.525309335432086
-14.887004659107046
2.2684892703758504
-14.749144548740377
7.0050076128664065
-11.261359848302323
3.1790221827478256
-14.999996476342336
5.321731984589662
-13.96379640322682
4.867712698521068
-13.355446660821324
-6.378059480102909
-7.73708685053456
5.682790459654866
-12.89771528027141
5.3858617786356895
-10.224264306282492
3.614233506210414
-6.4088308573121475
4.844493074324088
-6.712523901217442
-1.9228114148641673
-7.420004430440241
0.4424558011189327
-5.3193493226434585
1.8104909541370204
-3.868528863146555
1.2888842324137393
-3.3080543951637953
-0.6553183960363916
-5.346088634408816
-2.402081769126109
-4.874716578236656
-3.228904724536244
-2.3456409451095985
8.744446592871537
-10.30663428472408
