Architecture: full
Number of States: 32
Parameters:
0.7265391010124578
-0.9777118438862364
7.6817394930358756
8.774587575560902
-3.3711932802729487
-2.849285693862516
2.2494234635590438
0.5892001383962832
0.4927025848628103
1.2787699763993217
15.0
-0.13363429962442364
-2.7005120177957656
8.06803100937325
-3.760333321850291
3.3463670722293557
-3.122354204570945
9.190916425410968
-2.105265871950868
-1.3516089774613647
-0.9552808981476981
-3.1711717768509726
1.680103335976728
1.3771760110537865
2.659388027643708
-4.30013296599198
6.884535417446521
6.647101066138881
0.09303839566410183
-0.6974549548516112
-15.0
0.3287636728544649
0.9083063844178126
0.7616373154838239
0.1097816664067875
0.45807242018663435
0.40020922207035103
0.7476561518992252
0.7879346796353376
0.3539451713073478
0.4337677232027337
0.25742082741529326
1.1322582976579814
1.14295272502489
0.20916109759587873
1.0622024116
0.46091150568061096
0.2929958485602931
0.28039179811494663
0.6501578768348414
0.8978584833338659
1.0735258503777336
1.5892928164533993
0.15565661049238994
0.5056212425977289
0.31565178519625686
0.7609184747761066
0.21226086796638122
0.9070949838645677
0.7605094450920677
0.521400185531727
-3.398903507784253
0.33690084369726186
0.33017554743679006
0.07556493101318332
0.7982859088971099
0.4691341590437567
1.1116364877389873
0.4205597722699084
1.2639050550860211
0.19773371108263071
0.3272480973136093
0.35591615132063326
0.6296722663055992
1.3595369848947159
0.6350251568535481
0.8749401542326277
0.8045212871559262
0.3774324552704857
0.9012058441645532
0.8383584298605224
0.8162331550853446
1.0625861046908576
1.2223637588924867
0.662115510267241
0.1419806814266722
1.01477726175629
1.0993815060690546
0.36215531491265956
0.43951162248524894
0.3395873966706521
1.3907220864574963
-3.3119052667693647
0.14162083920985297
0.9476564710557048
2.1552048821104814
1.9959427803543217
0.5786516017648808
0.7341124394895744
0.321467970269094
0.6927376426454296
1.4939726269200946
0.8750066594866494
0.4481643820177525
1.404306347685665
1.1526798208794409
1.5667151831572668
0.7927401200350345
1.2516583070474945
1.1245588559020727
0.5413908626206732
0.8507624814508461
0.9673516412918121
0.9079981361516493
0.5850335565501701
0.6807966789464192
1.2889786680982511
1.610982750053916
-0.08772867707622709
1.8331079899042135
0.4949766581788105
1.4738485265825971
0.7118013444999699
-8.810378398228
0.43914899804458896
0.22223587739559597
2.3813090452080443
1.868201296740743
-0.2986138737495085
0.2598455510759776
0.5250356804535069
0.52219796648267
0.33300852463772035
0.3563043792425947
1.0096299658200774
1.1021504648088338
0.5609055860398773
1.3717106117503695
-0.12153869268712629
1.7395742940037036
0.5745826659703553
1.7960577625309595
0.14131894576858056
0.1953023945136463
0.5783979290274666
-0.24800775619471582
1.0674194696536379
0.09936116224930865
0.7510906379642953
0.15641858808734482
1.2960158057848798
1.7983470245718527
0.9241295779164328
0.765310216335159
-6.782326250641409
0.7709858940164526
0.6465321955823248
0.29835928236021353
0.09259921648454084
0.5042385631660936
0.8939865589644553
0.3221920773842367
0.21458301573718447
0.32108085492357963
0.5795336354565073
-0.09679088383173239
1.105494203207321
0.4218218090288508
0.3760490389703465
0.509038874414123
0.32975948254106446
0.8232232756289931
0.20783270561700132
0.767663610082686
0.8936411822967644
1.1436378808627483
1.7391161785993308
0.4760157506231717
0.4834438022388823
0.7227461882071502
0.4253407896873626
0.5569889332557949
0.10969592848721231
0.6267584130949605
1.1828794771915734
-0.712626675377888
0.602352362814812
0.26629273432688366
0.40211226094016705
0.31687035381189826
0.8079519478455052
0.4364182085674865
0.11891171363143878
0.29323607964541853
0.5658163830202734
0.1113440640951352
0.16062872139718812
1.324380082656764
0.8724056399537147
0.618280135828328
0.9403249894252228
0.5580819436677155
0.913835640232629
0.09717625808274533
0.4816168747943417
1.0704429546372785
1.1434873659210025
1.563699447282228
0.3234298817916281
0.8071796290620707
0.2997010541470082
1.5152242923139505
0.3092678183135296
0.4312957040134974
0.7315436308292456
0.6157143046168057
-2.475499216058327
0.597226296986644
0.14146703534670677
0.7035917435921069
0.7164192071176391
0.9821252941258954
0.812773224531472
0.7002380669979325
0.32332574120625235
0.5184482279202913
0.9854134579007678
0.4962016189098372
1.4819994025036978
1.3689036432378665
0.7563971586279873
0.7303789412827916
0.7301167363406983
1.4657933554822615
0.7076758957117066
1.0778690704015694
0.9859520527396217
0.8903289527966043
0.4737225434386086
0.6824975847336571
0.4713184830650403
0.296147329676897
0.5031414203992143
0.7326307221960884
0.44615524487558605
1.0810974764563297
0.8033197051541808
-3.4191791499611313
-0.06089396599579665
0.582674807690535
0.3241641603127627
0.8800230187113026
0.14698898778973923
0.27672005240658204
0.15963692969874102
1.1565983894978227
0.17667618594962622
0.08222949881383858
-0.07393694488585636
0.20990821779079666
0.4331143616999038
1.1050755278578388
0.5693530141085386
0.8312981395365183
0.8350095035699601
0.007076176538704944
0.8967207322984374
0.6130082177481719
1.078547885111816
1.627085309159505
0.4125584506226867
0.6195304263029354
0.42459200377409045
0.25467786640155526
0.6698481627364533
0.08291915797300199
0.18840609644778508
1.0634410060942923
-2.8669720684466578
0.7372921973209526
0.7849940554926571
0.06656567258627694
0.8281161465302415
1.0502494503225168
0.5298683205095792
0.19711265051915292
1.008171718926061
0.548236095214852
0.27807021676283294
0.1473303222215547
0.15982019861763624
0.4302176897729952
0.8118510231896954
0.5615570458703963
0.6164576391784866
1.1368006323268163
0.7724404394050524
0.006193144831677325
0.7992571233024807
1.0088113945032287
1.6406375294329396
0.34854274897180043
0.124509732558143
0.5366186818320096
1.017350879004778
0.7461512640583001
0.4035341378108575
0.571509984543496
0.562831442485932
-2.0385558002487367
0.7065912518611325
0.3161070436726349
0.8057238622294165
0.4100357419845642
1.2506858300218298
0.8161986180435145
0.18295780910178577
0.22063849848530734
0.33312836299793924
0.3859969887436931
-0.2157741093505919
1.112315431820176
0.6374967104591371
0.08553056714937413
0.1769669708634868
0.09255864569384181
1.2320040216317154
0.3091261219105061
0.6163373043271132
0.543240719417507
0.7732253105119926
1.7850139618537992
0.23050172568166946
0.0598137755791185
0.33519055858016084
0.697394214160395
0.5363534444760959
0.48140667107668395
0.5466758140519087
1.220171087239102
-2.830224248203957
-0.10024391583571479
-0.7992956155909055
1.4769879698486672
2.339707358062744
-1.09468851074622
-0.6120668495514152
0.2260662383254432
0.6371691375650239
-0.09853450774388126
-0.4035777645245572
8.95500273003743
1.3024585587289896
-0.1575817615766835
1.281161295436532
-0.9147616488947237
2.51625031925542
-0.5234571658843291
3.2342970145986487
-0.43821436429796823
-0.34266265739029106
0.11077873367676641
-1.1315304211950554
0.6337272766945784
0.10053394470076232
0.7492797026873953
-1.1792047490528035
1.4022244198189628
1.8124360487875444
0.31106506465457656
0.36335418534410957
-8.071688962027121
0.34399411502174554
0.6090845455146149
1.1462615299673675
0.8716539332491773
0.5755462100837673
0.30683396023744614
0.8021039354234916
1.0945867459463203
0.9710944094086088
0.6955652002596009
-0.1687271757337676
1.4318003229150875
0.6935120781713489
1.1012093029775902
0.31590084856690476
0.38187812793333176
1.045793632471218
0.06718046116062229
0.1856895659225451
1.0755521181813
0.7665186525806956
1.9671402870416361
0.33741215487089304
0.8786276637387979
0.4050815210289833
0.3294123455880867
0.16721364019319307
1.118417030409818
1.13481718650341
0.3923846724174118
-3.199043100904793
0.4295741909076159
1.3413276728461578
0.8634638178029069
0.34974373015853294
0.9267708339811078
1.2479320791659478
0.7374040924918146
0.9325930979518182
1.136428687297322
0.4500446298087905
-0.02182282580472515
1.3976480794180963
0.31144653871855005
0.9923718082640038
0.25085444219712544
0.8411567447932925
0.32919707506454304
0.21559037176937254
0.21726222481875457
0.34256097770723765
1.181574048332954
1.5573324501597905
0.467075761129897
0.6645831217418614
0.9874495441063686
1.0490656715149065
0.48474565252185153
0.9509023182142223
0.5318097570931227
0.41819160428867075
-2.943588666510175
1.0697085109763513
0.3299175814357794
0.5586277562240688
1.2979211010660134
0.23606347994242946
1.3009187997027767
0.37499548517090353
1.6215389358335406
1.1668081129219396
0.7947808526283772
0.4108207317111529
1.4834361327998362
0.2765553049274484
0.9626155308478511
1.0742642902705126
1.0936255108742035
0.6119344745221155
1.1461086809608272
0.8927278512036366
0.7173456088283217
0.5936338565202365
1.0693566778782666
0.8637353045301155
1.03632503225285
0.6296023872667219
0.8290114364476412
1.3939413812606885
1.3571624956207535
0.6065304383611704
0.8520975932124573
-8.072687387550792
0.4948118917829835
0.9489243104992341
0.5322493330680743
0.019615423794437502
1.2103423096116621
1.2870747677952386
0.17178771943018278
0.9898794364716538
0.6170833841001937
0.4875718051185644
-0.00744180024678052
0.24606319597311865
1.0460272809978546
0.023623041327927457
0.9446378162086594
0.08998799002371455
1.3634654787742548
0.5732136620614987
0.848432148251845
0.09339087896653839
0.304798986082707
1.1755150014265177
0.7376249336032927
0.7439085515533082
0.07196926977741658
0.2138752301328284
0.3641572981100349
0.9115794501259583
0.9456988042719034
0.7167943766205233
-0.9934462639484736
0.5660788984964584
0.167714576728699
0.7272868292672591
0.7783909320889975
0.5405826865139963
0.8383880609247395
0.267000692943274
0.4371188866744743
0.4075180746544702
0.6542181972397404
0.6701696057552516
0.59613618651334
1.4707098776163294
0.9470692287476637
0.5289989121691436
0.6122129969209059
0.8456661352376217
0.35359784823391915
0.5252629637665672
0.421067103782195
1.4193329611063203
0.5910655303286336
0.5151214235584791
0.1028604249047459
0.9115637191035819
-0.1051054717321291
0.8671741856405526
0.5293529038302457
1.335123305952076
1.2194404457209111
-4.31258383919983
0.30926509795049184
0.3779723268765988
0.05483381793719503
0.7062405322430994
1.4861596421954455
1.3845121806705818
0.21759269214220936
0.9782764960239835
0.6188949088934702
0.14412918898705557
-0.03791835424322821
1.2675159546195904
0.6374306661326965
0.3047112312106217
0.4360407728718301
0.3100912618421467
1.0182036880081282
0.7909183376167859
1.1580960244031544
0.11940947143757631
1.021426203428079
2.4522952698906453
0.08594837444686482
0.838807865817639
0.43763084086658977
1.4253666541469876
0.18272336131330977
0.2996919033796442
0.18232234204068248
0.967149772735557
-4.1045189857124
0.29152639111470313
0.47249695785231294
2.1294650112703915
1.2671704631644534
-0.005838258930993631
0.32900629443812895
0.9787372509974256
1.2786983326479338
0.5310594394584986
0.10632274537751718
1.8738476099132741
2.0299078598923095
1.5332530220309182
0.5405861323099441
-0.00927419160644897
0.6209348087386689
0.8910265323888609
0.5904501983443091
0.02168704458838322
0.652100658926269
1.4333899430686323
-0.07165084490372249
0.5181848276873092
0.507624641437086
2.279603951863417
0.24919385525083074
0.8576113199674198
0.9463262003622688
1.5833590550478591
0.48910813513297513
-10.140027363488063
0.4532448638239947
0.20638978708979042
0.4505408641925386
0.18536260023632298
0.6539306698871936
0.8421970828876454
0.492523386025945
0.5004803682136989
0.17683432421255074
0.567993460009864
0.41699795333223577
1.0658188104943092
0.8258586826851517
1.027823016513472
0.9174716442218425
0.7572468883351539
0.7163716729865766
0.8978755657607875
0.8422520505935099
0.39996349472718173
0.39734224692780107
2.159403787799837
0.6620629979751793
0.10884024315591362
0.6024371049006
0.9183261789609131
0.6588884335740023
0.588799751679173
0.3823203230327078
1.1263042935833747
-2.7431747982878982
0.6946012873661944
0.46447351742056586
0.5046290777758489
0.569613120879648
0.6828200652874505
0.9605520899913113
0.4604819113503703
1.1055158497280582
0.125864661718996
0.23873647630245154
0.3536605833470349
0.6558450208375749
0.7509303895719134
0.1894197020770216
1.3175221761101017
0.18760138434382312
0.46884098815461456
0.730918999935417
1.038240608899048
0.9443485055342933
1.2242855033247328
0.8589867601151581
-0.017181722352752234
0.07216333636741151
0.8299820631785011
1.491262680164494
0.22907070183733824
0.4222873499463782
0.28339005386905824
1.2660302021970886
-3.048280124775798
-0.04147836851245071
1.1144770124035224
0.6288743091509383
0.537257478538268
1.3300169395737258
0.3022693431636385
0.37599463019099844
0.8388199746773799
0.5315455497885045
0.691701262662889
0.2562062295320907
0.421578862942824
1.282007115436782
0.8460865029974505
0.6640881430570587
0.264336290756197
0.3107262641182286
0.5422303115551691
0.2280067506767854
0.702114803512508
0.867287507325758
2.342461703000709
0.26493066085653805
0.39893272301536076
0.58635105954621
0.47358490190242286
0.739064936426946
0.6757544275743906
0.47976669584538223
1.1347465708845468
-3.4949738560739085
0.3919346279569498
0.08913319799472766
0.5458803228316885
-0.0016370649067364018
0.5385690157448131
0.3998941792152385
0.6286778789070052
-0.0961957803461314
0.16384382907404682
0.2910401900115601
-0.4590148204688798
0.3004223233174115
0.14942632366878836
-0.11048481764288184
0.6495440517653308
0.2107020470612297
0.0680392093765389
-0.1858389544514216
-0.034174623371913945
0.22666756714988115
0.2610062285802781
0.6726569851091071
0.6337121637258474
0.3039636774481779
0.6386768596177771
0.7904353919914038
0.32846591060704566
0.3132701902334151
0.345365363190034
0.4436042391985853
2.5251002770562554
0.47514045858511145
0.4697393636848283
0.35542247072304833
0.4420237698099257
0.6471149710797607
0.33653207061923396
-0.04300756651132905
0.7085932957213944
0.34531174573691803
0.5937658248108998
0.1127229632354177
0.7707998123198773
0.33096680174424437
1.0453314381821444
0.7961895470060291
0.40004306067981393
1.0604417336235512
0.07429222652726587
0.30654033733304425
0.33714171040062957
0.7919548621660149
0.5765449150403584
0.2904594744537465
0.11149586327725149
0.681058542318403
1.2427515072092563
0.6271463514944197
0.38404190427423196
0.4326164006291666
1.3667837583461184
-3.8712618197621396
0.656569700293466
1.1514969280364713
0.7717454784133101
0.6839565482828647
0.8494202698360691
0.46103315526323113
0.8088832513775875
0.21842134043525455
0.9311568101812431
0.06405265937298404
0.03230307507530189
0.6676243738200301
0.31857156657035296
0.541969928904318
0.6624829575720328
1.0067516221725852
0.2130846922389317
0.39144836243892794
0.9524366365763214
0.30746892266285253
0.8656122204079655
0.48991642558644416
0.6458694824406161
0.6387491854988803
1.0262845150794173
0.8544014432636526
0.4855243773810012
0.473713289191002
1.2340407104470752
0.8695413222855759
-3.505002590352538
-0.027183488936829564
0.6976075463574108
0.4244921806409296
0.3530074684605497
0.7003515331412364
0.28783975206803475
0.8532835437429536
0.8273547155721493
0.08033986562732952
1.0946450833987809
-0.06244161647502871
1.3413499230255865
0.6125046529069847
1.06031610150579
0.9221935896494678
1.0483896347258965
0.1067808521864153
0.8938478363129246
0.5779263730563172
0.7247500242240529
0.49897503033771035
0.5775974507374388
0.8509097361475486
0.6570677729568982
0.5995924563565201
0.20768177166409052
0.4337362669334242
0.3659840315935221
0.9437992683777386
1.1094927617563237
-3.498043972201761
0.6263425982086994
0.9620301172519271
0.23362592069920618
0.4314673009964796
0.1655280382907127
0.4495160412470294
0.134144155418985
0.2107758249988155
0.36564692268099014
0.38558489649400046
-0.030625757333011316
0.6179091216994115
0.7304280334114234
-0.024036399560010885
1.0163999937124129
0.8201617370745423
0.7411351856161281
0.17581445596868384
0.850473210213652
0.2674446647540463
0.6577497143399047
1.4683315525218996
0.5623806273044261
0.3649302701133493
0.16875399004002042
0.906006184958052
0.6354615254167832
0.8408017538205825
0.5063854801564767
0.508826812994313
0.5255322140464893
0.3568588284659061
0.18958950094734944
0.7037887488097416
0.22104415073796282
0.2203273961409125
0.4856491413196881
0.8664978269193028
0.14736871318115283
1.0025834816098294
0.28435394679113946
0.6395883309334865
0.2736169746316152
0.3899222941879567
1.3203622357262357
0.6299795244440727
0.7496771398282286
1.023172550779833
0.4709787191891762
0.2270337875300374
0.33194556797639324
0.6646123552208832
0.8734363799154091
0.21691403319593436
0.4634534617710648
0.7750383448909491
0.7881843572150852
0.6712776767371751
0.3455169159632864
0.892274219801692
0.6343361493185533
-4.34913564633248
0.6315658561263138
0.6900546607526842
1.4438317739987467
0.5955022125266367
0.3426156930290256
0.1358198898305574
0.3302515911621269
0.673696971897663
0.615157512608399
0.9907149494408214
0.6505833248731876
0.6783627892372106
0.6295657658936507
0.7249684550379848
0.46831813343446577
1.2416298737884746
0.23025846804223055
0.5282973263286894
0.16090548182170378
0.9211492763405991
1.3776780598998266
1.121627314085542
0.7146009603725462
0.21214190969371366
0.8636531157912856
0.07636355816580098
1.2294322834889413
1.5371734035191635
0.8526868861337437
1.0648936310407557
-6.109626485179718
0.21392043189041987
0.40404126774609234
0.3179175344982417
0.7981840098737237
1.1308557818597307
1.0139106399743334
0.27769339305704166
1.1064655781859485
0.6345834085967916
0.8827855196945392
0.0988017716798695
0.7001190647013942
0.7646847888608238
0.9810678905425333
0.827150732123233
0.30658786292497925
0.16801851467319648
0.9078856223101173
0.12411475819123584
0.816706428920453
1.0923434966359844
0.3432143237932279
0.1959025585130426
0.8357581728806518
1.006483891107371
1.3354798752875245
0.9691527649931739
0.6137242925354216
0.6179655131896906
0.6369288585330884
-2.456603196889936
0.4274727613426258
0.986042861287962
0.4314159132288394
0.09139018364994347
0.7019354227079783
0.4536703498310208
-0.027874859365023798
0.317228478266463
1.1197175797688885
0.6995598772318004
0.06650128818417131
1.2756597639707825
0.6725511847593721
1.0999839208990525
0.25465794853538815
0.46290370120162416
0.9137441105423149
0.1908413921164417
0.20103205885237088
0.980227164407368
0.25902366452677617
1.8590136321901138
0.44604540129654663
0.6838217725256542
0.5678635304963124
1.3500127222611504
0.21916352720801874
0.5697763360755643
1.156096433535238
0.36360365905564596
-1.7084542446249809
