Architecture: escape_chain
Number of States: 30
Parameters:
-15.0
-15.0
-15.0
-15.0
-15.0
-15.0
-5.482031646891366
-6.189517668180314
-5.069001800724453
-5.059922248075565
-4.205320506240612
-4.3444230486267985
-3.9178504770257896
-3.0239926260333414
-3.0256184029532243
-2.5790985499392636
-2.2659101088639386
-2.4324198267691806
-2.030922836786118
-1.557109720701035
-1.7308928980817657
-1.684304478981633
-1.2568746767250596
-0.9988184104598448
-0.5846772106014478
-0.4327349161463177
-1.2888085084150476
0.3483125828556335
-6.059549997910218
