Architecture: k-jumps
Number of States: 20
Parameters:
10.881604765321468
-11.952011417404654
6.445946369902829
-12.640956271248783
6.427738555563436
-12.637956823612686
8.223910605336894
-11.643563554687116
0.36129034126379905
-15.0
0.29536028263678293
-13.655114525664263
0.27463126927327736
-3.975914684899517
12.059813803839896
-4.766406485421742
-8.829309074028078
0.08159392970037209
-3.556463726191703
-12.896994996515971
9.481343275480658
-13.098851237452187
-8.52795471884733
-0.04131207515062431
-2.181738714215606
-12.934764711750443
8.956565641566883
-10.54518336605727
-9.496437608370908
9.647686602295368
-8.057411343749532
-6.69616583937351
-0.21972096541192115
-0.4334720672548442
-13.369733133355872
4.932977254132878
-12.766932784049766
-8.071054833870583
0.40389078155646624
-4.875259617691629
-9.351671073798835
0.22028810702254037
-6.502471650434074
-11.33298236404432
-3.4319013308691315
10.522713538355022
-6.257107342269116
6.248155994335973
-3.863240826447641
-0.25201409783404355
