Architecture: combined
Number of States: 34
Parameters:
1.7229370224750102
-1.0556220304468105
1.7208991744203865
-0.9973802468012405
1.7116667840149773
-0.9353391583596934
1.6802334549766225
-0.8915307432697394
1.692185161301371
-0.7962746975234413
1.6665096669108288
-0.7346941468877768
1.696095034825733
-0.6595115308406465
1.5979459212979055
-0.430111936646082
1.610457949205773
-1.0568260112404613
1.517326957363502
0.23669106093340164
6.476602869046294
-9.170121748335484
1.8794741805585857
0.3898071519752705
1.7669624166534126
0.9347531698749889
2.1008031380828576
-0.9567762403520415
2.4362264617728737
-0.02330580245133272
-1.2893881763296822
2.056994211218173
-1.4982983156403034
3.909962058138409
-0.0002634391019567372
1.5442110761784407
0.4005819081111175
0.7131118841000897
0.30490957624411685
0.12567345135651503
0.45479447318921123
0.1591725601616858
-0.018117719824408907
0.4697249732067917
0.6959965771036996
1.0121740242040247
0.9315942449712836
0.8490666994553807
0.9702959476680728
0.6083979985779919
-0.02920164146015767
0.10502441902379012
0.550451467652072
0.9876776726075546
0.4366948293369473
0.27876527316312993
1.0028844391999034
-0.215006147153965
1.0976243050082934
0.6409158588724104
0.770343846460465
0.3058762584187265
0.6702028349566868
0.9538044929812144
0.7094215994560262
0.30102407253622426
