Architecture: combined
Number of States: 26
Parameters:
14.999722830781224
-15.0
14.984833195935451
-14.86871417063802
14.03536668206956
-15.0
4.747020147899025
-6.417517799849788
6.763998859580417
-5.4586688003896064
11.932976568928744
-11.48598320792094
15.0
-15.0
9.625773990321626
-8.876820120786272
9.001404600141111
-8.808908518538555
9.912278479419731
-8.816277232073098
10.050189346993173
-10.456261276379154
6.759268936402783
-11.041707329231265
2.7751207092283074
-15.0
4.9092071381150895
-15.0
7.4793395889803005
-14.437933686757644
7.635648835117874
-13.07055138717226
7.070419020768809
-14.753930346363918
4.036131594917985
-13.369486666593811
-12.419340001159464
-12.694710394357042
0.8743011116174624
-10.933778803251645
-15.0
-14.710663444025133
-1.0869135956265747
-14.999971449419094
0.40415047637434603
-15.0
4.58092254817465
-14.946296796342256
2.589039044111491
-15.0
