Architecture: combined
Number of States: 26
Parameters:
14.999569735980607
-15.0
14.999535135842097
-15.0
14.987054157886664
-15.0
7.3851594184564116
-10.049625185065603
-0.10468338518596745
-9.010753716950905
1.1214225220864742
-9.521509516103333
-0.11446260505818892
-3.7881925253513025
4.399162236378701
-5.094912618708242
6.213257662606831
-6.417544010772848
4.506389693673137
-6.944583960298488
4.13030453356838
1.3411971195192178
6.6891086304510825
-5.706113863767678
3.527367597852796
0.4984951700548117
3.3258761791458173
1.5548805759167403
4.563541313049388
-5.023533519806829
2.649871183098689
1.5932089422623072
4.608901890020344
-3.1262340557743533
5.559988945319338
-2.360969060079605
3.032751904421261
3.0356898922998665
0.29928848674809766
-6.045103199031346
2.9102468360658285
-9.565322403142234
-1.2910792766032837
0.9904619510365853
-0.5758697858239102
2.276338580178637
-0.917928896637537
2.4051412538973067
1.7539841130623202
-1.001641180450641
