Architecture: full
Number of States: 14
Parameters:
-0.3445691748076967
-3.245221050922112
2.354298975986448
-0.24883857726882394
15.0
3.2924549274396884
7.461603601493726
-0.15099769076945302
6.724321410224784
6.587933524620122
-15.0
-0.6084353372101634
-0.28651612928839065
13.495869011597094
-5.70415639443275
2.2674358111814104
1.9180112204585924
-9.575940333546088
1.9961508675431003
7.473102861695474
0.533262920666036
6.123156749451827
7.725879350274885
7.589419849001094
-0.8009375431937029
-2.087538743485626
-1.0557271956859764
11.335394983811204
-4.708424258302497
14.543661363918167
-8.707619110663536
11.703487843116887
7.59543404346512
-9.531674911561572
8.917535977931024
10.520817252204544
5.513436302935511
-1.1015673770343126
1.3171457716394386
-5.5438663316923344
-10.240814797057103
12.147763902516154
-9.08863894180208
-5.0764307609081385
2.8739143592128014
2.785071866215485
11.927077785635811
-0.4387124108003127
-5.10686643447402
0.6712988564202417
6.85833609854158
2.5349769752119102
3.5620398076330186
-4.409123900292504
3.2061338016799494
1.2298984555926
-3.2749775150596654
4.601613099328004
5.132061395861965
3.471299725113454
6.657319639347426
3.6880893326635578
4.7744151239823385
1.036129122405637
-6.677081905107984
8.479378586108425
-1.255281377242848
-7.735544284838205
-2.312731869003834
13.229900678203625
-8.832888375843222
-5.213334795592834
-9.37058720424787
-5.23026410754123
-6.7987132650665245
-3.657219261417249
-10.335822991422909
1.80404477878957
-2.5285522124180235
-12.946928801048625
13.951483735108768
-2.9935035349200287
-5.016082759329019
4.511925150082237
3.606108068024391
13.30171771508046
2.5549390045860387
-0.6067651348234904
3.165704220548073
12.311962767343488
6.334642981982218
-1.5103668349481485
-12.217740667925295
9.487916558758988
-2.3152689816257177
-4.864852743056674
4.813832563918679
1.6774640088501995
11.488115202396674
13.777527363188009
3.461477796010573
1.842206507182824
11.894433892295687
-1.2357455068967966
-6.694097614351187
-14.780378442207207
8.799767118165246
-10.046944816912307
-3.217814327242139
1.1168644283978095
-1.6894546460182258
14.94716216618711
-0.8589825505470505
-11.175688281829803
-1.631846206698989
11.811255650734823
10.360443917951017
-4.917011713706559
-13.073743882098475
5.875133261603007
-5.598183182124525
-7.907544105407323
9.33146644730128
0.9663362839062836
4.715775804052855
10.570182225652104
-0.8723091650299268
4.209706375230463
5.252629601433275
-7.969534833988861
3.9934803235594
-8.698830511289387
15.0
2.4160618379944707
-4.6054858906937275
7.592772593559098
6.46629080817362
13.545120339091982
8.32428297890767
5.567383616156068
12.327866183110507
5.67266242122785
-3.4308984903314403
-0.8860636287827629
-12.888673230053557
9.02477234895187
-3.831659374218676
-4.5339815792573965
6.392349326791293
3.3825273435200907
5.218519177385502
13.651468814347837
2.251153651943162
4.561184745841255
15.0
-5.694526365733921
-1.8477045004548192
-13.73031898113652
2.813104166279
-4.10682375137027
-9.354866633829031
9.68875114122815
4.7527434917037565
9.974033128935456
-0.6162334766437987
-0.11307496768990609
8.469398471252982
2.3342708306492534
1.0720357746093847
