Architecture: k-jumps
Number of States: 34
Parameters:
5.611979917625416
-8.830766702316302
6.027054298925376
-7.9415706856553205
5.612679583412036
-8.09612361802257
3.339023070636465
-10.092798367679501
6.021687255983964
-8.505871558013357
0.04272304621548145
-15.0
0.03594039799080294
-4.375150535750029
7.817770377380694
-5.578502195863927
-4.9639390346772965
3.185989440001436
-0.9997352985824401
-6.644207498491503
3.6601840096816267
-1.867891701090881
-7.203304318299971
-0.13897742436060703
-2.650376189599717
-15.0
5.568404034788881
-5.332005615368365
-9.313616234729368
6.462491913624557
-4.366052649700806
-5.854334612446798
2.519011824793106
1.3671259787816317
-14.999990754631538
-0.0248656754523733
-6.7938079295812335
-8.417259413899258
-0.7990003022601261
-0.6439419373084767
-9.963336709708956
5.670764564344489
-3.4216261170353697
-6.403485451874604
5.195095260269083
-2.011807949140125
-9.648955825780062
3.3056797758487715
2.567958166221883
-5.624888797672099
-1.535450409582064
7.575021170848049
-3.6854256894507937
-0.053974521041736404
2.7933449814110305
-0.7526542549488754
0.4035731759575168
1.1959826419132096
-0.5411414327843648
0.3216924406234951
1.2140558639635493
0.13946643571094375
0.9343540465904527
0.1107887180940828
0.8774631099480639
0.30757756894783084
0.31799698054133774
0.20167014852763504
0.3799093842642326
0.8224628154892044
0.7847620807902714
0.5499299679563844
0.9863613349065105
0.98721462516785
0.41912593799887876
0.5927769198814506
0.6944567252268634
0.29024257705218265
0.17505637712693498
0.20414196237113894
0.6437421081130634
0.6516260540800201
0.4477022919116392
0.16201634480982807
0.5444968548225634
0.06356748519889743
0.09435688130910735
0.9903986430801199
0.9052736450437083
0.06424133624605488
0.20885039593617483
0.5665229640960332
