Architecture: escape_chain
Number of States: 46
Parameters:
-15.0
-15.0
-15.0
-15.0
-15.0
-15.0
-5.106310871200161
-15.0
-5.51388955982063
-5.5095374864392355
-6.213929049852693
-4.5765349271153415
-4.5662099702376215
-2.8646909058965564
-2.7653187096415968
-2.8709049323774214
-2.564161749881288
-2.4482151288287035
-1.8784101841655163
-1.453211529975599
-1.820642731339137
-1.8315712126097832
-1.5379119698339023
-1.1436127140198786
-0.8854791485802801
-0.7310142600332948
-2.0806746224193287
-0.25275614037944927
0.37476780872297627
0.9784191363706343
0.707595309963315
4.707286518261356
0.9209798043427039
0.8179308631687855
0.19241436794390065
0.5803937197753084
0.19671767287269437
0.8626363364057402
0.637860689844519
0.3795101593662744
0.6916180331232966
0.14607836053335266
0.5245386815036445
0.09589607220782437
0.14794363465341154
