Architecture: combined
Number of States: 22
Parameters:
6.05812382861585
-5.62466970412289
1.4427930831467142
-8.964991794819666
-2.7090969156418585
-10.34825787295847
5.563160650496927
-8.378824314006048
-2.254486824130092
-9.163580696458489
-3.0181587217662593
-9.980982455965547
-2.8382683126900914
-5.610744542039308
5.7564242519446855
-7.363668821998769
-3.0996599885738774
-8.492885916169378
5.602097399055579
-7.776110576226281
-3.721126018530231
-7.305211652167951
3.9567389693402575
-9.526515205863285
-2.392346604956219
-6.658045769966653
-3.3512450176335764
-3.77356998453712
-7.36569911785521
-6.281363798216296
-4.51759875315578
-4.1041588876817325
5.14248453013184
-7.944008265474961
-8.736232568422512
-7.728966389313567
-1.9961152954326462
-6.113943894045148
-6.832882377914706
-3.231374473326014
10.630292395536351
-11.920491742211475
