Architecture: combined
Number of States: 28
Parameters:
5.155384355831457
-7.054674391484629
6.022272471467636
-6.526914464866098
3.973033059291514
-8.01970334328549
5.420167725818856
-6.837245970146807
6.219616628895174
-6.113244735667344
4.628448003894291
-7.175636311615137
1.552139613693528
-3.6863913774081487
1.6873153093717845
-4.950575232877407
1.4421061120257845
-3.1380406261208758
1.937664230412885
-3.180552732932522
2.494807609011837
-1.154748487857886
2.0540678689532545
-2.8528429308888676
1.9053513025591426
-1.3837741037289109
1.8608451840059756
-0.3065315092550493
1.924447370519761
-3.7050237367378758
1.3307816281347464
-0.0262107973585929
2.0021360635232837
-0.7552558318495948
5.451274726561235
-1.4216897371503017
3.5187651366697135
3.1568534958222307
1.3527542483450925
-3.0698400705144437
1.4164320051901294
-5.0710515775992935
-0.32256156035093453
0.7844943332194406
1.070895993034214
-0.5561997777522254
1.7366309603665968
-3.2516809498121497
1.9591149730481885
-2.3451730426826822
-2.1948600903550264
3.283792921264418
2.7492314551935872
-1.7150837420786027
