Architecture: combined
Number of States: 24
Parameters:
14.936388039695123
-14.979102984813201
15.0
-14.961790628019953
12.460985365797304
-15.0
10.451003275263407
-14.819405861647503
-12.753384925741202
-11.17409338583102
-15.0
-13.381954364608413
3.894764729996426
-15.0
12.441904604575331
-14.89692146659884
13.556354162428754
-15.0
1.6818223085612234
-13.106398602235474
1.8905929723721593
-13.664868272222797
12.556273902971924
-13.80215933410663
3.7096389151542772
-12.73764321799574
2.887602657011222
-12.863275424864595
9.164451960737052
-12.810526541633308
12.418530007547604
-12.744935727015287
12.082318198907974
-12.618706203007392
8.869127165098856
-12.390750184686832
6.558790458924046
-9.837163134128591
3.1113445143939242
-4.479250895572806
1.6922380590022776
-2.5215578781501424
-2.893338865868016
3.332414910643619
6.504429677786087
-6.175391279193212
