Architecture: full
Number of States: 18
Parameters:
-15.0
-6.845115200723928
-8.82389637003684
2.6829380436952612
0.1570561105542255
-12.735707812690835
-2.256268122073335
-8.613872200899937
-2.8084137343506193
-0.33675045808737863
15.0
-0.9208427903455121
3.0939237171057057
-12.291055255983546
-15.0
-0.07951818028468144
-15.0
14.978601489184223
-0.9436390724710613
-1.1747265367073403
-0.9944185305765562
-0.9185782757486386
-2.154455770858531
-2.048386423890556
4.655590689228834
-1.0965347237581804
-4.384730963587008
-3.204516929520979
-1.6359326409026604
-1.9597260494219002
-4.458207227984312
-2.2493042195334327
-2.6659291597351005
12.655016356228064
7.083570783115429
1.881586526791383
3.6350207123536444
1.8250656156855445
0.6004202848502158
-0.8934767411197142
0.6569363296220054
4.661290329535695
0.45604916618226315
0.10030249386887581
-0.4743882591097321
0.5491733989204902
-0.14643069519812893
0.5169271414911968
-0.2488899548812901
-0.9432099608640028
-9.447472091087374
6.886285115354576
0.28545709184368107
2.2467340635184234
0.9675042907029993
0.2902087953819253
-1.102857496711294
0.24564906703157882
12.431142238327132
-0.020364441697944203
-0.32760535109383476
-1.4316516309787155
-0.20234688090427444
-0.7136188382565483
0.04697883573390098
-0.8002397157049203
-1.255286754062446
-6.926080924124959
-0.7806589974805807
1.110689718229831
11.290486569880397
1.8583811615761756
0.41653409621825976
-0.592004047044362
0.6721217139128345
2.504097523549029
0.6237330572099209
-0.3337366107480488
1.539920418248674
0.2234661106514381
-0.25058386104418345
0.19135855898617082
-0.5659799693936285
-1.1111984159092556
-9.253194944291298
1.5860922302441802
0.6912414868645091
2.459000021312537
2.2797477311874963
0.2434641793987701
-0.7094121122037655
0.942424702636356
6.286582389846693
0.8163879517193217
0.24245812455293247
0.17684741293556755
0.15415427145368646
-0.04398438633804063
0.7086031489016386
-0.41330803751062556
-0.682613124680454
-6.441525992102479
-5.870107864537273
-3.247049990292546
-4.0464497805452355
-6.5293522446572005
-0.7702864201240053
1.3743062274690774
0.7671456970377821
-6.516021354647168
0.050721933097572953
3.902712584898233
4.862819943995628
2.3464118875103934
2.2942665778615825
-0.5561158903970856
12.263999438833457
15.0
-12.050070646588896
-1.3120557683548362
0.9555169374149688
14.227817007079416
0.9417387925987571
0.29015038139981664
-1.4265271173385055
0.24532378505963734
6.816127363297488
0.1952767013476522
-4.060868801593403
1.9763353847886838
-0.07572102724991707
-0.9283018793093891
-0.3114046242412449
-1.8030321917105414
-2.37478510850588
-6.952561001142832
14.53343373937295
0.37178143833899213
1.2430785575413266
1.309989992672974
0.2525654827339198
-1.1823704049960755
1.0046177708528916
2.4464380149188303
0.7580927955490848
0.3772087192517744
-1.0923361287405187
0.46830834001600324
-0.34580239705601834
0.35814168426243204
-0.38248731009504394
-0.8908875714214967
-6.7481236426117315
0.4153849620815256
3.1037392990423562
8.344730466577712
1.382554104558055
0.15642741673039692
-0.9669585982044454
0.32868865029351163
4.313986454595182
0.34467823890812327
-0.9649329472504007
1.8198674591847712
0.3320180286264821
-0.48521249532563954
-1.00917919331151
-1.0243418162330666
-1.511317580289046
-6.775129300040508
-4.147066448520044
2.762995154129489
1.7244561278237658
4.882965402261081
1.0731246958651084
-2.0210559346190493
4.13033590803477
1.0948347239925535
3.3014000024644803
-0.24495496437393147
6.098272195951372
0.841677011875188
-0.5469061750638025
-2.1294960407510466
-1.4150250593612013
-3.4566488986088126
-8.142430094925963
-5.634606630311124
-1.7901427955392457
-2.0590307985791467
-1.0347702994633845
-2.220896980937955
5.872237774768688
0.39341463981397107
-3.5811581020265204
-1.3089061563912439
3.2767474874194926
14.573155439702102
0.45338656389330917
2.3135918757332905
-0.47294078706874926
4.581047403374975
15.0
-15.0
-2.822123505073271
4.079159827268979
2.8374062346020406
1.5339113783713374
0.5498207644747011
-1.3294111532483592
0.5943717646059592
7.376455906427242
0.5305504522914256
-1.122257673208869
5.366456914227551
0.2781500319705831
-0.730442511620075
-0.28068370528660236
-1.6459639586918138
-3.580931635198415
-8.40015450923907
-2.3401586056936337
1.8931949230833867
2.061961403271045
4.974931714340591
0.6328118460260552
-0.6811134205792637
2.687287703129462
1.9510801807588314
1.0900353465657422
-0.7814698945073132
2.989236000928387
1.589782334431759
0.15397956692341844
1.552084605741484
-0.3721332813875436
-1.6577646117249667
-6.804488446105015
11.710709788424854
2.5237963685269618
6.6294326867869176
3.3534854667171174
1.5028638343162277
-1.4963392074351813
0.4926510479486201
9.80805150720165
0.5694161817714469
-1.9246184262226556
0.7092850980696632
-0.7980512508228369
-1.2823881995103077
-11.380890891466096
-1.7693418082059096
-2.4046668398018958
-10.254061808821792
-5.398442485259379
-3.1028179247465437
-2.5729709373795515
-0.017750056280665345
0.3057610069543669
-0.4202218567547552
4.716669185681075
-4.152729772128185
2.0539853767438565
14.006765092220133
9.995923361140171
6.975565119097118
5.189221714984662
-2.7883162837747046
1.8558091677787405
-4.0912306851291955
-13.938363925056173
-8.4346564144264
-2.1898630802136156
-1.064670088277387
0.7646060725226194
-0.40288955317154046
3.3997742669195383
2.402720853877977
-2.176452465564548
-1.0864194497693724
5.960510321013289
5.236801060071375
1.7800347478450966
3.149828831110723
0.10992469344931602
15.0
7.121823870202285
-15.0
