Architecture: k-jumps
Number of States: 26
Parameters:
15.0
-15.0
14.429110448519877
-15.0
15.0
-15.0
14.270333206030077
-15.0
13.507404003073495
-15.0
15.0
-15.0
0.2941951086412687
-0.2780459496818435
-5.38523141130818
-13.677833171512116
14.60525781898617
-15.0
-0.9181645218462232
-0.3914957577261792
-3.274962590687462
-15.0
-0.47483574219122016
-14.998816196366374
-15.0
-1.2835163069332918
-1.0687178853890305
-11.857634645518413
-12.432913133448052
-8.799013324081892
-1.452317525156384
-15.0
15.0
-3.8071973259508725
-15.0
15.0
-2.0610597044898236
-4.881998545099707
5.431758512937168
-2.1251057913879827
-6.440593941098724
12.53415150342794
-1.2121914051083602
-2.049519701725436
0.798356922791268
3.0596396602518636
-0.15543660981753063
-1.0130264409510528
1.5034688323343874
0.3980166816774826
-0.3197087179676239
0.5793356363128793
0.12815253790107764
-0.05904791872972326
0.2688172293306629
0.4105241413601359
0.41755576446270104
0.3825877693586356
0.0898195703988652
0.351557918810675
0.3352603650953093
0.26229312748882905
0.6154958545644654
0.723699457489383
0.6423006087670463
0.8678046065001471
0.6786076825141565
0.023964831222043532
0.353250806870958
0.8682259279924762
