Architecture: combined
Number of States: 28
Parameters:
1.104018308709085
-10.241358183594434
-0.8441154815795185
-9.80365185951756
8.979882693652973
-15.0
5.317652670645128
-15.0
7.624845813021933
-15.0
9.028484194419331
-15.0
1.3416768055177544
-11.238115802316301
-3.9521367439727775
-7.731577590962323
1.2532417699174419
-9.50054094820941
5.051337493371091
-11.335422385141863
4.154890209079031
-11.313259550057307
5.263995204234801
-11.20626092869867
-3.9332989956167537
-10.589277513868266
1.6321430536532608
-11.327535414423556
0.16821250192371837
-11.362480892461186
0.4356864926885422
-11.218466376235428
4.966356511036735
-11.272285109174883
-4.570413908155925
-4.581063954529931
5.80379702791579
-10.298040170427099
-9.194696725565846
-6.3746793156226
2.7973854586120286
-15.0
-1.8851940901265605
-9.306743912553392
-1.083127039062935
-14.999992499159944
-7.662142760836251
-11.360459747320352
1.534593197519629
-11.10301765581825
-1.310201535530648
-4.5817551581341815
1.036821861755448
-4.457205535903999
