Architecture: combined
Number of States: 50
Parameters:
7.041268355842259
-5.9917153902028994
7.1187750960505864
-5.930909953835271
5.9219880471039845
-6.981300081515545
5.484057041476468
-7.2695025770979305
6.097942846616019
-6.897189882107931
4.068434574939978
-7.939323581727383
1.597931834972238
-3.708828201400989
2.0637192660419323
-4.3188881203741945
1.6256231412404312
-3.0495836920344375
1.7811180498655828
-3.292020368636438
1.8455784085305822
-1.7707739165480236
1.9813300371044351
-3.064196917148862
1.9462118411710825
-1.3228186992099467
1.7716891600470743
-0.3962800830123823
2.2168361670374135
-4.1420165841648275
1.2807886277994232
-0.09134244649354624
1.4701804838021675
-1.206245527940708
6.044327242311898
-0.025674493469830122
2.9318892950890554
2.6453712101843094
2.8900796038573056
-5.274198281688003
2.934925594338058
-3.649476375368425
2.0780567108003485
1.5034865214649848
1.4482368768438545
1.9267922786558689
0.435622716768878
-3.3304341005143203
1.5150811178280135
-2.5496248187898964
-1.447804259873317
2.058618813505743
-0.07246070577916333
1.679868377161643
-0.06902283065248849
0.5298487888073055
0.24225555218740225
0.9737077421605042
0.32183378554405484
1.1202464166140196
0.20182109132027995
0.25730072940549065
0.420816973899069
0.8588035835245627
0.2719515452454928
0.6668134650517473
0.2903803639720939
0.38023052368337135
0.7979586195508602
0.7916564841030084
0.9896299912264159
0.11679964984107838
0.024605250203327045
0.6700831403124069
0.35040854148525125
0.8756183081137514
0.38537110732937885
0.9745690654829369
0.4695760967875128
0.3254259862486113
0.05265484033687151
0.0930901230327007
0.22237342672358773
0.3426460250906027
0.2341222673157246
0.7704921467741271
0.3488028308508463
0.4462109715284762
0.5819951627683151
0.9366977515902848
0.5086121962327353
0.7198776882166933
0.6935512739069073
0.17781043891185677
0.46878912800523964
0.5534211857603637
0.8811359934434998
0.03334938746356164
