Architecture: chain
Number of States: 36
Parameters:
-1.731196168337727
-1.680165857691244
-1.6908763859452942
-1.681185113557416
-1.6273183688344328
-1.6874226832395558
-1.6409463485344993
-1.6616027325498173
-1.7645449784509983
-1.7250929077770198
-1.6340431904586594
-1.658981381384171
-1.626750139373473
-1.6635781461726264
-1.6579008123704022
-1.6860969748780263
-1.6380020168264262
-1.6518945891376589
-1.725478257407527
-1.7325613962281914
-1.626774993932793
-1.6410376370289055
-1.6645955924025226
-1.688063379997061
-1.7163568273751273
-1.7497446280297386
-1.6459213482581159
-1.6306245962412977
-1.6497508331507384
-1.6268617208198097
-1.6316109812376833
-1.726160524400944
-1.6285491882284315
-1.6796780528021362
-1.6458517282619847
