Architecture: combined
Number of States: 24
Parameters:
1.6220436914913283
-1.186295499375336
1.6333823941364167
-1.168235780599864
1.588208048417885
-0.7685698288437113
1.7546156376521456
-1.9524806343214014
1.7156845547227302
-0.40783511536013595
1.7975290271104445
-0.8199147104315612
1.6946892827688549
-0.48967965525916957
1.6732226522584654
-0.0597202062659334
1.635962268672144
-0.2667991328510309
1.717889624922312
-4.090761899144666
1.5955765548947978
0.36385629560640415
1.4208081424700625
0.9120381824822421
2.468972172760638
-3.3226207418361238
2.26305708591063
-3.850048707921671
1.6123817579577477
1.2752264088119338
-1.1511699166192553
4.218305575422177
-0.2922744500926147
2.4028114367792366
0.45005583479925637
1.2520753237967297
0.1385792677848745
0.5348132260003033
0.5654643864122897
0.9878170076114597
0.24349708759292998
0.30447420829731253
0.7069255116758367
0.0252371136362326
0.5526469467593708
0.5432827359492068
