Architecture: combined
Number of States: 32
Parameters:
11.037724923967174
-14.96157031080142
11.512062761390323
-15.0
12.156406703686677
-15.0
0.3331276071085489
-12.111245324888278
0.2992193790515086
-5.810459083834159
2.7589027566460826
-10.960570193511135
8.960137524325779
-11.766880915473214
9.086564848672765
-12.58557987005144
1.9509111166205395
-1.2424763720033665
0.671234367107807
-9.359195246778269
6.215039602634255
-6.390330031388898
0.4400552505099198
-0.9529761234721889
0.7602522471554938
-2.8912388618489944
0.2782676786694482
-0.4629973076028419
0.09894528226606357
-9.384388045581048
0.3227035204885829
-8.281856517052216
3.646066515587183
-6.922309952857421
0.15030984032706332
-7.495104197500307
4.0197148249732235
-10.812917453838713
0.15653725178090802
-10.303964173664207
0.2916849946408527
-9.400019897269456
0.28293353063878546
-8.956679463192698
0.3915561201233936
-10.310917512049082
0.2490351313631081
-6.754730278214929
0.009814989293715121
-1.3759075803513208
0.9792621426604841
-8.740426233524413
1.3181809440072063
-8.234141240095491
1.1949219409130276
-6.272567613843183
0.9719930447695164
-1.5230445140846094
-1.345037381307825
4.0639316336422855
1.6785157367871744
-4.320048159060098
