Architecture: k-jumps
Number of States: 46
Parameters:
0.39487315802968215
0.8541223770525059
0.6284477047415467
0.865309069563431
0.9380264452935075
0.5457674925314764
0.5612269053788398
0.7841763483420723
0.19602618033331642
0.8629438142967909
0.5857754119550629
0.09399407513859337
0.0977804345707487
0.9218244471437109
0.6428729959457228
0.26122694952082415
0.8103748378931102
0.33490075109074946
0.830651647392746
0.7753004368779518
0.4227429046001834
0.14447083697550211
0.40914430048654393
0.9995894443295742
0.3968792968209497
0.42342997788647574
0.9998643595528954
0.6719765405345013
0.8522699929303891
0.6260701499428305
0.3986852249326419
0.9446442402897149
0.9124327853532088
0.8487497976981989
0.2600596282764951
0.10717877680258836
0.8727670904778329
0.4645211865917268
0.28203753565811907
0.9297848436659031
0.9081323103953597
0.9300852863984822
0.11907283450404249
0.9232125134352482
0.9740478737817834
0.13806497370461968
0.48579327111797443
0.5136155588538498
0.37491816653445853
0.7085652158706534
0.02644532163900415
0.005659311992163074
0.9167281469229939
0.968264981717353
0.8332297019134032
0.08374063974200896
0.43521994187740576
0.1311470521282636
0.11472863057212868
0.950199988743022
0.8964681584717058
0.3538051603992056
0.7116925549736618
0.9271410397552494
0.4842976828370714
0.726644390501796
0.11028233985837776
0.03314615331910664
0.9239745676265118
0.9567118933901507
0.8019753954849309
0.2566772188529266
0.7154542292781679
0.5219189408082343
0.4342909912923649
0.024646191483580937
0.1242001229662113
0.9862926917227369
0.47048170760706864
0.7831463073805142
0.10612742894892113
0.2747634870766259
0.19081782841519068
0.026115476391022407
0.902775107342657
0.49170337144840504
0.4675888287568738
0.49597136261499053
0.691738482586931
0.827704410598119
0.6744972598626013
0.7926393829082641
0.7736474877265963
0.7625181422016132
0.8174216108067656
0.08787775838549872
0.19972763653447378
0.7686754833926459
0.3336537090034025
0.4158856637430176
0.13833282670179736
0.8612276864548957
0.9508084022845803
0.8064715843759016
0.36882174183423355
0.5640255695876277
0.6114736584460381
0.9727064441032333
0.7721440873578176
0.9755579697957311
0.40728269318689847
0.7950848116589545
0.05155658862588319
0.5553426056525212
0.6661076564259426
0.4136563041239223
0.5489486457253776
0.30592453831145017
0.41249233033122146
0.8326314622644732
0.9527716767062109
0.6565959051587168
0.9244429365718498
0.7929859735691652
0.6596316397829065
0.39346831163308804
0.10477513300687069
0.5664727415515571
0.017418898481888156
0.7262026461411402
