Architecture: combined
Number of States: 16
Parameters:
0.5613192322428728
-9.70154703977162
0.7405522509831229
-9.271332358027891
1.172712645366713
-9.606842650531386
2.6242625649402895
-5.29623505296817
2.979474577023228
-4.868819070752349
-6.06672143758016
-13.328027223103614
2.179290892529124
-8.704878169178066
-1.964890089606137
-4.396965498953233
-2.5299958929481963
-8.703776252828465
2.813358119035799
-5.955123580992903
2.418844819468394
-4.038396236958578
1.524228392476472
-3.7438048374856767
-2.6310163728190656
-12.107549443883498
-1.7080757803552278
-4.961325852191566
2.1613847831916155
-8.39097230772671
