Architecture: full
Number of States: 14
Parameters:
-1.1259311952218634
-15.0
-5.426167027676553
-15.0
13.535976829961898
7.027542114109821
-8.842781201584094
14.91433294361148
4.177071050856383
13.05439814021493
-10.703646462380071
-4.540803646428623
12.418313620869606
6.384613397810274
4.67697440046568
5.817341745337725
-1.6898531903939074
-1.519381335925682
0.004354980319181243
2.7947739047042766
-1.7246618288110562
0.6664739546493234
-1.320983740584812
1.1517074130500753
1.94712970224297
-7.455987838997868
1.094026674138979
3.3571532491319878
1.967036981648741
10.657996233996434
-1.5321763335501462
-0.1780756116661608
1.8392327613483501
-0.9925528017085679
0.6858212241593913
-0.5505630915174594
2.5419822733971653
2.375286457971781
-11.54672624875413
2.1031005137650873
3.4021839347907803
2.903888887329728
-0.12868528979894076
-1.2906549037263157
0.48307845674574174
9.151076610436943
-1.5510729790223676
0.352791177945378
-1.8043885190568112
2.29062759677423
3.63532001281535
-8.962730774898363
-3.8956740490873525
2.6326772332415103
-2.127241255682168
13.655570288057127
-4.821116371888196
-3.8583152597532737
-1.5799188740998331
-4.665506040644504
-3.677887288168663
-4.428861425794296
2.0240696217908924
-1.0570941131908038
13.495987935925283
0.9665582865571524
-1.8244988255304506
0.451123577946454
-9.696590577954696
1.6135538705651418
1.901418788353562
0.6864997442610294
2.416581870625842
3.592769144497808
4.9949562488486325
-1.7744137519669718
-1.4817080333796993
3.3354186134321453
6.060371924255368
1.3791854903406113
0.9534147242082962
-4.958167669838442
-1.0026145778364988
1.2972776676091113
0.8501735155191009
-0.7415889484901084
1.9709393250275713
-1.1273252859522287
0.8074382557454765
0.4938303855985957
4.280873704330419
0.41422799831421553
2.6918083408543847
1.1127787076689215
0.06243827751514256
-1.9229899495835372
-0.7537455436525645
9.186160049387802
-1.8894091016072163
-0.4926968651162454
-1.8512334537790427
3.0530931042538065
9.237630671681027
-9.196736518509903
1.676210326578758
-2.789182157320892
0.5572135441692571
-9.44241254644613
4.484511836360416
2.10036946261158
1.1477566545564486
4.081261471414053
2.567793026179464
4.138113072849614
-2.605250453309208
-1.0516847606001098
2.241720147550641
2.1328271128919245
5.478642373132467
0.8433569760304777
-1.550880892201857
-1.3492051740548165
-0.7038625815677949
1.524214997249084
-1.2866247756894253
-0.48970170521857476
-0.5002388626614552
1.9232947642023164
1.2112702664456372
2.7071706929744392
3.8849961845503196
-2.035119547707437
2.552253388718316
-15.0
6.396151586203623
8.063010797872032
2.8657007086017363
3.892438001623814
2.647642803879853
3.9264660484219154
-5.565779343509636
-1.853890868655035
-5.630625598268562
-0.5156961932446488
9.694713077663668
-0.016188641086026176
2.320449054449517
-2.271194560064172
-2.4006767613958346
1.4375492288477318
-2.131550828009556
-1.2033083435550194
-1.7964173474581395
9.590650198809055
2.965952542487746
-5.073593269074096
0.175086092399768
5.22544761161313
0.5903744651644861
1.1095785269303708
-2.1976279451544443
-1.3882644364558494
1.7310469793513334
-2.023181785644979
-1.2221990741000397
-1.6278447726123508
10.89577749935888
1.9295444745791157
-4.0520261216025295
