Architecture: combined
Number of States: 20
Parameters:
15.0
-15.0
14.668235602916567
-14.933403265232657
10.172205275625464
-15.0
4.4787645624860755
-8.593580660133034
-6.122022933053497
-15.0
10.651331881031592
-14.933065677685711
12.411933877819976
-15.0
0.18753032728410984
-12.645232026637109
4.491726867646808
-11.46361083306528
8.023539188218546
-9.746063805262818
5.2125044672969265
-7.638138813263454
1.2273439925767358
-3.393933298341485
0.4386788490189955
-2.702391624850007
-2.4138152643089357
-4.389485107747737
-2.5658300662957396
-5.994286807567655
-2.456042862775404
-5.516671325571501
-12.323881230935513
11.578830019001556
-15.0
15.0
15.0
-15.0
