Architecture: chain
Number of States: 26
Parameters:
0.4361205822949612
0.3357279908962836
0.5379685894829169
0.07570594798458552
0.8828539150315444
0.8712965794740907
0.14546342370421794
0.8494808213523082
0.6644299418462554
0.5008735357808412
0.8974583817650613
0.3085218233945196
0.1406006329775834
0.8430655170252607
0.8054400631916374
0.9601601302947569
0.9550518742696249
0.04313499723104053
0.12417953833780859
0.004241165552258397
0.9881216336246424
0.639719312935041
0.4575650899950382
0.20061743249211428
0.8885291206938172
