Architecture: combined
Number of States: 16
Parameters:
1.3163409403618869
-1.3901368971614136
1.3117797519853331
-1.3264575379441998
1.3144498366444772
-1.2470006201837776
1.301047921741893
-1.18975876882609
1.3156786567149326
-1.0701732683576743
1.283686823288356
-1.10840985282788
1.2141368390693292
-0.6183519026147953
1.3913456127904442
-5.088657694205287
1.0456342020372238
0.1734424798595226
2.1217817355946527
-5.573827552701481
3.283455757178286
-5.482879627110242
2.120830846810448
1.710363044231702
1.4657693012184363
-5.797813391026723
1.4937211300427684
-8.917442239982647
5.762538069740318
-7.05532107023435
