Architecture: chain
Number of States: 40
Parameters:
0.6770744925209325
0.4466297426994815
0.0272767860140416
0.5011749482033567
0.4281404619764333
0.8242299306338526
0.41139124561813156
0.8168498258013347
0.6509269679913031
0.2421420556176307
0.20359215996907976
0.33170329199653104
0.4845414467266491
0.9940242173939634
0.6001251844761379
0.8641820206533066
0.4673127371918897
0.5234836150500205
0.8734316927830078
0.3166662196938067
0.46139180813569647
0.002764680751841997
0.2144201542080688
0.10749521601644507
0.10190760292296852
0.7951934916777519
0.05649198015078227
0.8830081102297579
0.3010862022064409
0.3888955162170691
0.40498389018316416
0.24662455808924066
0.4785641045062883
0.8472354717787391
0.2574762971038643
0.31474045097771175
0.0829859870595977
0.3519118398524138
0.9964968140701269
