Architecture: escape_chain
Number of States: 80
Parameters:
-13.99771112802997
-13.775021804278575
-14.033045822413431
-13.805386190745365
-13.770037315788315
-13.767835679759918
-6.226922588937815
-6.216874714585749
-4.701178738268569
-4.396447602799836
-4.09270900336721
-3.3661905898205995
-3.000411967008421
-2.533319852480299
-2.4141609622191305
-2.322819938529122
-2.4147237890271716
-2.4689682356364617
-2.9425996092302347
-3.0445036578224007
-4.05337253671924
-4.027196011528495
-4.834282002875962
-4.8275352846965385
-12.847127708374124
-6.262404768227534
-12.912067336977
-6.155071335749028
-6.190402454229702
-4.812175628255894
-4.395115122515174
-5.066813517608801
-3.668917892943234
-2.924459757454778
-3.1710116230004286
-2.6617416324689223
-2.5515873733596592
-2.1735424460957535
-1.9665903554693993
-1.8737651781272449
-1.5088480170031378
-1.0482575789411928
-1.3382898644393733
-1.5142024230070221
-1.2659123991114485
-1.5136083165472418
-1.100134619522628
-0.5941208055064039
-0.8812291764299041
-0.17901992345837797
-0.321790818257961
0.3088712345774571
0.6785735199243019
4.88158183189903
0.715162456655967
0.8015871851956106
0.8680090872008451
0.5322211414581746
0.6553000761796988
0.03171130194675187
0.09342136301058501
0.28292347132549966
0.22339287564772004
0.10917597081661867
0.4074339569417754
0.8936820141471622
0.08827273340794262
0.6702477310894062
0.251071685164865
0.12167849583621226
0.1614117250677457
0.8045827516077106
0.49284185521807644
0.4385775522474352
0.20888208200313407
0.750929290195953
0.01673745799507953
0.7707138805460035
0.24129318495643737
