Architecture: escape_chain
Number of States: 74
Parameters:
-13.72864019449439
-13.796653007044894
-13.918311579874587
-13.96014440719956
-13.78199116033487
-13.769304892886508
-6.1982490935140815
-6.192818504131902
-4.698544295802173
-4.397101883722968
-4.0934951248047176
-3.3661129217867787
-3.0018083615181954
-2.5358426980401636
-2.4125495033742337
-2.328335093845622
-2.4125531428632048
-2.4710121082673924
-2.942603853462826
-3.0445245717617087
-4.0506105785643065
-4.032027775458165
-4.822756357852254
-4.810998919718977
-12.853309890766274
-6.2014701902220475
-12.852271896424483
-6.297182464137343
-6.284627116976803
-4.801467174543979
-4.396540953257759
-5.0882792279134685
-3.66847089887586
-2.924513922082018
-3.17104454654989
-2.661747925609354
-2.551583345025997
-2.1726518820014484
-1.9655370269542707
-1.8735586394979764
-1.5080883055285612
-1.0472318718249434
-1.3382685059304646
-1.5141520837105042
-1.2657839829874507
-1.517043309516952
-1.0956527667867746
-0.5995120462217599
-0.8919507682647811
-0.18317198828711784
-0.3275363116536087
0.26923856205109853
0.6087959263501188
4.403198158879247
0.7230540006486352
0.14926719012225476
0.12259215886723307
0.8917304730434383
0.16413613893419288
0.12686356153114797
0.8226855961684716
0.9834101173427848
0.16574553703978878
0.37632999474154283
0.18551325888576864
0.05395920652539288
0.43550095716935766
0.967839467200022
0.9013385456897383
0.6062757845311549
0.7931008461295985
0.9652431702756459
0.8094924919883317
