Architecture: combined
Number of States: 26
Parameters:
2.2457520325684746
-0.5975246099716018
2.2311097869817904
-0.5531661913428171
2.2242715989921913
-0.4950713890119873
2.230081365778417
-0.42071839956366813
2.2310467622789334
-0.34642168634526854
2.2114110755535226
-0.2866719572677359
2.212787006716615
-0.20000639531597397
2.2196874239841975
-0.09995040695225106
2.1983013696948013
-0.015696166441764414
2.2046585140320047
0.08718143948407027
2.1697172856826232
0.22474377238680904
2.190390515802312
0.3269199886064122
2.217214055295677
0.5945183151204914
1.8487306710955766
0.3986529674426764
1.696981286394757
0.8972359800865983
2.2448458467873103
-2.7139750677720076
-2.897200570665482
3.2395015382229913
-1.4869655606484484
3.560288304631999
0.28091961308165425
0.9450683258483047
0.5023797560854121
0.26923565604945526
0.6200274083033421
0.4346763658278876
0.6937054270727369
0.9808879179648331
0.5752567213537635
0.722586375725996
0.8600482385016646
0.9930366822288308
0.10400235462458984
0.1779001990768727
