Architecture: escape_chain
Number of States: 42
Parameters:
-2.944063833492094
-2.8901476331322393
-2.8326843121186127
-2.7724491492977634
-2.707961720023552
-2.639083104497647
-2.5648581918772657
-2.485170808994008
-2.3980491735260014
-2.3028793427855136
-2.1975505852011947
-2.0794824674812507
-1.945746531380513
-1.7914832010164847
-1.6089929691354732
-1.386119000160634
-1.0982658231604743
-0.6932697642686146
-3.993783465933727e-05
10.404769998408403
0.9492948448330282
0.0063662815656402305
0.8429330855065784
0.5547523026535148
0.8239861062661163
0.6059057679228357
0.6710395434596842
0.402200907498799
0.6134398460633934
0.7613907271448798
0.8676150240250509
0.4250062973523895
0.505180105358194
0.2699076241819327
0.7385820776412548
0.038674931711078275
0.5504666713359342
0.6102456810457556
0.2943160848104821
0.33618600658154574
0.24782116832809797
