Architecture: k-jumps
Number of States: 16
Parameters:
0.9390859195785788
0.6304746479230842
0.6659246316144113
0.3241502606067944
0.4175777371283964
0.07790848195286093
0.8392894071207692
0.149364115243934
0.2167578812013623
0.8513527174850213
0.328725536087505
0.0011813984957376178
0.8632950953969287
0.5216962292758879
0.7019411512434958
0.16766165941604405
0.10108690183948588
0.9515025767825422
0.27908423543220373
0.7066278336997839
0.29917101954397785
0.07756875801691532
0.15865804066368228
0.4084626945823443
0.9258819641010453
0.8423699635556333
0.2574895902904287
0.23297199580748373
0.30947103471454573
0.8952967159620895
0.6228834660739467
0.9589867739726095
0.3603845900960554
0.6480780132563363
0.9585586564253485
0.4496403777257446
0.2496294664864781
0.5189862187690325
0.29324100091421235
0.48930691463129194
0.32907197030127033
0.7497560576271395
