Architecture: k-jumps
Number of States: 22
Parameters:
1.0265741735120368
-1.616563501916324
1.0131281499703557
-1.5430042497287402
1.0293344862503913
-1.4617424085420636
0.9975941408790318
-1.4089022546377867
-8.013998623786387
0.9939896795124767
-1.156105512370304
-9.252569946813725
1.018750755203864
-1.8549147822528818
-9.645943257190488
0.8772812288303895
-0.453411675619004
-9.94400077058562
1.198456955280933
-6.6915225674677705
-11.272150508634216
1.0680216145745367
-0.8541168950897771
-12.068145496480803
0.8225943950899431
0.21946846384833166
-6.6095138768302135
1.2677131695784807
-2.8099855010696
-9.144177333997634
3.585473022876125
-0.4179208207027421
-4.798828765383379
3.704250044257351
-0.7498018525724948
-7.011499805768168
-2.913903907577706
8.343022750969503
-4.034416595759239
0.04841904968800328
1.224639727969463
0.4358160995649019
0.4818759841058758
1.0105014392357794
0.37332715023604696
0.4293932431515049
0.44233534498277444
0.9303027436054002
0.18487043002014816
0.41141712834688204
0.7346397293519126
0.028325315756958416
0.1486892369372433
0.03170672253305951
0.8235663940255982
0.7084601443365943
0.5007183972859052
0.6812070367659028
0.029935964727898168
0.09465808024845768
