Architecture: combined
Number of States: 20
Parameters:
-0.5710287012369514
-13.30291847660625
5.67668505639115
-12.4597746905863
1.001851621366874
-5.940286580286819
3.458177451595688
-14.999990662519156
-3.177611124330452
-9.018407878852024
1.3814701526222555
-13.376090250279086
-2.917931936887363
-12.968412807059245
-5.334770440181242
-10.846699123430184
2.3091701194847487
-14.999985605029911
-0.9038885259652453
-9.306564627157966
-3.9372176063016515
-2.66109805730797
-8.623316246555106
-7.142784944935099
4.352648263236743
-10.436102619151315
-3.5343170200713248
-10.07852946872139
4.242545847687781
-9.051390161686093
-3.5590604742728695
-12.017112549259311
-4.442760863938302
-9.429806180019623
-3.22100724510495
-7.490596179291258
-0.4559319827551082
-8.874678258024101
