Architecture: chain
Number of States: 26
Parameters:
0.758496229242078
0.3237939899409856
0.12674323397650322
0.7858902581620938
0.3780348907144575
0.09604911594768639
0.7077707341535185
0.33057215270510254
0.516482026751508
0.6631458755765164
0.9709299642193573
0.13517642108633443
0.7917151387088657
0.6792862865615175
0.8212052636129472
0.334491905433668
0.6335053193090666
0.7412474004227213
0.8163886812123521
0.2437297734544227
0.17903375386936815
0.13413187833285245
0.9066400558020802
0.594068438374389
0.644702105106336
