Architecture: escape_chain
Number of States: 36
Parameters:
-13.800653806235953
-13.596341286457513
-13.725031419179967
-13.601588222536446
-13.647317927222877
-13.800245671726184
-13.615185963802123
-6.1630726061343815
-13.721449159846117
-5.512603658174363
-4.591071930587497
-5.511240341758022
-4.099151397151828
-3.249516547508179
-2.745270330073925
-2.4088260452685946
-2.441659067720225
-2.2840209522765154
-2.11355704513838
-1.6502908875088698
-1.6880054028637597
-1.4529178878818452
-1.4684275041693737
-1.0887754876120335
-0.810604296703265
-0.2227232147320244
-1.9415022453455446
-0.9195632755296953
-0.4033672764550658
0.13145438215945798
0.9664264559884405
5.357541293214762
0.8320477870966687
0.9754873422448165
0.9140310802730195
