Architecture: combined
Number of States: 26
Parameters:
6.1866981063948625
-6.435917708579346
6.844136805805876
-5.7903876359115
5.312211468063714
-7.326093100249262
6.7213313937155466
-5.90199944708794
6.405148730923628
-6.21305466433036
6.458084113280171
-5.857123084505767
3.0958419756178666
-1.9544496296694798
3.1032146503508344
-1.643914212614091
3.3195434117019826
-2.273754077841752
4.002012953837198
-2.3183671019877625
3.879009666857216
-0.3561386058343632
3.252392010089537
-6.819980068482688
1.5235009469887297
-1.8300929827370949
1.5107068177433063
-1.0861027323406416
0.875063996397038
-4.414178887071101
0.6236873473442939
-0.24285315843584662
2.258883419049977
-1.8159522163188064
4.05871529318793
-3.4085511199237017
1.443162875940804
0.9780707275801102
0.4459471717990981
-3.1233176106042135
-0.7872775784567511
-0.08506568683868519
0.24671283179815548
-0.5600095674561283
0.17808972596983283
-1.8119820653570302
-2.461081289054754
1.9950438196477145
2.3324426171068975
-1.794361034469352
