Architecture: chain
Number of States: 34
Parameters:
0.7746042591909952
0.7480381141700534
0.1409511494919058
0.14894320079391488
0.321537564888268
0.2574457299934084
0.8985557636239574
0.8246960442286063
0.3937528711454702
0.22466395427695074
0.9136257325643012
0.7346376581031392
0.9836996103689394
0.04008537258141209
0.5547016779798511
0.08954295059546313
0.5024759193802667
0.47046017148281993
0.5378389627426637
0.08447773028747396
0.3531244223882416
8.310274347245183e-05
0.3411893239901097
0.6282089388476085
0.6349905647895735
0.5312183922673138
0.617396579730679
0.957128093825042
0.05872569027187435
0.8096814084360954
0.020341179406585086
0.05113785241501867
0.06752172785076427
