Architecture: combined
Number of States: 16
Parameters:
1.478337933686761
-1.2576538315079415
1.4741173705163724
-1.1992279072592564
1.4868780505359693
-1.1202498709018756
1.4606452426187557
-1.0536743778828948
1.559988312278451
-0.9106710242320041
1.4957330922384229
-0.855419465879672
1.56214455377286
-0.7015030717161461
1.4612563128106693
-0.7202586948581647
1.392932226145243
-0.5586427675920783
1.4399258165116897
-0.48514955959456146
1.452238545561248
-0.5879630477662787
1.256396837032249
0.527487961161841
1.5546339634915691
-3.918518489908617
1.4687996846757168
-3.715020993800409
5.967960108023797
-4.576736841171153
