Architecture: k-jumps
Number of States: 28
Parameters:
4.625036598541509
-7.715976003914079
3.858149404650313
-9.05740440576661
5.457086403146279
-8.86553046652183
3.7660624205540794
-9.045452344446804
0.8284872693999069
-14.150913175088343
2.897584226047369
-10.682844995121563
-8.93906356107764
0.6965775843546566
-4.098850461289098
-10.21143872854539
6.638875468155547
-7.027433690221591
-4.848191851831753
0.22786631732431434
-3.5643960963442454
-12.161053862605792
4.603795304792739
-5.816790597345818
-7.525097859094083
0.2901567861697604
-2.7044286689478274
-10.329540871885431
0.14360179340360318
-8.131778672733263
-8.241850172526833
-0.3021499355744124
-1.1942301919363008
-12.256002271487763
0.07004442094431224
-1.989930043015347
-12.153618774612918
7.609174531005316
-7.2035708364011715
-8.646673762093007
-0.4917367728200498
-0.4290371544065304
-10.71861117023371
8.51620450511554
-7.281335421176092
-9.228906885275952
5.682240530008004
-1.9441167416780654
-10.506420972431897
1.012361064642139
7.347448193145373
-6.797358016186857
-0.4366015645207653
4.969764912664541
-2.739683782498351
0.029564576260337275
2.2722882133621303
-0.6567071015805992
0.37582771908577134
1.644776845370336
0.06319938085327219
0.4283643670346027
0.3940497055464277
0.8362274736697148
0.21023116831109584
0.6520951408333017
0.45392426855950446
0.862972804361992
0.2338376758846678
0.6886666361394712
0.09035825528558009
0.5106191913758115
0.24542688312715188
0.9035471955993024
0.3062021148750902
0.48930220640353245
