Architecture: chain
Number of States: 28
Parameters:
-2.593411752564881
-2.593411752564881
-2.593411752564881
-2.593411752564881
-2.593411752564881
-2.593411752564881
-2.593411752564881
-2.593411752564881
-2.593411752564881
-2.593411752564881
-2.593411752564881
-2.593411752564881
-2.593411752564881
-2.593411752564881
-2.593411752564881
-2.593411752564881
-2.593411752564881
-2.593411752564881
-2.593411752564881
-2.593411752564881
-2.593411752564881
-2.593411752564881
-2.593411752564881
-2.593411752564881
-2.593411752564881
-2.593411752564881
-2.593411752564881
