Architecture: combined
Number of States: 44
Parameters:
14.994222808878469
-15.0
14.994430294301667
-15.0
5.869183445562913
-11.181792132156211
-2.17399401866856
-15.0
-2.1728037174709605
-15.0
-2.1727614798826713
-14.736630477950218
6.060340062569174
-14.512276794883647
-2.172886616694591
-15.0
-2.1733397545139526
-15.0
-2.172820176514749
-15.0
-2.1728007389822075
-15.0
-2.1737730598665577
-15.0
-2.1728049005767027
-15.0
-2.1730032786964064
-15.0
-2.1728205894791093
-15.0
-2.172809281757908
-14.82737120248942
7.642599157541121
-12.814615370423526
-2.1673075712026275
-13.781645077549893
8.868763617546232
-15.0
11.941281614446016
-14.533414968896986
-2.1687859998801526
-14.497347286166107
-2.171387664715362
-15.0
-2.1727939439074917
-15.0
-2.172822974689825
-15.0
-2.172290073037289
-13.89529136840363
-2.170206143607591
-13.932981336885868
-2.1717328636963713
-15.0
-2.1725397055595432
-15.0
-2.173918814352738
-15.0
-2.17273692014168
-15.0
-2.172671616686362
-14.65077241721971
-2.1727086556497666
-15.0
-2.1712814008194843
-15.0
-2.172698411317123
-14.215207292427621
-2.172799093584261
-15.0
-2.172728974618659
-14.925102213517912
-2.1728089495211975
-14.473189530817557
-2.1732179806939373
-15.0
-2.1725653264080007
-13.843903594131993
-2.1734996308787826
-12.916698240806086
-2.174190826241987
-12.514697457424944
-2.172661851123449
-14.998540286912984
8.869499833477327
-8.474909281774128
