Architecture: combined
Number of States: 30
Parameters:
0.7220706449445422
-12.021046788480893
0.6816460480181814
-11.33762604756382
4.075832499813057
-8.094436878500249
0.7511343314879008
-12.556330753259571
0.6472734855671162
-8.888431838270268
0.7372048625539408
-9.197418586151066
0.6851285527106407
-3.924537397230844
0.6038315943454259
-2.798735222068073
0.6259464262276351
-5.779934170411461
0.647954395992321
-7.422775706786084
-0.05050271252424559
-0.11291709362225841
0.3374764696898626
-10.034008228260136
2.620141702501424
-5.673073038027987
4.525076595281164
-5.331032728370608
4.034226791784476
-6.224387747311478
0.26867658340665157
-8.822066992810235
3.188907878873311
-7.554131033685065
4.694959598699467
-6.6451672058277635
0.1985911221575084
-9.07887678263299
0.24976774663571055
-8.626384250510675
2.667023776306421
-7.227108242966584
4.660570612878963
-5.324099256613278
0.2971388696403351
-8.886661190113466
0.7439778828695027
-4.09543483367307
0.29174389868749545
-1.6633078541624438
0.416257408868544
-6.06327632455535
0.3567214656843949
-3.7121930433233055
0.3039249286380255
-1.8465168358096526
6.889390968028689
-5.8523424582676915
