Architecture: combined
Number of States: 44
Parameters:
14.961850367012474
-15.0
14.959437656334043
-15.0
14.958467010885256
-15.0
4.17115117098245
-13.118633923454725
0.31456659654895724
-15.0
-0.019114910649885238
-15.0
5.231434612642453
0.7338735546906139
6.255956619270643
-9.828622517012723
8.354327569588902
4.234369769031289
9.081347888339973
-9.043438747573598
8.834392030440275
5.598357295533335
6.849666885196003
-4.8582748616809495
6.283455138210598
3.019026171320178
5.361131503232085
3.3404853289366234
0.06925361126741204
-5.065600575311458
6.003518765493723
5.179934263180632
6.828346200337977
-13.117123506447054
7.35842407917094
-2.110458140334447
4.169159693102652
4.158329035853915
0.5742541516986647
-11.825352311239664
7.356071835605903
-11.09563498085179
-0.7983595666060284
0.5139347469872617
-0.6478555290881969
2.6992261013513676
-0.5653904494529974
1.0207868052904796
0.2578318150536823
1.0345227339330407
0.25644209389007316
1.330559643821205
0.3734351002013569
0.5711319589088474
0.3193261616518438
1.1496053675495181
0.7011295184222739
0.6275972827175867
0.43053683638797213
0.14043356415606517
0.10825520794377151
0.9981611109016992
0.04755414773556866
0.8395873325656602
0.16881523309556642
0.9796372776161645
0.6837209937278346
0.19239490127063874
0.039639490438561874
0.36754846485544235
0.5725384323435536
0.8698816437217448
0.5923471695245834
0.04846736310860289
0.20788151171385671
0.5400152159707765
0.4594585480186002
0.37720886346066484
0.8973901220246736
0.32274359792036056
0.6912693304462338
0.5377918795081149
0.9721962199313166
0.5758058964375175
0.1981773831114787
0.9042530328139464
