Architecture: full
Number of States: 22
Parameters:
-9.726413289122242
-15.0
12.149323612241345
-10.599177591733403
8.226202941087548
5.931349193509221
-6.172714498765043
-12.25447858111978
7.6708095044070985
1.3744550474907982
-0.35125182519791165
-6.439139232724646
-15.0
-2.32112619954853
5.5854550047682885
6.891073185082759
-8.158290849685718
4.457407607508457
1.8531516216293868
-2.1093256144346504
-15.0
2.2353851145275807
13.07342947842698
-2.5780664562019466
1.2477894848826496
-1.7611702551637212
-2.347636832397624
1.2305441872155813
4.082657595594617
-3.1767881521365786
-0.4332109780687096
-0.38605006983332874
-0.12137852315740251
8.488701333596591
0.028108891412263304
-1.7841867130518907
-1.8005487866999743
2.9775327291956515
-1.7070466699370646
-0.47531925595352803
1.223381263688977
-1.515952069940196
7.318939794830486
15.0
-5.971516108744555
-1.1341277451590024
-4.278040830978265
-4.4860805725125354
1.2929554565845276
0.8429612025482074
-4.401396496058948
-2.085714522175103
-2.7009038689870226
-3.8513164627616154
10.776074511152268
-0.43293402983706347
-4.439917131039149
-5.174681898258552
11.056125246171439
-3.7453273257822475
-1.7084854500484896
-0.04680181873468887
12.903199916626754
-6.404246447182011
-8.834937372685998
14.544933898018067
0.6000422433383471
4.72137514038253
5.579006325079583
-3.070398782476958
-5.01104618492467
14.547916654612154
0.7233414685470048
1.000856646951317
1.270904555720499
-4.513126545596894
-1.4224436603185202
4.038478700639618
4.773132692416311
-4.628475309523388
4.703493147310148
-2.586721047489891
-2.5752343979189094
-15.0
2.9484971310507344
-1.043143086623265
-0.672996784049391
1.0234079996638028
0.14935482961852456
-0.4203642323238187
0.6337359240553373
4.061239768130902
-1.2411271309447833
0.9584506531993566
0.32629837322834976
0.5196067231811007
4.464117751921344
1.9452723842601227
-0.8111688021227774
-0.34700372372562266
0.3010072157063912
-0.42810270761510366
0.7469713312304231
1.5434559473354998
-1.8468746520514756
-1.3812903370690839
0.5167406488625549
-1.9874115707395397
-0.3232848194319737
9.341417223022205
8.019665174819263
-0.6516633029669848
-1.6046140704381568
-0.3292800477042
9.007537591027251
2.368890753013141
1.8748848594451943
-1.2304423431131288
0.2185454296012327
-0.10636365602962759
-0.6981472548134027
-1.108334124090882
0.7932482895420156
1.4676946019199046
-0.4305411437534308
-13.67346986555824
-5.484100238220237
-7.09043596600393
3.644603377857783
0.3933479166077311
5.047570875234567
13.458072875297923
-3.6133085888148746
-3.7180160657394388
3.689509055917616
0.9056200588859559
0.9205435245344316
1.3955640025551757
-4.824722824825808
-1.9156015740579881
5.237204281864072
12.214088232049882
-4.181979323137201
5.397321046121377
0.14482970478801793
-1.1227279404418382
-11.929205674936476
2.616733826813391
6.805537393852334
-0.6890454218417124
4.902143372723425
-0.18993461531553257
-1.307168137728412
1.6522832467418946
6.414622085036409
-1.7302021933197074
0.4283355140181667
1.2613159669936533
1.4362236872410052
3.2973892236959665
0.6131529571418741
-0.8284514865834154
-0.736857990489775
3.536518460377724
-0.309178468292528
0.12971440851582028
0.8458627382263586
-15.0
3.934412526800149
0.9630944096985616
-1.0037362392941718
2.116863812196671
-0.061179171595157275
-0.9546004592447567
0.44658500428170467
3.7488558597874184
-1.2726889600522184
0.6969223797310713
0.0001874633570164169
0.8965918043953001
11.035774675213013
1.0571260176075012
-1.3451031701581224
-1.038103350365116
1.5746049863879377
-0.6236601504047865
0.4396505673875777
1.4404787058613842
-6.44189715294189
-6.178319002786674
-7.850136230377203
6.3970662867456864
-3.607260887450869
3.38869081298674
5.04669986043446
-5.933486254448093
-6.393461272723738
7.236633541080226
-0.9124408246762469
-1.2291375858725555
0.7230262574435662
-7.613606297040483
-3.5944714566200537
14.006432975720243
5.500963975999096
-6.796673863982614
9.520222535543493
-0.8617271894292604
-4.902043143987431
-15.0
0.9294006534495434
0.5477132190705807
-0.6585304038368559
1.454798183764222
0.1998378147601235
-0.046738780555279254
0.33536266635072337
7.644175317502687
-0.8256740370969896
0.7277142904304572
1.3464632801813288
0.6788137162380384
1.6209415245598957
0.6144012778726508
-0.5599514788805611
-0.2448627200973795
0.10706254493596953
-0.07626426187396149
0.6386035647587556
1.6579381602481071
-2.930422713514768
1.5544958425963966
0.9709156869010649
-0.14669008488763735
2.6871303666961013
0.2773510270777025
-0.2764013281999336
0.24214804048746683
5.115427060981284
-0.5869652047352572
0.6582171748070876
1.7134404028716999
0.8419170233616705
0.5953153618481423
0.36768060093762867
-0.3297027823303057
0.12599069486617412
-0.10733855154103379
0.3120027778640684
0.964553494566846
0.8839738685976443
-4.822996385398256
0.9576079618669522
-1.1694765761526793
0.8584911487679321
2.9464166581237907
0.705750884832191
1.3861889319130678
-0.6767536198303197
1.3320067110320764
-0.1355953177078403
2.030229120070258
1.5250425820062148
1.4002608928339755
-0.9523546024167382
1.145564390851195
0.42126547221685207
1.0056802581529112
-1.1605588759422856
1.1974904709144887
1.0790523569896866
0.6988682478937361
-3.4467198232645284
3.087798160223501
14.998284540531028
-2.2575705654156697
1.3151708428467521
-1.3156025495898704
-1.975958675239953
3.513713103416248
2.9568927878725138
-2.1722452726278396
-0.3423194397115839
-0.38595334729414404
-0.18379709303191322
4.296271936878431
0.8652137542456555
-2.3977476740698482
-2.2640614933921595
5.153466487897226
-1.9920080476814115
-0.2889406788454437
1.5703927092192798
-11.009662727885322
1.4924274617018396
4.549448354912765
-0.5577336942396979
4.339501542458224
0.3410121314992368
-0.8044086860831567
0.37248713458882377
2.1971881991090476
-0.9234496642742277
0.5115771555024826
0.5787748841968986
0.7201852384479815
5.720303288331737
0.4693518339215871
-0.9376072814254406
-0.5016690646314804
2.5254183557493994
-0.21178168520261484
0.39210197689938914
1.513496654420347
-8.836727435728914
-3.937640023811971
-5.038847601805177
5.6553413490178945
-0.19918601366003952
4.844979477601195
6.948316083426818
-4.173047708679542
-1.3752434252550165
8.248356624075623
0.5052358694559178
0.5529288671796826
2.9237543525585155
-6.38513371647453
-2.613890582677577
4.185176414415395
4.598632409440603
-9.910932661996734
14.641518435655106
0.25144015359480393
-1.7559973462565404
-11.205715484338251
-2.935514762071469
-6.0928653387212055
11.222222549166975
0.674186624407371
1.967976477458409
3.5751516640887964
-2.603354598663125
-2.438089147513765
3.7135126500053963
0.6240470668604022
0.8031278683399327
2.220057384580231
-2.9484417855078107
-1.2269952068948091
2.0470171886976494
12.447212338650104
-2.8695665449200276
2.4831002917401146
1.0975069494310503
-0.935260058953025
-11.651697828151818
2.6619756679879107
14.999975659948488
-1.9029725403544717
1.619819154321291
-1.36167639486499
-1.8805917913269967
1.3039763782067637
2.5633010660611233
-2.2402884814435646
-0.26630186876484824
-0.3815597587440006
-0.20035516294586384
4.098343994206961
0.7771312828691663
-1.785190313233958
-1.7457291232637602
3.4289721583473765
-1.4521087802778163
-0.23341814740414285
1.257743240718032
-5.449957680730059
-1.851271460602675
-2.2460459441859912
1.7288114266198658
-1.9205097036505883
10.194711473139149
3.7500327916572944
-2.4527567172225724
-1.0329313530901314
2.4774579076250856
1.063073629671261
1.151935997228665
1.9550221623931185
-3.1711435668355286
-0.567853387470252
8.794462916900406
2.0182264313963905
-2.5572397809936134
2.4125490028324377
1.2287805110972785
-0.6896055976197843
-11.564444754846734
0.35522436096840015
-0.3577260417644578
0.46024369152383154
2.018447611346414
1.3111929859436084
0.5953679727342903
-0.2545246060778131
2.944813827808638
-0.1856562428040356
1.0575889369162799
3.398061560500845
1.9779339099620015
-0.7521404985877935
0.32019928056463565
-0.12046330681154462
0.5744935606134125
-0.996976078243486
0.2629669169795627
1.1454778705295914
1.0886224329656724
-4.744539913081066
2.119221754357077
4.645740325321061
-0.3171340056274998
3.7692467840455968
0.28474659506384326
-1.0898845607268923
0.19014797044778697
4.1752155370292074
-0.8121435842160999
0.20346230015384967
0.3820125135046422
0.9926042504319715
3.5544945553416927
0.0949169223622698
-0.6276608055519343
-0.44581200710221147
1.2403714778275423
-0.2669708648324537
0.2586560549402116
1.1444296336796353
-7.2438152235739945
