Architecture: combined
Number of States: 18
Parameters:
10.395063887451293
-10.571452149270868
0.3900028285667288
-15.0
0.37988253011108153
-15.0
0.3799828948253136
-13.672031789907079
0.3718817001296884
-15.0
0.3960086335408284
-10.971403762017994
0.35401850094444554
-2.870900159888961
0.3835793161930192
-6.3626724158719306
0.3578705658278933
-7.396166524777718
-0.24994892316687134
-0.33722699254521077
-0.9019722058075712
-12.16477516720355
-0.9023868858950695
-15.0
-0.9014823273951924
-15.0
-0.902691152546882
-15.0
-0.9028713985254236
-15.0
-0.9007657553530962
-15.0
-0.9013480571957208
-11.926004075079337
