Architecture: combined
Number of States: 30
Parameters:
14.971388505841713
-15.0
14.893656424798737
-14.997659671108039
12.80049119113784
-14.908614532565418
-2.5839521302862694
-8.255700867352958
-2.615944439466219
-15.0
-5.629836499785722
-4.8855291931883675
-9.06147177947625
-8.903298526668666
8.540382736736433
-12.960688585387889
8.398863797743248
-11.745602508039354
5.831225751898171
-7.342268194831726
2.8833536660183126
-4.856902324823928
2.9250253809737154
-4.402884370166228
4.260245442637216
-4.238113742339753
2.704818814968382
-4.243612754453273
1.5037467484789795
-2.0792584293610497
1.8807854011973493
-1.564249179715049
1.2680326054378475
-1.1750953430392788
0.9690561059104761
-0.9698263923036912
0.9057416082237115
0.3810447060384539
0.6449032525252154
0.5284243173743614
-0.5291617049756955
1.1296221696425255
-0.2295437767433886
1.1816262631493841
-0.2511477595299439
0.8556477661687668
-0.056971338457915466
0.6055383645593734
0.40181585272898346
0.1122572429087802
-0.07672016446389614
0.9957466908490233
0.3101612031449132
1.022708000000835
-0.2554903913298259
1.3558620378207473
0.1695237917826129
0.49367941015348393
