Architecture: chain
Number of States: 34
Parameters:
0.33859668524079334
0.17091657628174248
0.7765570250764243
0.1873768668177946
0.9139028336507035
0.4280842582675578
0.8601386380856317
0.3776196412046896
0.7961194001333034
0.7936357981911878
0.9504611379178369
0.7811023505835403
0.12381386464044516
0.5045594022709766
0.03739738239972733
0.21796417342596527
0.9969775918141067
0.5938655145701381
0.9231017444807543
0.5362862793608568
0.24062330999393652
0.5981199574235629
0.42782399357786827
0.995617074063672
0.1366388419640253
0.056986075063452865
0.8739720891960856
0.3602878609051008
0.8677925005470435
0.6808247793854623
0.6671666505430652
0.8760429893314505
0.4646106504263563
