Architecture: chain
Number of States: 30
Parameters:
0.623856334231916
0.09443745615162458
0.5435687659319253
0.8838319520765658
0.48907920513743
0.8673174745520051
0.6607055578141446
0.7719213909349457
0.3004750671836701
0.9889049249398995
0.25332139671697373
0.11831307978705596
0.2444427147099677
0.030858082440773593
0.00938750780382136
0.8537355371492881
0.5379271501821686
0.8359959522103116
0.5347611569790416
0.2851968478297844
0.22566809905310892
0.7077695299797374
0.31881043916523144
0.32899575678926285
0.0996981978108703
0.9074410375801255
0.5332476314238976
0.9813271739774839
0.004313892387188045
