Architecture: k-jumps
Number of States: 34
Parameters:
0.42303850714938007
0.302334927983149
0.9291056630848389
0.6857010270342755
0.9015050958900771
0.6895796862848886
0.9481446343693767
0.3428499167736978
0.9981840997048911
0.5699741972599379
0.11798898016824544
0.3345061229445556
0.36455211705261703
0.9262965422092543
0.9127358865537278
0.19129762887653334
0.42226090755662826
0.019885398798382248
0.31714271213701006
0.4216176962668201
0.28669077863312575
0.8176393318688306
0.2526081075384048
0.2054002951932049
0.9955686916099062
0.6892592468527354
0.2527001195210693
0.60711488913962
0.7235817340860745
0.0748140168795618
0.6124823496349147
0.9159914301384476
0.015802416086715065
0.3892970599586254
0.9328702551429501
0.9679376481119051
0.9344565293444768
0.04827328602523495
0.6284138047501239
0.8554251301404836
0.916869982441803
0.4907719164327362
0.38164897347785576
0.7592148467052425
0.01060775157574989
0.7611093353152303
0.2738173372883177
0.9796083714219543
0.8562329508461162
0.5561200075098429
0.8988660362734044
0.02912020951504024
0.2836203537373644
0.672341619883286
0.0447392473216518
0.3922020519901187
0.8318327022999102
0.45094042538985
0.806393021532509
0.3495302275186829
0.21657171206678283
0.45317518700983606
0.5091912062845876
0.48499624277456455
0.5561056808337489
0.35265153314981135
0.2860740145987697
0.8910513259702301
0.47194391542424496
0.2589124258792894
0.8035793312742058
0.5315684191662331
0.0045248159662213405
0.28993837590211746
0.8656834911406194
0.833474850547054
0.9467148324660521
0.3534864002577427
0.04207855641285119
0.8000723864882526
0.7158659514871595
0.18470317328281483
0.04759674190676244
0.5920552984857738
0.6078323010036838
0.40292872522350687
0.18585229215739008
0.26497495316637487
0.18087396580684278
0.5496392020481241
0.7401820022790107
0.7211585545886365
