Architecture: chain
Number of States: 28
Parameters:
0.9940842201887422
0.7154653878836698
0.45840283676913784
0.5567526937046645
0.08467880808529882
0.9588680781053573
0.23699970793839387
0.3313458827060709
0.21973627385773098
0.20094567768420712
0.4463623684555226
0.9549992758110728
0.29077715710043395
0.024606827501684303
0.583206926624653
0.12878424658390786
0.9790600419261766
0.9520526049979621
0.4033834236392282
0.5686385367067798
0.9072284363794715
0.8142854677356735
0.6600922479975926
0.818789098632708
0.6273899472878265
0.5714713758184279
0.40327864228073196
