Architecture: k-jumps
Number of States: 10
Parameters:
0.8592888680918014
0.6609627028193081
0.6747590016466896
0.16154591792005457
0.15818143762579873
0.17724096907321374
0.6721638185717052
0.13254308499994527
0.15125994570620105
0.5315231027351829
0.7913348829781319
0.5049642588900151
0.8647597386320381
0.45355111187555386
0.8233947383857123
0.5479736773885607
0.9672129097804363
0.602754167115232
0.0751216613024277
0.047180223152594514
0.018829315728007945
0.7832403086772807
0.8830743149575925
0.6060766432971334
