Architecture: full
Number of States: 8
Parameters:
-3.2686893536198034
-10.992305921630123
-0.9824569790796851
-2.4940225868159165
-2.7023217726559143
-3.6520570519919677
-2.480383609906757
9.209179670724177
0.33209601852286924
-3.121251585769445
3.489789193831701
8.804611811441074
0.5406131956522416
-6.632615903195525
13.16663612660383
13.607053730041235
-3.6008517141312226
-8.437850660088026
2.957940411177064
4.54171683469287
-15.0
-4.8861384748025225
14.548912098010849
14.980205480707792
-15.0
-11.8397476039335
-5.506740965342409
1.4637735165330639
-2.039552233203182
-5.837806038905248
-11.218711293473222
14.186023760338697
-0.27349046330956145
1.3813141611396038
13.782475238096586
3.6271253251369036
1.997909313510709
-0.9012770103310181
7.390665518376986
5.894049762981296
12.491873442223946
-15.0
0.8573353735732911
-2.134343014671985
-5.9652141925272915
15.0
1.7844302790042361
2.807983047993212
-0.350004665059794
