Architecture: combined
Number of States: 34
Parameters:
14.996668871007952
-15.0
14.997248661409397
-15.0
14.919047444199707
-15.0
14.997287171521254
-15.0
-0.09057900828490965
-15.0
-0.09535116770479064
-15.0
-0.14580044101545006
-3.156531267458319
3.3458516401224836
-9.880406063315101
8.684303363342101
-14.160670838534784
6.481905555041387
-11.819680978681571
0.33439241659619307
-1.726156019560676
-0.06293449548203564
-0.4636847034077568
0.3328286597547682
-6.5847158282087666
0.25040677371821013
-8.933542827178037
0.3166632530469719
-7.8737485251017585
0.4145309766499826
-14.241837215618105
0.37464305689927074
-10.746132640405303
0.35027908007470915
-8.204560952541055
0.2512438803463037
-10.287463863533237
0.38618391527615425
-11.938771923549584
6.165301637699956
-11.447064181374763
4.278392654658413
-10.826143677828947
6.43345843099528
-13.568452994368155
5.075827105694117
-14.999975286875342
5.261035987843573
-14.99995307513364
4.680971136788353
3.0816378799450517
0.23343507651022305
-14.999984591280244
6.438652634481501
-12.571002162783415
8.313332963597583
-8.983459241546718
-1.5877514114168647
1.331440314807413
-1.34287073111196
2.392074809401313
-0.6780785309854919
1.8521197291222782
1.3604054713904632
-0.2566127975992231
