Architecture: full
Number of States: 32
Parameters:
-7.013489096208831
-3.894275063759764
-5.568966206861784
-1.5418272510938413
-6.081521589160778
1.4168520247429959
5.715671086650483
-7.2479065877334445
-1.0728692472730326
-3.0921680765705792
10.454571848803026
-5.983352416932333
3.9170251802580016
-4.258051267799694
9.141640858287317
-2.5470819479314177
-4.222463471000937
-4.05986361789399
-5.377998945431934
5.2428045753323085
-5.375679463906812
15.0
-2.083205067459108
-4.233350614276329
-7.554181326802198
3.4152386994776203
-3.1594836395823447
11.055509664651206
-1.7362388809759552
-2.650371242316992
-15.0
1.445276438885234
0.8639573380445588
0.43410748101559404
-0.18855133635640925
0.20310060387652423
-0.130636023356987
-0.6420108492587859
0.49229052374160215
0.052591003228301916
-0.033846040616141757
-0.10782241954594937
1.7772548142113358
0.1770150482595107
0.12014541469800215
-0.06964062160220716
0.14649950028524056
2.6929231220467766
6.215556609436029
0.6653230993621545
-0.42847664412195374
0.9656561312881452
-0.3082675468273864
-0.09766487359692871
2.1219418016722655
2.344847001115005
-0.35964418868973663
1.0696674037100913
-0.6423466896410808
0.39897091858599415
1.1552590800462248
-1.863366850244706
1.189805714303611
1.5788764761343244
0.7175840383070257
-0.47025374995549096
0.21783125119464655
-0.4289174661482347
-0.9039601136601684
0.5662931088795673
-0.2106699967087452
-0.1773426169180369
-0.38532127130523003
2.0984090685849273
-0.35005050886982236
-0.047809645175177495
-0.41301466236811296
-0.229185357282248
2.6632241808101105
3.190356657670847
0.5820519753502027
-0.623615676331485
0.45171257660921316
-0.6203671555328697
-0.3416694002624334
7.537250899022748
2.2263998201930684
-0.6198793601842033
0.29676875953094145
-0.8532109078955111
-0.09198730916727903
0.6851406349343129
0.5937550415469138
1.756783651221938
1.8220907189667641
0.34618500043437883
0.20288229826602358
1.1131582866959842
0.22511050376697853
-0.2194971366073127
1.4529553772986128
0.8042033015801512
0.7466164367301553
0.08953570623896609
1.566690480555369
0.8038161259326517
0.07217699413525636
0.04215177145945234
-0.0008681946233519268
1.0584911285433405
1.5697339899235665
1.692495486267435
-0.1412190746820535
0.4467583986421796
-0.023649933460623097
0.19937754166858285
2.290598954026671
1.741485670315139
-0.14403146900744257
1.0200920076243276
-0.46298787653155815
0.8185146377714911
1.3011223306736313
-7.560659822918024
1.0967007559831525
1.562952539408656
1.4066282640888044
0.45175462845255837
1.6301123515707923
0.7371288100741913
-0.07142071516892481
0.40124088507366423
1.1118510833972357
0.8385861053991908
0.29324172521165753
0.808093578697727
0.9187198048605512
0.621189799879343
0.08021911196186254
0.03533551694866541
0.9440778451202124
2.4442125509966157
0.8486791701345434
0.444156888226241
1.7379653156731567
0.34238114806389225
0.17322087848814458
0.8831339105646062
0.9870851859212125
0.4864562743416213
2.153117325953632
-0.1191231707123705
0.373234115295703
0.0012438349191902925
-6.873801791422152
1.4777931210719784
1.0178013926170262
0.13992399369941652
0.18691006394251233
0.7658889248248983
-0.08183391998629844
-0.45780464554815825
0.8685422262890283
0.08527772865771367
0.3165679155548723
-0.08998591347478778
0.5095623899014522
0.567838483355207
0.6076347029574771
0.2459393958291859
0.3609403382107446
1.0072315906413272
2.0605375572320512
0.4880830105211299
-0.13960047737799713
0.5409657048597799
-0.48220698038458165
0.44878618693874145
6.099659356272901
1.6124688064267887
-0.07881762555567576
0.7953156226502369
-0.3557485688402837
0.6130744873205144
0.8376578295979605
-3.773474527444978
1.014012583725326
1.3889466327291813
0.7317896542831184
0.14991867975565648
0.9531431208275607
0.5556128391263067
0.741800768237794
1.2404896141977233
0.7915074921149358
1.0920702467400416
1.7535994256380847
-0.7323392219955309
1.1980926635536677
0.6280823116413959
1.3039945701754985
0.6003632824452378
0.22319129651712372
-0.07166958366579668
0.5980102635318992
0.9824746519492115
0.5314452467656025
0.42122218186292404
1.204312090476336
0.25495765345402366
0.1690011740985134
0.3487611912687915
0.6952736923451734
-0.13624744190767693
1.1488593132819231
-0.37506861403330743
-3.322464214631037
-8.775866799717935
-7.560628448655455
-0.7298014447769609
4.146467473445108
0.9858642001639409
3.874102046485938
14.999262537329553
-1.6299878773503726
3.389760068853122
1.0662258812244596
-0.874687975500602
-2.467691892921733
9.799396477202107
1.2742988173182905
14.7110521061923
3.9996148624760672
-15.0
-15.0
-1.2357109167672407
10.75209376895994
-3.186119218341852
10.394002769463631
2.233655306212953
-11.060384739614525
-7.323285194642672
-6.693932948565404
-1.6914272227538836
9.06870978599851
2.326530380304026
-15.0
4.618123371273896
2.6926885470949253
1.9134897521402774
0.5387060221498501
0.024792844125218566
0.21174201343888413
0.029258985129266064
-0.5555582612640839
1.5607131260746074
0.5568064365054299
0.02355053678442868
-0.11035127607299369
1.5675372134398529
0.07607555936092066
0.0862485764387986
0.2856508363631451
0.28625158733108086
2.9653183783326473
2.7844184898549953
0.8693001306868732
-0.325687834307092
1.0841050597426845
-0.16112129050572213
-0.130074015678357
1.9897427931163756
2.3755318527143126
-0.03052197858495348
0.9639846075308963
-0.39462780161619393
0.10692383078095467
1.6414420287208082
-13.365459946356257
0.835499091443541
4.307821587014236
0.3940468493060085
0.7154479740417903
0.42460387319530046
0.1571897126557274
0.22297602702922156
1.288808844472599
0.5572631081248653
0.3167548828073018
0.5192364416086441
-0.18013922087732004
0.5941254312087356
0.7584883075246585
0.17207554356777494
0.768956351050236
0.44903955996051176
0.6648082485961251
1.1244464990272036
0.428333679109926
0.818419481365241
0.4394443180307465
1.0024331703196556
1.5424069603667752
1.1287254666491313
0.22553183312896544
0.6772938201550132
-0.09138692752097713
1.3888624622405505
-0.11015068052909957
-3.7699386138447712
1.7669009505832391
3.9893390755439357
0.9228842396030996
-0.1759033224568885
0.6700310420127962
0.3607331945812903
-0.20136149665743874
0.22946657111338115
0.4097127930352303
0.4861375390945141
0.2739158038665633
0.6479698784069671
0.19485842800922962
0.5247663294282086
-0.09365676960567103
0.004043674222019518
0.8154571623522641
1.9067805556081106
0.16211149762287538
-0.04994741729024194
0.9782270003809286
-0.21485930146514198
0.3562990288111609
3.383100619478752
1.6982187922066716
0.010037422152639948
0.7565602194439026
-0.4195134274167712
0.49039703443997756
0.1618895937033979
-3.2620762500584046
-1.3733337433680632
-1.1743181198068464
0.7195892463617262
1.1354487461941603
1.5345788922535841
4.55075403636492
2.2146445607161875
0.0623490836687753
2.4788627274121136
3.119809879931107
2.7069613361586335
-10.195562235451142
9.667641450178339
1.0933121827441323
1.7898941671497335
3.3180611879578366
-2.598449411983954
-11.144959588450734
0.051224367587488794
3.1296526795145425
-0.15208645708455418
1.8562779639155245
1.1513536771478363
-3.3163067212239863
-1.1343204976345096
1.8616729425829914
0.22645223200819692
3.013166212386954
1.38999957299983
-11.976323692787293
-4.471703774025032
0.5089406028960002
1.9801059391209777
0.6174210100340922
-0.8251092690767725
-0.23213305227549563
-0.9321562048827134
-1.667936218846523
0.25258743674709505
-0.5399425276665555
-0.4584346338186289
-0.8725092627376543
12.281570839117729
-0.6980699255284004
-0.4561331483804366
-0.8592731873798737
-0.5485384042043727
1.9546127814531333
2.0141363611553715
0.2379483726541753
-0.9588121153374056
1.293152921075413
-1.0030397501905948
-0.6742937393642432
1.9188470663565254
0.6084118132614409
-1.0295411960857161
0.5189745974498984
-1.6273932838010923
-0.33221398625448284
11.659018937452535
2.195685014337834
0.47932835838096827
1.0594608698910508
-0.45000640516173673
0.8613360013445648
4.376548543832163
0.6558802436009525
-0.45099912351957877
0.14730316004789157
0.6627398975507272
3.1148227199914746
2.8497251318048433
-1.3835120815183894
4.45892086285184
3.9484609805529933
0.49309202838598687
1.54406495467694
-0.7369050818642063
-0.9875794026603076
0.4700854766412172
1.1907226730785578
0.11131813013788246
-1.1205399243462
2.05784593008445
0.031182084627696102
-0.059410135774576454
-0.8961866643189469
0.5579057863069941
-1.2336184502846839
1.889832344167993
-1.7787540682468233
-3.9697423420673803
1.185507351886604
5.1837572126163165
0.43870994324915097
0.4762528806638263
1.265912319149096
0.48723515540120355
-0.37109651586237585
1.042677688775382
0.13101007023887745
0.3231483082381948
0.5061476594270046
0.34759362370538804
0.23726654700837657
1.0622762299378932
0.5126427470787134
0.20006434247502522
0.8452617178819171
2.3757305171542273
0.45222221694948544
0.06796771823826349
0.7249820458504755
-0.3556828941062478
0.5020482072752882
2.5201462723610715
0.5361783681027095
0.4378573394175061
0.7095689239308106
-0.46907748012746775
0.48735102268326946
0.3341100319940662
-10.106198786114936
-0.6684701826272668
0.49296308856858057
0.24276735321087875
1.8382557001313131
0.7841666143709344
1.0434859304096886
0.5143004903123183
-0.05012000217868371
1.3384405882432255
1.0301916919516
7.76475734644405
-2.9102879808449025
1.8766513919966168
2.29927960442943
1.269800163404048
2.815439459179938
-2.802402621284183
-2.3419412787816705
0.012495523575809771
1.297445641184443
0.25561766404959196
0.3368469177307127
1.383366490876804
-1.5785013245529615
-0.5939165661578486
-2.7737594113788586
0.45433169023982584
0.2222259883660928
1.4968003280587716
-1.7632655333788634
-4.267034431722019
1.60319557726267
1.174970598793925
0.8570473302628345
0.7670537229839238
0.7898330127215449
0.3417150379984422
-0.03227139193372511
1.227812816948254
1.7913623699194883
1.3707146455588626
0.4461679255065509
0.27812707060741737
1.5300591775135377
1.7201345625124582
0.5724006382056782
0.9747625296421991
0.4841070285950742
0.5588739687802399
0.7891806194328003
0.46309338470821004
1.4605778269631762
-0.053770592663140576
0.6473994157004588
3.2090475201130793
1.0362873002473691
0.4887029497176484
0.4063022268650291
0.06932417141154833
1.2071157107012496
-0.17671199404204194
-10.088433412604054
0.7530565695248994
2.127662901913296
1.0856669960246077
-0.5664265364850425
0.3987264200461532
-0.5468202759563356
-1.0405035706542516
0.39742538164073693
-0.2002919204183101
-0.2093684370576469
-0.6764667367615297
9.144477672818347
-0.3169147864465162
-0.14249461940104938
-0.6034844267560698
-0.48273274490734797
9.66739131240187
1.875537954208778
0.051957562224609795
-0.7233553023550455
0.45351237308828574
-0.7737802780290155
-0.3927402383404606
2.250423498137336
0.8809176374698988
-0.7943160280097865
1.4505753089935935
-1.2841599625068236
0.02992427400599672
1.3841474771602744
-1.9952501763113593
0.9851337650520408
1.952003028272226
0.13019997196588912
-0.9565350925341134
-0.26493338647853915
-0.8159758486840488
-1.4200659040315353
0.13865046833297145
-0.5600048230044905
-0.46143383232838764
-0.9486752022611239
2.4746450602298657
-0.6919002220615167
-0.2307584291495946
-0.8193367464279556
-0.6734035116989353
9.14924981026982
9.674523038592499
0.07189231820737536
-1.2765106244169784
0.41524205297504346
-1.211178309494565
-0.6843433284466315
4.348967551333803
0.8384602157936935
-1.0014322409164038
1.1693826627370159
-1.6188399451330246
-0.25901884582960655
1.1414754867897634
3.993944859171455
0.9548772386462743
0.8500822272525268
1.5802734178829516
0.2050474949645736
0.5932426906582997
0.17513755693355335
-0.23060699101727833
1.534999202379322
0.4787077095770976
0.4082471105694031
-0.08854433923000127
1.3749731782292516
0.6479812790283336
0.8712260594287186
0.28794737215456717
-0.11516915867272857
2.5329124510319585
1.2864992913538076
1.1149752535950017
-0.0880037688688792
1.2732086122372583
0.09521147963225618
0.41689269544596597
2.654288132120398
2.149275878309903
0.026400914837413577
0.39253223152316286
-0.30345780280780926
0.6124762724297426
0.7936987950384287
-3.614493885357585
-0.1412161278879396
0.4336590893686098
1.0967766542687651
1.8357124097617912
2.7761907959772296
0.8277299089242677
0.6140357144525469
0.959578555866169
2.508629019692776
1.3011201514833572
1.5947237398618979
-2.4586800940707545
4.1049615221021405
2.3376618134369904
1.377386426375185
2.2742560938667067
-0.8436744087618951
-1.987740231039872
0.1541614279558487
1.877240998260507
0.7001759723600278
0.6172558223307587
1.0962265782163292
-0.6852263519176595
0.26935885808121435
0.9380592423765242
0.5980088722943973
0.6343575309057501
2.02385752874712
-1.0328085730541483
-11.450039940861105
1.9812511436194262
1.4653587930679042
0.9492454247012885
-0.13510687695520976
0.5163677217530465
0.06065891463369762
-0.5407849874466127
1.5735885253745097
0.37295377141238817
0.2263520135123767
0.1477096299453081
0.8453610073719591
-0.04445699362505732
0.16269761471969466
0.019272504600566214
-0.22645600074928113
1.9273485092265368
3.155528894828671
1.057294886668029
-0.4422792839717887
0.39938526752727355
-0.15303121425992774
-0.15853059032565106
3.882520564221299
1.6053086293695258
-0.22395217605143555
0.847724699473286
-0.5402542487101141
0.01779175496646812
0.9112375624415805
-2.8670431075880343
-1.0941350449973777
-0.3255678563627469
0.5236812586883414
1.9170250099248003
1.834560364070522
1.1609265653272876
4.417540864896011
-0.1181416809386135
1.3327057078068105
0.6730714591556278
3.8005137211190765
-11.835112951145977
3.737830718899525
1.47801847591458
3.205450281455617
1.9758483274510312
-2.96233788560493
-6.709318200735977
0.2986497092091881
3.0039262993128117
-0.008721040872616426
2.1501657675141956
1.8062241866942086
-2.525836568695687
-0.9029510193518923
1.7118788149362787
0.7624010968462402
7.8168294507109755
1.2001012121159522
-3.0265745053919058
-5.673862254854575
0.47435884037319964
1.7306260639772932
0.22970629018756653
0.2611728867043817
0.5980394303636318
0.48735676515013254
-0.05160271921179106
0.27637321691351924
0.7356570971317625
0.14598989741236992
0.6950467875706309
0.4639488678649372
0.7437165797059136
0.630036406334918
0.42975214901332964
0.31748411436848084
1.4627590501695968
0.8467436933791964
1.342760620969332
-0.08324507076797473
1.6531946481918032
-0.21157197269699074
0.36191110356059675
4.345707901985554
1.6613579328284358
-0.019318278713957228
0.37374683162742284
-0.06122758978938855
0.43964558562836303
0.05555200689015634
-4.913636186383955
1.576581491205195
1.7266848648647388
0.12645565869625966
-0.512877039871806
0.3501551329622163
-0.6084808465706976
-1.0792751175393895
0.9395966599380934
-0.4003059207790869
-0.224204426531929
-0.5776371647095128
1.088520736313293
-0.3878955371624342
-0.15087523882482642
-0.6422255959162951
-0.29627023121605395
1.5164739910411307
12.231451940569574
0.47432595476913425
-0.7236245963102592
1.0491267810655633
-0.7136137536323489
-0.4044284416471273
3.718745504742722
1.330972560830442
-0.898431484067947
0.8824405748273182
-0.958796533955706
0.07239401847282093
1.3997877461928474
0.6218810790671179
1.407451532690795
2.2758494844205113
0.35557611588055105
-0.14983690370354943
0.48724436943051974
-0.08170267861993553
-0.6226125132760036
0.4471824480940142
0.12461473544271405
-0.17427209659594148
-0.2624789889104158
4.495982201070605
-0.04349386206513692
0.4070089220640054
-0.11811985313433618
0.12648299866899212
4.556415589411034
7.06024300523145
0.573957601801507
-0.399881715880713
1.0100823264184815
-0.27060509089484824
-0.11686659172769719
1.4633038988917597
0.7031261000539492
-0.40103862736646023
0.6351838173982584
-0.6010988149578573
0.5979553910206017
2.4025372091242927
-12.159539720661211
-1.3524425344187943
-0.7820133139250554
0.6820931396706152
1.2635896317670516
0.5566064383489111
3.481947733295061
2.5529010932282894
0.14862608733536078
1.6043005768902165
2.745756330509907
4.941546377111383
-5.5961634600072605
2.7736602328063085
2.1433687689117846
7.950691058144783
2.9489961785053116
-7.045194821735065
-6.140324874982134
0.34174862853022425
3.098635502335244
-0.04230829266956313
3.289303143215186
1.8425142599416424
-3.2795913848354163
-1.3121673215838812
1.6557565594558816
-0.03189327196655969
3.6035117657761973
1.462043816881059
-3.016904935225757
-6.3880728206586985
0.7937601405795995
1.0165734808816174
1.157078064639835
0.07755402853114313
1.0962094946490584
-0.16081188837160867
-0.3523111227973352
0.43491180183863737
0.5808033826860507
-0.08842900728803187
-0.07234385653505976
1.0009271055233901
0.48877349319877705
0.4796320174234513
-0.012064347504412433
0.3125520303625648
1.2829379615501204
3.0945355742792944
0.8360892175576312
-0.024364201229109386
1.5072348560932276
-0.0292934748629699
0.25768895549288284
2.9416579940638483
0.969946386985055
-0.3310937133310817
0.4099571158180716
-0.5017181596155414
0.4281264436090794
0.639978803736689
-0.021368003875354473
-5.180558279566679
-8.449343577085575
-0.5835568166150982
1.5420868617796233
1.8339632024346217
5.758364994983716
14.881379501207363
-1.3498378506004711
2.1727675223779617
1.7804102797222785
-0.16147864144531943
-15.0
6.290882544383766
2.4784514078989797
7.006820921022059
2.835834463943954
-15.0
-15.0
-1.2895344964869986
4.632394606642946
-1.881305337564898
13.864543771148503
3.3630730234226625
-15.0
-8.900018163040903
7.843006234010746
-1.849515495430982
0.9736846888326605
1.4782803163862686
-13.641078808861463
1.6668397646474689
0.9202583839067782
2.6201266488687946
1.2864325487326993
-0.12580920498213083
0.23476312636447622
0.386592260910797
-0.32658011248940977
1.10468710248365
0.412031292057922
0.28051846928356056
0.08355284905413134
-0.06116533410908151
0.7904033366631289
0.4021867878956683
-0.10746464140413524
0.3196413672668332
0.5771904028643422
0.9285487430762668
1.3725818235625928
0.0986048373813681
1.0538051958867283
-0.003625922110629322
0.042135036247288156
3.0509827891895593
0.8308191951387945
0.16064156248171332
0.8147831403571335
-0.5085295011288803
0.6057252457120262
-0.2182341291898116
-0.6810082473248246
1.099335383778238
1.1060998635523474
-0.1531591318238484
-0.9241109367866558
-0.1987014466589826
-1.1093430075374118
-1.3198210458248587
0.06747707718718927
-0.912361677992738
-0.7361364904810102
-0.9103682142657259
3.6807286374033836
-0.8369596262313588
-0.4335784347202927
-0.9047431082638017
-0.8747657314024817
3.013334100163099
4.71478496144641
-0.06387857783754325
-1.052587733759137
0.6880507192983982
-1.2812177108535139
-0.791335900991783
2.5589128073597927
1.2963112333336035
-1.0609598161689737
0.8200414041098563
-1.9919303684473786
-0.43379539055722305
3.5287834977500117
12.883234645705492
