Architecture: full
Number of States: 40
Parameters:
10.055622080212396
14.843315064379903
2.1089913575885415
1.125997532465429
-8.068636217279812
5.616804140065825
0.09343315773878985
7.5695660744281374
13.677802025511744
5.992807884282708
4.3036284990069715
6.659216667783342
-7.47981463886438
-4.799516987376858
-4.647592750756924
5.713344435341057
2.0762322961085973
6.66538806195404
-0.5570553772758833
3.1490428875255607
-2.6208248081926286
7.404355852229874
8.199516736539884
15.0
-0.07476273663269999
-5.172936384227827
12.313925234163563
-1.9363863071320757
3.162931498236461
-1.0552097379199827
0.5494256810614825
-1.820666354819808
-1.515873302465271
-6.886871301531601
3.792613029851296
4.81301700610863
2.494324923962331
-9.611491150507648
4.844401465504101
0.8828505229200406
0.43355727483232265
0.727781310603295
1.093866831076266
0.6870378526570854
0.6999823009672446
0.365628132531341
0.7151357727929407
0.7588380647025939
0.9105188501313034
0.4895817065920798
0.1104202252146025
1.4987761634706303
1.0654564401304398
1.179331759702426
0.9969567125180395
1.0237983160287278
0.9040895138962807
0.6955471520374211
0.8528263596451986
0.9310120845518021
0.8413915445075781
0.3862846820519846
0.19483082847210448
1.3040316006464125
0.3619468927396402
0.5308881189869259
0.7614024713706793
0.5866504998151789
0.935484857849666
1.1663926526628827
0.7003443002185319
0.8247540172526555
1.385098253045583
0.6455448198566032
1.058424802481711
0.3908573692799777
0.8725785933329527
-5.458728571789516
1.6815753035078884
2.8318638014446513
0.10588174418487317
-0.04822531557000645
1.6402245870085412
1.8373076822729522
0.6002870006923499
1.6325353696558127
2.3892037100819117
2.6924841385166185
0.3990897732415974
1.8311142506528215
-2.0452338020670195
0.8896613627039314
-1.1219108910663467
1.4527940897208793
-0.21645407566500907
3.11858452607873
2.9150274889178784
0.7457694568515186
-0.4796313614373531
1.3644202170695534
1.3247352802632817
1.7658532579668458
3.8791038623936696
-1.2770217550734189
1.4194210875156912
0.04225275236797024
1.0978076489689816
0.9860080749117239
0.3801993906533187
0.44630432185931723
-1.1309119098683693
-2.084768301796949
2.0860454310732313
0.5446348587944251
-0.43045993979181923
1.1512723903317161
-13.516619195603976
0.2999423298758629
0.10121049606273445
0.951866569850239
1.006390858695196
1.938544262189897
0.43169146093983285
0.23786222170643465
0.586745548631022
0.19721240786958283
0.612009099657208
0.5333653754485594
0.5039726247131492
1.2701827155579513
0.3107870832662559
0.936424477435847
0.04053029841412317
0.5936880184165322
-0.10329131448350559
0.503756259794418
0.9111221385702751
1.197072291810113
0.19359780599598783
0.2939130739390198
0.7483337916172332
0.4373423108381196
1.7073109436041696
0.10558180678051683
1.3183799641995677
0.33661777254047287
0.2176858411624771
0.27168796852978516
0.32794825075618916
0.5044916856680506
0.549515830046309
0.9946692390425761
0.9037308636737628
0.9848341350008276
0.4474061250964701
-3.9078901936264416
0.5385784478801214
0.5789380966880994
0.6337034431057156
0.7959395128658294
0.7181930756890091
0.2303827273169245
0.1746638674959924
0.7648074749013967
0.36968173211630284
0.17665551224501289
0.871705073185167
0.22940164925092973
1.4123603968492249
0.5445310566258833
0.7793485875085117
0.3720773360152243
0.2790373105332408
0.24865278552957215
0.4846249221626771
1.0167162070420939
1.1868183030692514
0.4873288235207519
0.28389118509373606
0.1750174564529502
0.5674567510797147
1.2044331279916944
0.30396600886713165
0.6020985769808507
0.7558037496378339
1.218993022180509
1.290108264064546
0.5306012609086819
1.650014410846558
1.290582689011179
0.41100945197107186
0.2980106186411313
0.951849153992031
0.7302365880826404
0.047205454585425494
0.3958941333892987
0.006135184750126185
1.255419589574614
0.36591293869398844
1.3758348078450218
0.5561986949542079
1.1176452040747589
0.28837478716007725
0.3755736115248191
0.21021880076280292
0.5787516015310227
0.006860230342095592
1.6185116389278016
0.8406017468944302
0.49460050480259554
-0.06806526227827006
0.6608827680229531
0.06638905535720527
0.8393291410274822
0.36876279421564684
0.4172459737293699
0.14115532942237183
0.21910677700251652
0.2046387268865483
0.22734775630063567
1.6282658291446424
0.5288905832263991
1.070892761669605
0.3963479793558765
0.6656716095971658
0.35420988316345714
1.1329398578808036
0.7517923579197776
1.5774744263827198
0.556934100054556
0.3113085537678038
0.5580252919254745
1.4530246282738464
-3.081263897969368
0.7116971101809003
0.8470438542989095
0.8774147562304765
0.8420009950079956
1.563390864058603
0.24663987326276962
0.4171466851259186
1.1873909183352136
0.6316061111299808
1.02463292577912
0.3055256829762583
0.9700190638818263
0.945412743211113
0.8659923064958126
0.6816451351090121
0.7439572882588914
0.6512557945764551
0.8558810618575697
0.6937835121872734
0.7189355140059206
0.6647027338939476
0.24582679916853134
0.9278670861312195
0.18219819510215324
0.7552748194950457
1.4928278248219673
0.16484581639488455
1.208145194851745
1.3375751341284885
1.2420472848272024
0.29643094062167
1.2810378295855303
0.9966511144455762
0.6690631230648503
0.6562359648976129
1.1108987921939069
0.14006357231394154
1.5889942090793805
-5.870377227864693
0.3348744996491451
0.6772848366569408
0.510432866253508
0.9218549863408327
1.4038201524867837
0.7179871130850901
0.6624708612231225
0.7946684416197729
0.5788294138693851
0.9065196503944433
0.06427962068156429
0.03400826288804531
1.7554761739426745
1.0744762123509781
1.5095579135600106
0.8435132982167582
0.71731697869432
-0.09588986042247039
0.605332141022555
0.5764318131388944
0.8839474994501606
0.03425225476997088
0.6673602566208952
0.47895203576425566
0.18016305262662438
1.2448705452285682
0.6756402678729343
1.132331432100429
1.0713147807929058
1.180452821119914
0.9714217720037174
0.43984052350941005
1.4942987547282398
0.7188975146284204
0.655440292078138
0.9599599749468499
1.0971986235630038
1.0477722894672654
-3.7586187607253834
0.5643570367214625
0.3665542082455147
1.2834595679484768
0.17711410378488712
0.4473406924857079
0.9749079939138653
0.6803938853004817
0.5781272702827492
0.48366649815270774
0.09872860778542802
0.39297525587464127
0.8008196215668887
2.219078063236365
0.9464923176934759
1.3450781056492125
0.8906011591857028
0.9757322229830977
0.8448559281568682
1.2145131604945345
0.8401983673866504
1.1525651898089277
0.39273777091253
0.6856565391301963
0.8863249769418463
0.6991801009694886
2.087913811715229
0.9845898757148834
0.5025040025321097
1.081119213486943
1.177194597715708
0.37809405562971465
1.3494370387095043
0.8434660233726242
0.6154635880556163
0.16810216034361802
1.2524577480561552
0.5762979305073158
1.3019952974271984
-8.638832784484563
2.9895399330244086
1.3781605195010265
0.22616924992658505
-0.31908360535352975
0.8081721302846292
2.2136001570071375
0.40281846666541304
3.107471933266947
4.044864854840725
1.0527251514082714
0.6820201906209324
2.175924749005454
-2.614610299623976
0.6788308583514082
-1.225888682715356
1.763673616645923
-0.1456663046468098
0.7481082714322166
2.7322436042922322
-0.0025164629738226897
-0.4284358728919363
1.9746640413399013
1.6417533800449642
4.47270990672685
1.3589771020631736
-1.7508763315025728
2.093862000526574
0.31235998857096314
2.14496821310378
1.922843747347176
0.2724594344284302
0.8832386878895312
-1.8768841649519121
-2.0648408422912543
1.8645301088908557
2.044284071185206
-0.5461753303170551
0.9500703055732287
-13.086996480011095
0.17019929971667114
0.86269151812923
0.9212311256172925
0.2662612666188249
1.8161483866970267
0.14103737664953966
1.1279970493809883
0.836543041565476
0.973999105517193
0.9295981067729381
0.6123780609318719
0.7412792152120196
1.821227490407066
0.6983200560848988
1.3074043399305724
0.5611924406585286
0.24566563589251372
0.41392031145502634
0.8925816736165723
0.8837891629763622
0.3106615536518532
0.7940025038206141
0.14298276500456772
0.524634871822014
1.3086325933265426
1.6788551515986812
0.4747234677219363
0.715075945960837
0.5323524118233147
0.6341611948514523
0.5064420438515169
0.534257684037032
0.4726852128145469
0.9709448466299272
0.8865298494641839
0.13361188834422155
0.36893290625668074
1.0801222490788323
-6.086376218072853
0.37994991441967274
0.5487491822765065
0.8089693021111694
0.3181822472431304
0.8932431447620498
0.4183363098546266
1.147549841579042
0.22001998390631075
0.4073938291094167
0.19797580142280988
0.20155985178366936
0.6737340348374464
0.9128676511001239
0.7376891750315286
0.40293785433152796
0.3250702080638192
0.15319478885584337
0.35392409177073625
0.5087705384629713
0.46104553595469094
0.8980977370129608
0.5034397217722728
0.38607145176152274
0.1740019860651252
0.6044208085434849
0.7306769651174906
0.029500693722204777
0.7586319496688275
0.5507405490872036
0.26455403659111554
0.3649207386627494
1.164340826256582
1.5572921795067938
1.871741280537254
0.22625072108251268
0.7014395597649807
0.8105749171416279
1.5792468619722784
-0.5768958417837413
0.44550324446457157
0.5696192311333301
0.20203803725371303
0.19908744592407776
0.985257171327469
0.7215955056302026
0.8305514539712249
0.7265949363305224
0.7901783521569496
0.5143487053060092
0.6862228292873218
0.48369048454228925
1.9045291579261319
1.3675765873081862
1.579181727071288
0.1468427123669391
0.6647828790754919
0.652763191027711
0.4333022239643764
0.27857880922906664
1.3100831279228224
0.21617270210154055
0.6859347823747928
0.6522816927390425
0.8002105520769427
1.4553621785736814
0.6712755719911413
1.186769944076202
0.17187688924765354
1.1974995025322603
0.8316850505026483
0.5294245687027205
0.7440860658960075
1.6117234720274465
0.2081261604168276
0.4344448831237983
0.45406862801878456
1.6677345500429601
-3.768849026101312
-0.05800799139940339
0.23509807279436346
1.0696116171501404
0.4970970973891894
0.474502824741218
0.547505163367182
1.0792231139691884
0.08294801239398164
-0.23358704466550756
0.4585348732471914
0.6945689693742485
0.3896795403644551
1.548298649834332
1.700058465473635
0.48527931983824857
0.7546378099066408
-0.01245261428734539
0.2639617143403905
0.5382515944817052
0.6952090273197347
1.1177700068767813
0.534891565158117
0.16046632586914963
-0.010674429282391193
0.22873001030235796
0.7945835892341868
0.14818136176262411
0.778374275201691
0.10591026772302024
0.9985741114596832
1.0427927406295354
0.4920183170191018
1.646848459648205
2.4904508426772614
0.5618360065951097
0.21941625328017456
0.3109026914212045
0.8223245085878899
-0.13072261013721753
0.011858543096961632
0.32684398864093467
0.3162758183447437
0.3234126102021326
1.1771343307977147
0.44076154411970714
0.46686466458803694
0.07706879276923899
0.40670054275703843
0.21160006455712926
0.16470008162891187
0.2576649599338535
0.5683052147232338
0.6349792619346518
0.59746955647339
0.6955446966437413
0.29128975764448717
0.2532030364170453
0.21865060784352117
0.6550356155660817
0.949502842343971
0.5996164906811546
0.36098660348140277
0.10642612192001968
1.061574143394046
2.2987426941776814
-0.10607923477734811
0.2520756515573718
0.48543897109173895
0.5835654873137648
0.24345818874800365
0.8890827991632485
0.8631760205902451
0.6783549903144173
0.6785947303789623
0.21421034661575555
0.4301525326422803
1.2254984219578122
-1.6373693041032815
0.524410265571224
0.24307344968402606
0.9014767898214291
0.9739639923195118
1.0960088131403785
0.14220908016592002
0.734620575381164
0.33793070262666647
0.14157604099195914
0.21811547297197384
0.6605410916829129
0.1303586921528591
2.0400603655334724
0.5157236785348278
0.40493902211779775
0.8397526122174522
0.7436029042635754
0.06646077158030828
0.3366042826249508
0.3552649431008635
0.6600898105399778
0.104677084725042
-0.0071312504849827055
0.16363988824703726
0.8822707455612508
1.9090112110784057
0.5679525967576985
1.0026649624804758
0.32770675107833236
0.47228018704279195
1.0327583073898754
0.2691121135400449
0.41713732727321207
2.346968993775296
0.4284022645570864
0.38788162467312015
0.5683284243337159
0.8432638216700574
-1.310641710222224
1.1374377549740005
0.3644547547876464
0.6558310339625812
1.3539261978051946
0.5673378839384882
0.1381827051158666
0.7568545386637134
1.2939149190498018
0.6325122835004774
0.6902978298863137
0.5778884765496713
0.7696136668431837
0.9809580640100434
0.8645933456204214
0.591521983835707
0.3150061635285356
1.4275423961656326
1.1988111240852157
0.6902520651438245
1.2904685214477032
0.8823662816937324
0.60970516198953
0.866062827274084
1.0879103364175722
0.8552600538443208
0.9046997647334291
0.7930661422248622
1.2988875750243398
0.5475466537154162
0.8983150362355437
0.47544459835390135
0.4183574248849548
0.9765847625862378
1.3378322176065205
0.7879426326378932
0.37649765760127857
0.9530146007847985
0.27547127488621637
-10.526117329564732
0.6631049149259081
0.29304021601789326
0.38654256318550806
1.1098824115435764
0.7950916342458348
0.7865227550143935
0.392078252392765
0.33717076223307385
0.38063286687809617
0.5231812842340804
0.9502972948407873
0.6720474266304707
1.650679847520034
0.599442873675031
1.1435926407893093
0.1478310523859271
1.0727589090875067
0.2055464532368286
0.33954482314435497
0.19222665390868646
0.541049350585827
0.6772703742437906
0.6571924854102287
0.6883850765886307
1.1397988849536798
1.1460569464867438
0.4768554460813737
1.2203323024246286
0.2595807766437753
0.6797428275142441
0.9632378981228801
0.2783806224584573
1.3328335623023517
2.0688040195606474
0.9567224417001767
0.5530300601035326
0.940152856687321
0.45802113941130823
-1.7357884433112494
0.6436071763592296
0.11421877744704927
1.048122488003744
0.40102345957808005
0.4328201092938246
0.0473600743764233
1.0870625769831694
0.07742422979839568
0.9148423561587249
0.17875244905131057
0.8719755656403486
0.8409666989314157
0.8254141832381707
0.6285496160711049
0.7139458157073555
0.7716806317568103
1.070293840901283
0.12250661767014649
0.7421991597883932
0.9265991051667829
0.5579780220410375
0.30490696789661775
0.4974867105722766
0.952716946027302
1.1910682362632883
0.9074619034562275
1.0928454918268966
0.37658174767623026
1.4931008483225607
1.4297808211158087
0.2854207837634343
0.8978129335488191
0.6296748217519418
1.1074279781030514
0.8243217466625208
0.6297099913289588
0.3493807760659485
1.8528889029213755
-5.294666037171875
0.9967184935668724
0.41803730063272765
0.23924895015686676
0.7179690160860307
1.231191984715198
0.399230554883352
0.47779422572141117
0.8955536709989346
0.5047202570610245
0.705059521242128
0.5796177414057294
0.4938201852310549
1.1277991793644961
0.3544263654364898
0.2980092750978077
1.154570831122304
0.4649165746660969
0.6372159230066242
0.8548643817132422
0.6625009422495955
1.5379241973775566
0.10511750999306699
0.7867502700738632
0.6912788416182982
0.22204173180240788
0.3470337655610179
0.8881310973098013
1.3699786251886232
0.5565915609433082
1.4224150454436741
0.6741053657191507
1.070580403457457
0.5392493325432046
0.5043706579343195
0.47289949308718765
1.1495535969108084
1.3151877674985555
1.2385860292978343
-5.866139943390963
0.3257193310764843
0.4232864204439251
0.5216923807319722
0.4422466574146601
1.2165477713808084
0.6383296434551853
0.506488780707364
0.5298003820836525
0.03471300474967451
0.15868910784705098
0.6106570430758353
0.3066391383215428
0.6923382007099357
0.22275971147450194
1.8046047914286147
-0.08213720793435818
0.1258609717549352
0.4075165889559955
1.2130697723747372
0.13120893253579136
1.3983652710807433
0.5457757503750211
-0.11980158386528067
0.09109099594106884
0.7354387021097025
0.7224804733632078
0.06840326127176892
0.7356230911720707
0.8408771499547774
0.8687892115646497
0.5205759106724963
1.1732518163524273
1.5519319737832873
0.6000253355702359
0.3500732483142019
0.08013904847433852
0.9872066826140722
1.0206950988820327
-2.4036441385728247
0.20184367978683596
0.2528293817042341
0.7816898234490354
0.8072968969082769
0.7328572079784682
0.056483033555088845
0.7598618681350082
0.2951251050100324
-0.010930227444773151
0.6006163898655792
0.756497105149115
0.4239938455054165
1.4136307405650088
0.8638189252383639
0.80101247941445
0.9881368964659959
1.0216144188376075
0.6182503142995477
0.9803794284628674
0.17263327198868836
0.5839358466990479
0.9113512420886073
0.35559945298357737
0.3501830134513453
0.43659599673309457
0.8309559431305802
0.8609177772402996
0.5561001655460923
0.7913265638955684
1.1236922452977567
0.949569569373241
1.28775939433684
1.1002738078332723
1.83359750488508
0.8927703694236189
0.26510262627458697
1.1701146524986774
0.8047128509613973
-4.116591055232749
0.8497390411568811
0.6943027382576694
0.7427895417795712
0.3021807643637517
1.333823691776888
0.9725508947835176
1.0204463818523284
0.42811234158669836
0.31019904370244916
0.876892234111561
0.2268978996522461
0.783213059328195
2.3118982484218513
0.6589738482426306
0.9622030763550949
0.6508436483471315
0.3148127674499668
0.8925641253677756
0.6053857745211695
0.7359349862399396
1.2699552542305912
0.08917553250060334
0.7213115891024308
0.6836600120725239
0.323539900428246
0.6486758728418329
0.593624759315372
0.8663148878793235
0.4082751184387176
0.30188330023273924
0.7076655017872515
0.29217862307896325
1.8313136028200474
0.7644218971848419
0.2809951698097534
1.102435542131701
0.6981454045700405
1.1075080356103566
-4.619004054138856
0.725571208739123
0.9404085761714547
1.2691000629860785
0.5569626514797368
0.875426642428655
0.4370364646732279
0.25120554383133914
1.006465624380585
0.2326862531535988
0.3629741857266208
0.684851941132032
0.9675900811875958
2.1912528093867505
0.49421072182338477
1.0694368689245404
0.16747823921329832
1.1770910961628558
0.12993626169465158
1.189681807608508
0.0819859592619779
1.2046979626400287
0.35330306907549935
0.7809809689175621
0.3519677807929116
1.092355030639515
0.7929065395024991
0.7080566498818509
1.0044699599076166
0.45024462630877976
1.2675230518079388
1.3756333115520174
0.28970893769318645
0.28960512438548947
0.7716981594876592
0.8821518061357138
1.0773713582979683
0.15792030348109506
0.42436026233807295
-5.905906879543326
5.696237773784025
6.0929363224221875
-2.399980852644992
-1.8022327547370054
2.8199674038442324
4.8806905511681276
2.225636644811063
4.82681704624804
13.235004167617705
6.938655493335727
-0.3638605522559273
3.064356433913864
-13.517917505502172
-0.4644464523473252
-5.865590219289679
4.105411365033276
-2.9703363153046407
6.2694984790425305
6.780658192453259
-0.10900057992427724
-5.7035845759674215
3.3051304782977233
4.368058462712115
3.9668379465522503
3.6997996941930027
-9.756523730388636
3.9969985691814927
-1.8721136444227353
4.233603336268292
3.2397230845843223
-1.0747360519110039
-0.4761183338738239
-5.896377629038749
-12.628239181378573
1.541634840488166
2.9181098582050313
-2.318794071620144
5.6191144443519425
-14.577838897215988
0.4810668137769042
0.669972833814731
0.5241478962602142
0.2996912269394969
0.7194241558452406
1.0103013417045597
1.1000022428738558
0.5274782638003591
0.3216709633292435
0.025420960331368
1.0389050631803736
0.8745520904467208
0.7541333502419089
1.3830928916086906
1.1279883966366817
0.1119796919798357
0.5662371854920856
0.9429775017856987
1.1096046797024592
1.1844948303202545
0.7079437724176472
0.14226028055981746
0.864673802691839
0.5349809106061196
0.026339979043324566
1.1611342378387857
0.8860214125106788
1.4506024792059404
0.1489000965642706
0.9690823249586561
1.1438787379522048
0.6209877176993462
0.7389395167752684
0.4361173150325013
0.4101417864874018
0.29599277644830896
1.2786855515893318
1.70434977634994
-7.18384420749612
0.42103834588621436
0.06683871181790015
0.28134560893346483
0.41619686631386477
1.374849705912294
0.3701808084873997
0.3774589005810948
0.3376833690653431
0.24368647505718216
0.1963627530695204
0.32559532469945757
0.47634466951278204
2.1871601805968863
1.30754842518421
2.0012882180365383
0.09766327095444868
0.8721337776893665
0.501264734347698
0.9655946445845347
0.40934856631040106
1.549322820567607
-0.36791789513593653
0.24427826418502052
0.343076068074912
0.11238111557779701
1.3378141378082042
0.39406266562305386
0.22726487925313313
0.25009785460286693
0.35530103086615267
0.8972549304226918
0.1811089131890941
0.464225767094418
1.8414789981560433
0.3120982009413515
0.5442458523903638
0.5752899311899148
1.4200472285960253
-1.0572275846860433
0.9542038005730211
1.3719473488568155
1.0614393503660935
1.4022670739576908
0.3027032673464484
0.33878011589664936
1.2782486988056196
0.9442806981379746
1.3057783688245403
0.7365982635740413
0.6647088437585145
0.4533942409493937
0.9674292862870786
0.9506239480363582
1.1833221278842567
1.4037564452716726
0.30521464990363856
1.229228696597855
1.211859035126801
0.3181069522108795
0.9724096295358649
1.2447195330145011
0.7973136267715321
0.39567898050056305
1.5303614038994249
1.5923839917192357
0.7927263434947043
1.14666163068433
0.7059673424963264
0.7404918486099293
1.2644063923578488
0.5575360219024935
1.4523851468436217
0.30122799639272363
0.8969018684167104
0.4703453808500554
0.6060005146915115
0.47268421662246485
-12.03630533531098
0.35616734363180574
0.006663823837808501
0.09965640903758215
0.831371340389305
0.9717108343985428
0.1281860152786885
0.7035948727120068
0.6343998074312281
0.3993557117589909
0.8022193358866774
0.235053729627797
0.03761299274696481
0.7590194363411362
1.2336429718202169
0.953435782458509
0.48119404402581856
0.05891045536168822
0.07001747307599057
0.6035192101624715
1.0707488512320031
0.4595857780531902
0.1701112548689534
0.5226385404565529
0.228177391702862
1.0740223881595212
1.1304196182941604
-0.01248204294307156
0.7916874684087752
0.9512377470438167
0.5945582343794312
0.23452569759947586
1.168060926930716
0.735120325653339
0.9151775843584564
0.9228647430141774
0.15047733574751782
0.9379418508784163
1.9500417375990085
-2.44960130942269
0.32856909847543536
0.40082219424988075
1.1163681153076714
0.8367913519146022
1.492713215782374
1.176728951679553
1.4696485027383386
1.1038409432183969
0.2862666580801877
0.2990140977568749
0.6405853960308638
0.9614016640481826
1.2227821966809724
0.31518924595679015
1.638200138643283
0.2534328477520544
1.1776041804241124
0.22599746620097894
0.6117630490662853
0.7543125571998668
0.46432677173254394
0.23205764611312601
0.26685573241132526
0.13080326271627374
0.6213343246637325
1.5655895979323362
1.0131514242307864
0.7889226817330631
0.27007522998173017
1.3706679561445336
1.0029083440364168
1.4408576015455798
0.5404264120021604
1.5338924520933361
0.6402523413189716
0.7400960241975768
0.29103238291958883
0.7026824782681731
-7.2081577625067474
0.2374382104677572
-0.005338061722628247
1.0708512608463914
0.4193131339657951
1.0622552378522176
-0.12194126143271189
0.9427934995883179
0.3599588430573543
0.05941213951021312
0.23078606181690195
0.7746581864114342
0.8117048352898336
1.103587548223959
0.4149671196696787
1.1979679017232923
0.6833865492894181
1.5035479950367105
0.14472745414229232
0.7121432071113557
0.41300879487013
1.85781972552744
0.5381460705285691
0.3410092458962611
0.07647968243229938
0.39776329393213633
1.8436810394176408
0.23740360090401827
0.36616550333109565
0.5761401705814028
0.7793273185085386
0.994169737372735
0.33909572533606835
0.7367341390668554
1.1510017749044408
0.2785804679057563
0.3685527375415165
1.11407713858825
1.5288350573698366
-4.360715199017076
0.5098583205940597
0.6557179327886463
0.33680201204869165
0.11505445022950307
1.3271853448726252
0.508730757550162
0.8329596562189794
0.8275424104710494
0.5092237812320276
0.5749713672329612
0.48505500888761754
0.7048969946030348
1.2986114954898187
0.4591007345385316
1.3423194028851144
0.4883275944356916
0.6516966826943249
0.5260453885320194
0.941200716659344
0.8596793041491676
0.5186534225302487
0.26377973108542563
0.02336186479237587
0.28218446770718014
0.9387116790104003
0.6622637991832502
0.5150025428045335
0.700802196673402
0.9063405899150948
1.2363066529417452
0.6872739278976495
0.3781387572547298
1.1938582267656423
1.2328181787341685
0.0872997736020551
0.516781736455556
1.1502542405848581
0.24487403152312665
-1.175210975407727
0.3206182680685216
0.45779457217414965
0.24717471497316842
1.1919753413678325
0.7637796950301536
0.6926696255803122
1.2506180306304724
0.21451528293086156
-0.10483555528211938
0.31099479371302186
0.2985151203630473
0.37378533446879586
1.638636214808028
0.5794553368463803
0.5686940224616117
0.4058325708115347
0.12454240477311869
0.08374736792241697
0.5448730448935868
0.3754729413219024
0.8242215529533465
0.2517712425541576
0.15690734639635945
0.5335026437521798
0.35241944363639527
1.993672840258932
0.6531729235569014
0.6939279511810289
0.4015642465858964
0.8955606594099071
0.361848275081458
0.0627647989779218
1.2208528996837176
1.9243578485941202
0.4218867819229895
0.8749129988638361
0.8040472157662727
1.1769488848000935
-1.2111309309727927
0.36032971838213984
0.1328398026228881
0.04975114056184156
0.4772756563301148
0.41559004421569257
0.6120352155743368
0.29780706271146196
0.7060610617572811
0.14796585382710617
0.3589226899516561
0.7154813532974805
0.3913367130609945
1.7914161105772823
0.8158277333114038
0.8607151196021339
0.639218708286842
0.9925970140865382
0.38167027626010425
0.8949045498264753
0.7359607309882582
0.33841014850372925
0.21818141224045418
0.15592423572293798
-0.11386901628846453
0.23791093971135416
1.820883317183123
0.5332760972601354
0.30128477068058973
0.8898292294200635
0.683455012850539
0.287174675896983
0.4924064149568857
0.8832137545449135
2.2953794014166573
0.1775484460785918
0.49433310588153745
0.23774807609245788
0.9733228500973291
-0.32947562480333653
0.1795734038242605
-0.02758746729600533
0.7315758408359856
1.1570979032852808
1.6279905414412443
0.4750042138354854
0.42085487602225974
0.10129362133937943
0.4317481592625899
0.7516770554694937
0.4887203401845073
0.458343604283162
1.5721057505417564
1.0794443896083086
1.789311763991596
0.19535801767498642
0.33714175865773005
0.4329679865391906
0.19269224091885445
0.38393205239341377
0.3407218739695869
0.042070866853308186
-0.1578463556644319
0.07444296249554913
0.5905608823302414
2.097463599803902
0.286252825858723
0.5051746151315457
0.560157467415753
0.5078278920688443
0.3474986073738031
0.5640321595593794
0.6683816196347577
1.6049157547242971
0.4765657115173963
0.7189967190046699
0.6924440456994885
0.9149093454072497
0.31872031345487634
0.06663795241833416
0.41398019187844987
1.1025539325472704
1.035458159387568
0.43343456031241634
-0.06944916877342218
0.971515014425689
1.000296867695066
0.6243929189734151
0.032804159337724875
0.4263956425134844
0.3418321112997583
0.7132073263772795
1.0394589199280504
1.317102241773215
0.7259345892545954
1.0057892387840117
0.21622393306135815
0.6633304042748452
0.6860887279713899
0.8086596211471561
0.5676190234215039
0.48907022369469483
0.4507852086858732
0.9879560807235799
1.7199945700596206
0.5546111577480991
1.16954778907004
0.3497639262172097
0.19331890295403276
0.4825272357159286
0.19234119713596717
1.4023813801335625
0.885725945536667
0.8419362671030837
0.5246366613873632
0.8807276202977051
0.45137566866689705
-2.8889418841828522
0.5614030533864864
0.32744344541257
0.974995371816638
1.114469038769196
1.9584760226544473
0.465726058949235
0.3278480760483479
1.1489946874583665
0.2971706883762265
0.5061403655823415
-0.016347392613191868
0.5107265628834755
0.9243771124726644
1.2381697073692155
1.8192992969051716
0.45188161228759105
0.1951306052922189
0.3612906083894397
1.0746848589824842
0.7612685976624471
1.3124280054640045
0.2826332401093885
-0.07911659301610574
0.4200728115745302
0.6881540438508195
0.9601995306945867
0.28172263092803584
1.4491859394909192
1.0126125181285424
0.962878497140805
0.2560815950837833
0.29708786968326467
1.2708618245003973
1.8711933681090485
0.6296395049248075
0.4704287303532897
0.052874447310459635
0.616628890832814
-5.054316633659073
0.10943573163624343
0.2910994114916735
0.9766103970809379
0.30944460159595666
1.4745283087597156
-0.12561401743272013
0.30527862234977654
0.5113993766918732
0.26819701658734557
0.4694222890227026
0.7378643480890543
0.501738547051264
1.594195031555163
1.18046290910181
1.408961992331684
0.04751528467908959
0.041637761812285734
0.4105726584337755
0.7118368872998253
-0.058664871407735034
1.0045071400100474
-0.08191995085274766
0.37666869858643276
0.20943724729135044
0.327965703069052
0.8309661064696664
-0.13016853197719128
0.7493754413295621
0.32902254291233896
0.21522352851522658
0.42230025640771224
0.4419207098648874
1.1861586644165438
1.1554017143922954
0.0829554083290426
0.7182947246411487
0.46759411237535675
0.9225234184670471
0.2966041595354934
0.4732009251705839
0.18506182608969077
0.5336405631143915
0.2456253386425838
1.6944635126379144
0.3428593967832138
1.1339038822821876
0.28022408319030595
0.12328464130187315
0.5457288534130433
0.7963803215460166
0.42523826318680763
1.8108882022002364
0.5290351808237992
1.1766261862266922
0.3415328891494565
0.2847554409868537
0.5314583035102
0.1849410331541946
0.10007043818269928
0.3260387836294041
0.8548475779584935
0.3128540188314874
0.3259570668050182
0.23936890753142773
1.3950913488876941
0.36344013963220045
0.42176130323092237
1.0640582574365356
0.5372856352457297
0.570437041084906
0.4678246158893869
0.7009104898164911
0.6997230080720541
0.5165047977991025
0.8655690272910725
0.2997852216915387
1.7808237221797703
-4.855167405298955
