Architecture: full
Number of States: 44
Parameters:
-1.8524456879352746
7.218474276497365
3.2592975919936022
-10.418071833576738
8.722285666628546
-15.0
1.770993876749148
0.5089458257180846
15.0
2.0080577970913756
0.0015419472975220392
-2.4182153095866266
-8.335485704502211
-6.907572874148283
7.948981296400283
-8.017380870079096
0.5738039250397875
1.733300645762418
9.459044142442984
2.1763540900866793
-7.145827276208047
5.462472633592341
5.754349804888338
-1.1462503817053458
10.178736178975411
4.011639517846921
3.2859696949422172
0.6174847307921659
-1.9492327927997477
-2.276461995480652
-11.015764045375878
6.011978286699303
-6.64614274184616
9.575970681301097
-0.9841513863923267
6.50245710206363
0.7972842686376046
-8.24747193458466
-2.6554497673040287
10.004643992096064
-1.2182845862302887
5.136026801519039
-15.0
1.070082084991976
0.6045034977659169
0.4682091823882698
0.3002921713262586
0.4155123120330605
-0.7705237640066848
0.6084790378580753
0.18044858887598839
0.11255909672855108
0.3222395631827555
0.5621166781031786
0.8383931789780064
1.0001203254359847
1.106100109597181
0.3517051296452204
1.3500939849700673
0.35030286810535727
0.9192833559755087
0.03043061354406927
0.15907469311533606
0.30132067018379294
0.8958340511968709
0.21567117034886377
0.850651065758429
0.017063263817816223
0.40999687377302146
0.6678627066710683
0.7048913251694604
1.2229984452820304
0.2703658408208742
0.5532842847653869
0.7907419469231035
1.2472758333784684
0.2778621681627747
0.7939811062882465
0.5181609256944718
1.1699440884021435
0.7341597399550365
0.9929291562921029
0.9268774969733454
0.3150964919909287
0.8475909776928411
-2.3309128135252024
0.7217676658516182
1.1833903871567224
0.751132741686911
0.3520117155998202
0.37472027525592466
-1.2923569610606835
0.33183414796703287
0.42725312977742724
0.41844067868998774
0.21135452194011892
0.42369735894336147
0.32907374649824117
0.7105519164411975
0.1712230680145084
0.1295601106051767
0.7970014499841163
0.1384728577138737
0.4222609794754656
0.6375831311092413
0.2849839116246561
0.1310398847567849
0.655657643591354
0.16814742599130175
1.0628706528207963
0.7885486486473697
0.8534146575686617
0.9635488879352535
0.9758641042076085
0.10236485246469623
0.16213620835703565
1.0739283026255864
0.48544648173355115
0.6931459779080292
0.33768240300326263
0.689505436609247
0.9429342727565881
0.8510722145413437
0.35404302175587654
0.800957124096727
0.8742524617572984
0.3332272126512851
1.1441399938367216
-2.8101695069040122
0.5667119377986019
0.933798794287042
0.38952000387421093
0.9600143306112808
0.19756075339565174
-0.013841571787043117
0.9558814923264198
0.47364612743883483
0.3053576195543259
0.4734268393237401
0.7826423280658608
0.39364145419768426
0.40382534822980276
1.3874807160253875
0.8120006554648342
0.40682453198641017
0.9659022685687927
0.37452718448716915
0.5422762065078554
0.6356873668416367
0.9988650517679427
0.4843809110875381
0.2908346475036075
0.6689239088355534
0.7220561297774647
0.9300887024486306
0.6070377252229398
0.8572557721179555
0.3124531819980459
0.3800482958893851
0.8860267540938498
0.802406885813091
0.8981673880725697
0.7297310445970766
0.30938395486415343
0.5752258547661574
0.7466332203359948
1.5859120795936739
0.6632642927861058
0.5569008815393341
0.9579807172731516
0.9097636918400813
-3.1285878299573544
0.14515650288385112
-0.0038629956410012292
0.25674232432314886
2.1210179467356416
0.04323730478774274
5.227200640230262
-0.05073871947257677
0.4617202689227272
-0.4247617237355493
-0.06250410905755521
0.7590219780884887
1.112031541928265
0.5609920316198113
1.034874186110402
-0.2521865641833211
0.6122634359112058
0.6147804237017634
0.2311838650393411
0.18158769049215803
0.5188369353445704
0.8446624021622211
-0.19909159614880445
0.1633822275355226
0.1972651068964361
-0.16126994560067512
-0.023189541904540083
0.5614760191617238
0.5718106992243552
0.574197756176469
0.9894228277633571
0.7124975987875879
-0.16642935643478368
1.4236181650513486
0.01614693434300459
-0.00488590690003953
-0.14343892175149728
0.4437530660851591
0.3819001417011165
0.6350835017381921
-0.12286645139680058
-0.0038706944860941086
0.25984094142332553
0.2895031918563529
0.2783969944925343
0.6648788064137092
0.7287879980066917
0.17830554810325502
0.9591618405025939
-0.881600914760335
0.16697662432527488
0.1983144279362697
1.3534604096005522
1.171398220937341
0.3921421996873142
0.20482469073573928
0.616750668564475
0.2350559022486852
0.4746524715323016
0.6538195182254235
1.3183373082632994
1.3388614586819307
0.7185862592471204
0.44055363716246543
0.6651509805875825
0.20626880272767384
1.0713007181967913
1.1672478165779625
0.1716148751984843
0.7484870517310488
0.3017762933631219
0.5737185847867612
0.6192261314677561
1.0087787021867682
0.6499052898967741
0.7429757294281187
0.19556137179464098
0.7760745457652806
0.722350208324109
0.3406101720799291
0.19027807255609977
0.36948634164127303
1.0067788525977726
1.0046155722148484
0.3863015511211446
0.7130801301464401
-5.494708219855817
-0.20640878956265613
-0.4038028292210925
-0.2774720455482883
1.088399875765929
-0.27256516968956523
10.13133874643276
-0.2957261136885143
0.01124398201771043
-0.514754538240706
-0.08062188460895696
0.6250606740252452
0.5211002888561959
0.6495619991884671
0.23667112393223635
-0.4297180017476721
0.7887793107940614
0.05217178543043311
0.006263791045942441
-0.36194820559691787
-0.1177386008101477
1.475206888027186
-0.3933981022316093
-0.2639775383706582
0.03776503425871595
-0.4707623102563991
-0.33189668717949977
-0.2152339124792427
0.16795024363698632
0.11035444906157238
-0.03633738740309429
0.30880899843052934
-0.2988933217027494
0.13794694172912922
-0.4509952968584319
-0.020529005929058656
-0.44417785058128373
0.016337943831746343
0.5734000029328332
0.7519364914867339
-0.4244088048746051
0.10605811441902807
-0.19787803232345885
7.683245464837954
0.31656789650584505
0.24196645864644462
0.5756418498971791
1.1439541681600982
0.2278529368068035
1.9390796642350305
0.20636466077358762
0.3030491263581777
-0.015356530603234912
0.4198595872250095
0.32942262214077356
0.6261501147847797
1.487085615758299
0.6365721203964866
0.24637847929973114
0.6038591154872729
0.7605217769418191
0.5596532652302505
0.5245227081018937
0.6032807168458725
0.68787396376423
0.7153468578250369
0.47915240888473426
0.24374609873261957
0.4057932633230973
0.5943208205926154
0.44375333537793477
0.39702356581155335
0.667963114212365
0.6077372235881752
1.753293468085019
0.38585999030962104
1.1948185533324298
0.32496632291285443
0.4565751524898954
0.6220767640976518
0.6466882500589783
0.23309866648560337
0.4336900417004365
0.43734725456758183
0.4734043597342716
-0.0667823073114458
-1.7370397225162564
0.5043604958003005
0.5764786087206645
0.12292203462110028
1.1788166337399442
0.5631723476497308
-1.1598750778141533
0.042180127890006566
0.7580214902123975
0.259174857856644
0.7060208580516354
0.4656689506378248
1.1819309777875369
0.2954867204932808
0.8225720320277744
0.41307196514498185
0.9501324841880491
0.9462048513346609
0.47027034375341065
0.3538880104379833
0.9647994670375004
0.5823205467572112
0.4279244384452204
0.9745771792526894
0.31307076745807844
0.31736781734378455
0.4285237034985317
0.6065228384363631
1.0065585586446624
0.2796039540873416
1.2179040706244966
0.394957190619766
0.17648012575998462
1.3416299932118974
0.5313921622061133
0.9483063830626727
0.31705545864512813
0.9773642554061823
1.2959465638235979
0.856705581351589
0.24471080412211865
1.2136992965588664
0.38115653424141505
-2.519378568220803
3.935539549456436
5.485258366105352
2.054079109169018
-7.654060617017816
6.1451471866820775
-15.0
-0.8603849890180941
5.775197114518278
10.738428018311938
1.5589662732792897
-5.076002044505828
-4.948887018017425
-5.886433743946743
-5.29563993334608
3.734374235539706
-5.0764636260259435
0.625286618052098
-1.9660705883473402
6.586306633962632
5.38863877669335
-8.622954112631753
6.3405777444378
4.165733776404946
-5.206493419024161
9.26485962169635
3.6148288363505934
-0.23109168960343682
-1.7985665937328057
-3.9024273656281983
0.7333740875600179
-2.3738979189905405
2.6759257300019224
-4.0432648339411
8.914766305108367
3.9747098495125677
3.1424357383652937
1.0096501963314035
0.6179739394962874
-3.105022291262439
4.416120850579609
2.909297953538942
2.027415140949342
-9.23276498691591
0.7444385071909755
0.8198990594755696
0.597190627813182
1.1827124714424413
0.3983541958991817
0.09284260560132887
0.11748980112830322
1.1854503214502448
-0.10071966995827963
0.8289572562003834
1.2094011379673983
0.22470086639394593
0.6115765832366744
0.387112437664885
0.4411298876628576
0.5483992101319203
0.7535418350248267
0.36329791615125917
0.7820636081842787
0.12998441195397206
0.9739004433192905
0.40869710420229693
0.6868427810432094
1.0748331618267648
0.38935707733135355
0.9101806984033814
0.351944447200152
0.3172686461982031
0.6683632403561685
1.1508633652471045
1.6653099519411694
0.35298078643996306
0.5948115683147792
0.7342002786020784
0.4587884157310822
0.567201115625573
0.7778429303183848
0.32689547965758875
1.1809808793415921
0.20589254982299218
0.8759333956665254
0.7566860803939762
-3.1143382399560835
0.4759367966416476
0.3324006941012597
0.04492334821470677
2.2967133966287503
0.3506574179376716
3.647885146488443
0.011783620142286408
0.7170527401480447
0.07200692259991817
-0.10234377207503388
0.7736211240500868
0.9403736517948172
0.8992688872360359
1.691274253206812
-0.18775449872598268
0.37198377868150095
0.5733578489593115
0.3192612185863059
0.04677284939010484
-0.08077419849422611
1.7774535233783835
0.08191619281163573
-0.0481685846312093
0.5351109282302919
-0.04330465342550381
-0.10055223394341561
0.4597441579214868
0.4282806812224752
0.26264777387771315
0.17317928257315832
0.9299462436715649
0.08330752308876815
0.9118702459244896
-0.1471808211907949
0.07172328353155988
-0.09587813872884118
0.704362373100257
1.5267615566632784
0.9205983889629881
-0.18653705552976144
0.45135830254775533
0.32095980361072823
-2.0936765119910925
0.15726009200409707
-0.11922988788829074
0.402667035204363
1.0466086195415394
0.21268436644464722
1.956425725814375
0.8012317718422615
0.8127764415878639
-0.05994198245539663
0.4618763131445911
1.1601498198549518
0.9526178292696788
1.9568211163972125
0.8128387702060809
-0.15224354143608748
1.2502362509474882
0.8452515916037056
0.19224495698784547
-0.10866402835690465
0.8013030811760414
1.8894418819532746
0.31853345860619875
0.4483019539734879
0.26943736776617205
-0.13777164649525686
0.1830374022753722
0.758747687066799
0.6634563720360918
1.0313489443955846
0.50611481124649
0.6671521339861656
0.33491059351093116
0.4983263699794435
0.20434109392436245
0.35163908589405257
0.1358630054502754
0.8178184209158081
1.232754252128492
0.5318009595312768
-0.16755985127010695
0.1182966579053903
0.33135692320201576
-1.5734352921264958
0.5827688223238691
0.5583296012224996
0.36795886868263394
2.048932256505357
0.44918966022144513
2.2989915071832794
0.323535329093987
0.757069321407114
-0.1510986362210245
0.7717014277992333
0.3876216552236673
0.9160851348356682
0.6711341034376626
1.06878230119203
0.21432322988914385
0.7068286885226929
0.6780092398368809
0.427001991352596
0.15735725137574127
0.672608635354315
1.6654340587773935
0.4898432004458212
0.47007602741820287
0.9183434270709749
0.29778146616201184
0.5185996323274693
0.0573153931849382
0.9483154718276227
1.3166170142463929
0.24901883073286507
1.083550444318374
0.6352830686871955
1.4939197518800584
0.25384612355310315
0.17468273165476306
0.2714885916625047
0.4307355541897752
0.9918246327648147
1.4283729634512514
0.17431491740884716
0.5103886974479688
0.14526768442254687
-0.8090273706981178
0.6166592363519597
0.3219084316540391
-0.08299129353535244
0.9423859806791308
0.15153703398268195
3.0999543839744983
0.5358767691947836
0.8848098808443562
0.03050476714531028
-0.05746309150068215
0.25925231903437845
1.1048654427313405
0.6340349558074393
1.2376237473236418
0.40474728544475314
0.5063078320401984
0.33674718929201775
0.5221007687396358
-0.10186107686219982
0.1297331220096178
1.1979271719688294
-0.08503941728424834
0.36243786551665236
0.3033112830745005
-0.05331768668473996
-0.03465808204524693
0.3333348516761239
0.515270512842103
1.235342402065558
0.20093355517449024
1.4810884130521482
0.5373377838525217
0.29183775648072485
-0.09896487035292614
0.06734961131135911
0.06538846626264265
0.47709174205723903
0.9743079112869104
1.1202723286129517
-0.11196543797682208
0.6620118390491707
0.5068773990857818
-1.946691259045558
0.1659670790341347
0.3092525924574235
0.46949879514956694
0.5326875670471327
0.648928009355462
0.0015211049113328344
0.9972355308004061
0.11017983948180964
-0.062383485319768076
0.14102686126104264
0.9387911121876662
0.8773535027645296
1.0559413383058538
0.39576343032612316
0.589446684077229
0.26916216578730484
0.9422441315202238
0.060758950603023346
0.2382244297988
0.5592748423672204
1.3395228130573622
0.09975924307614877
0.8708218225002435
1.159389002280335
0.7082806614977363
0.046427180989655384
0.9555664409381615
0.7273153255752521
1.1356452507634014
0.1440977190727443
1.266046950471772
0.1578843323711199
1.129633528513481
0.5392504862708463
0.07745460253817246
0.7897260290295378
0.5809607241538468
0.9377146704226121
1.2348334740591405
0.6944782560897084
0.06758649963084801
0.5844834133804991
-1.7216218163341193
0.9974611505382683
0.4603864025937003
-0.0049446639638231855
1.0901067455643567
-0.03193294262788976
3.4500864439061143
0.6237219587882362
0.697299767396193
-0.17995572538759894
0.01450325250104639
1.185626665919753
1.3124423581804663
0.9021779485519107
0.6454891810729074
0.43432202648060136
0.7527215300390755
0.8825623590685978
0.6013248295782077
0.31053954462792116
0.1824283275068632
0.6843023195177884
-0.1677715187663533
-0.040440012226791965
0.9380881753647151
-0.0781076859077345
0.3336141377412496
0.7514750283681931
0.813958323927027
0.17498613785264935
1.0812943289513037
1.217644093688704
0.5385172677601602
0.23898504118938504
0.07006614925263228
0.5462329911670865
0.06900243129655982
0.12377631470914312
1.1475806453115003
0.3683520213930352
0.1872890898833529
0.3810309742755227
-0.13666399221884562
-0.5291918692165345
0.6625395570067177
0.21372534877136573
0.49837789665776744
2.221197791953869
0.2360664744626715
0.9613221356158085
0.2830937604718056
0.44169485456958485
0.18786499310137705
-0.08124450458437868
0.6292904601094246
0.5231484054848499
1.8100321240690416
0.8967693729546766
0.10048325604879914
1.2916300707413784
0.2509096632175211
0.17467510812423837
0.022667542694479532
0.21525169414207407
1.4465072465673896
0.06745675198854177
-0.045248039091163074
0.6614863834533182
0.18338508625792077
0.08927865254809908
0.05786326582419345
0.00016764645224560623
0.48248923148815254
0.0767593969381205
1.5931318481552423
0.10615405404762214
1.1259859530568106
0.1602597779536368
0.40114857604943266
0.035564986574597134
0.15925344941256037
1.4022382890992504
0.9785654160537974
0.3619342659832123
0.6034663826260545
0.42609179570765837
-0.938174272654253
0.43888286971424506
0.18691076616885816
0.006775260835599112
0.7308365319657216
0.36003438086858025
0.9121348604841815
0.8403768807175649
0.9015106013606489
0.16637778186070937
0.5879501307672069
0.7390342881580473
1.1677544252640755
1.283708955648167
1.3236491597810178
0.7543318510060423
1.2718907632128693
0.297749279903124
0.7843665100876918
0.06104061738569991
0.8533405969116072
0.30421419506622255
0.4622872505501959
0.699303777826339
0.7451188051646243
0.2951334831429726
0.5007068184982262
0.606576181201568
0.942824033726213
0.5920565473828341
0.6534730574362171
0.8090708488583545
0.3206176226962529
1.4442029090405126
0.21222814378371055
0.8203171107523994
0.7385143257191129
0.9880792717842937
0.8316577609296593
0.7271607482262205
-0.04637224214564942
0.7312469539666757
0.8842118976775216
-4.121932171947739
1.3410907771288232
0.3387892929577254
0.46370607973463146
0.0717381564547822
0.9094306878424482
-1.3291570290807755
0.5093456892180489
0.2560324265206874
0.931147285270482
1.1857309866899777
0.7922629764044596
0.4094772070733623
0.8264148681841786
0.7889429559511302
1.3065964494271651
0.5471972970373301
0.22698073577232666
0.9977587925504474
0.8484845502615705
0.66023273537246
0.05093450951770909
0.33465542822114774
0.5687241930036628
0.03680814967367886
1.4249670151658365
0.9421450002316998
0.7990282304365991
0.7077943660872537
1.1159902301795879
0.5775399071399717
0.41172037333043476
0.409464010115761
0.6722183661048231
1.2406201834153558
0.9521031285192928
0.2815047162835315
0.4525080041990938
0.31404972191945396
0.8747187180597006
0.27078682925607866
0.20998784628261666
0.2983242376447109
-4.624299132972669
0.8817283689765654
0.644966925898408
0.08424791826582427
0.9600140598781705
0.875798903885384
-1.3081401803759527
0.9760791983254802
0.2064063585503566
0.6775517026461226
0.12195002581782254
0.34240651595137167
0.2543087764062465
1.2149477555758437
0.6696173392814477
0.29179993476680766
0.7030384127125757
0.3018540896116484
1.0764115429709986
1.1330477641240246
0.9765452750169324
0.62780774478896
0.3625371644157137
0.33149677734266003
0.22229702216477382
0.5644654187401996
0.8235818847746138
0.7680921091758054
0.08690046337611011
0.5044543431514362
0.7536441932795623
0.8931954645347155
0.701445200271085
1.1708006140785925
0.2730706517592336
0.877018731257879
0.830816151500887
0.7068792870520263
0.5909235994941241
0.725769875243593
0.05134094221806243
1.1359489345636615
0.4438605823472291
-2.3959594525868204
0.5502725304080559
0.20676796050451823
-0.17138868132906254
0.7556288139342398
0.07739602064608024
2.3808624875915223
0.7747077689223786
0.2890868658876728
-0.06592242510167956
0.053132308537465804
0.41484408881590235
0.980880299669188
1.0001794485692916
0.6880475096268008
0.1177296936547322
1.4583860635140655
0.17394557763811494
0.14488737083667624
-0.024983193422638196
0.39897647696193766
1.1013089432047418
0.21916778885865695
0.3660985865617161
0.7891020215072038
-0.17125490035235125
0.25078383038740926
0.41317882889017044
0.06340369415786462
0.6581460455037248
0.38829927368626027
1.9133207081332908
-0.07737615897924241
0.8503719189882485
0.04615768323213367
0.4959127690424372
0.24493868733980043
0.813002274266055
0.7182267394257232
0.2649672031236456
-0.1486267642546229
0.5506912028687537
-0.06159699879166077
0.3595553703429991
0.7931391598777008
0.5796617810771886
0.5796416895062233
0.31608184078594087
0.12839240462805895
-1.4292650125093733
0.14151904425444525
0.4134421619468432
0.6353779813961945
0.18096182944726613
0.8764737827310398
1.0261784000208827
1.1028602087955788
0.14331981981526054
0.4040772760450453
0.536817389793152
0.5537904199423338
1.0615351889341293
0.6962975939011293
0.6848235181535104
0.1406266127792212
0.3416559595032091
0.7100855140639442
0.8880484507227052
0.3073871145098026
0.6196029659577975
0.29451308632679785
0.4438629120450253
0.6031635101732272
0.8810846246883587
0.551785303232389
0.7741934624524441
0.4482065081306827
1.1242548402661696
0.8333043082291081
0.5649865964673146
0.10109070347582466
1.2555441342438858
0.6101339712178131
0.25279128788444327
0.21073999521897538
0.5716272229644682
-2.630973363104724
0.568048221144812
0.1377180465442819
0.6004399342457335
1.0725150805372816
0.8919391289569891
-0.23848137472909106
0.29485475867091177
0.25143086668045644
-0.03917721783767894
0.11433774436867968
0.12179030393567795
0.37500351410444155
1.0138046877238271
0.734560409278589
0.22446047201742625
1.176416062278798
0.03806880928930748
0.8410989558010925
0.46713845109848157
1.0367363786171873
0.7312440066081967
0.672976467460642
0.3628906554178159
0.5687208221373756
0.6734726330602763
0.3795064334894779
0.13836228257163027
0.2587378182762217
0.3400975545639013
0.225030706426029
0.34565595793373044
0.062168235699419726
0.7133089693140499
0.6640941528281568
0.7040184785600734
0.11071866425060699
0.15052718996467035
1.423350283836222
0.4248272155326488
0.2162849711125055
0.3621789112244188
0.0749928387227715
-1.872649445337791
0.15998750199030307
0.18364220357815828
0.3043845123675393
2.0725445286360085
0.5111047713336664
2.056191325486987
0.06094795554074236
0.69721489435035
-0.14248895936828448
0.030015438992511623
0.6515404977754559
0.1526746837012047
0.5808622098986084
0.5103787559442384
0.30497417442342406
1.9460098370556087
0.48710233114375046
0.6839246945043106
-0.07563165722801017
0.4558945953823086
1.3018350144209827
0.07013005814937877
0.3431284506500496
0.9148685863137773
-0.12975837626300848
0.5249808674237655
0.41150956200653843
0.9816604692419186
0.39353946792751093
0.082638378371641
0.7862200432612507
0.32994466843120496
1.2375474666930417
0.1337665326268204
0.3313009551075746
0.04970862219298332
0.674895556351466
1.0614038738368936
1.1556155065745803
-0.10361661501336432
0.18011741910940043
-0.07719565893217825
-1.8711964367449672
1.3860455118764674
1.474202549748527
0.7437930078956622
-0.872026725002229
1.4556530368456635
-3.8407988392643078
0.7064666989015651
0.5596389916957277
1.0565924683251098
1.435252816515484
-0.1695688704758289
-0.30703690367518777
-0.2424816848792451
-0.27211701725469734
0.9123472739074858
-0.19582093819353205
0.4242855638770222
0.6888396931203786
2.50037097709103
1.0870574024941977
-1.0639775568486456
2.415641875038567
1.647411429795188
-0.14912648559526537
3.535865004039812
1.5416442638246737
0.2389125443156457
0.4246196775310107
0.31670951930502106
0.2693049353938896
-0.35192565894846717
1.1440117739154718
0.09313799961602723
1.2754430774825014
1.1533375129302816
1.380363390942458
0.11839503350901376
0.5436540355821088
-0.06872051245420878
2.785689059453276
0.5221311840188078
0.4998219952844096
-5.365183047814715
1.0934540711515293
0.48602751350545575
0.6669964122297771
0.2834991978363273
0.50785194154804
-0.8855689256436912
1.0472195545075806
1.1458310698295258
0.63519454310716
0.44029099656133636
1.033034051507215
0.5363774198150901
0.29245175908291776
0.5226387669053599
0.3520686926912812
0.886250014101216
0.9041250127338314
0.6473653865611713
0.3312526741791264
0.9414400558626385
0.498411260493059
0.682041087016106
0.9683728803663657
1.0774803863921876
0.19531661662196886
0.6619123719955707
0.4726822907272106
0.14604229462977839
1.1363063001043057
0.7778927979028811
0.7326837345827744
0.047994518088344776
0.8130788896323335
0.5199596939761244
0.5921215660714492
0.6081406739753182
0.7177589946818081
0.429661807482835
0.5478492040043863
0.20091484790800906
0.6987093290416272
0.550526461465183
-3.048063698832597
1.1319326927797495
-0.07624381683461724
0.18010870429307257
1.6464701139164453
-0.0268630202474218
1.5651968370564096
0.5063063802585807
0.022369348444326607
0.037175645881937225
0.3757005638979561
1.1911269550721821
1.204881901538866
0.8549536289837332
0.8504637459928251
0.6136013197718341
0.5170265076140425
0.9202624018386862
0.29033105295067774
-0.06887201824653338
0.6960994191462393
0.3234238063337227
0.6120296255507338
0.09659348363128259
0.4376078590908362
0.05997615671583322
-0.07115598808347741
0.840351025811922
0.8898411791763644
1.1691462730955364
1.0904666378076868
1.3678342110218766
0.6120922560689572
1.1601548084841218
0.4512200549943868
0.971731266418744
0.5145198277251245
0.8908002892845017
0.2635913842492887
0.22814858458147672
-0.029525834685849458
0.9671885061757521
0.45494709301751035
-1.7968176503284319
0.28056380466490843
0.39779957528856685
0.009756865926170314
0.633037995931054
0.0660355871653
1.1214778120382205
0.9635146687784333
0.5859028487145772
0.2716787518348909
0.34942606913541674
0.7444458017204495
0.768400364709658
0.7941090967529412
0.5748191379026283
0.17452940581574852
0.8309303838775121
0.22799375426649046
0.04156146498798914
0.03650516641095903
1.0511416655097903
0.44437914475054274
0.20598473331283984
0.5415579487245131
1.130742572759434
0.17738889069298475
0.001637214777604952
0.7259360874000308
0.6365236157793738
0.3888592471502339
0.4548054118978002
0.7407698846621807
-0.016568821170128034
1.4084097339534472
0.5439527001205952
0.27072193878551826
0.34385939231738355
1.1817571767728543
0.6095066443604578
0.5066235651853775
-0.003277158085708003
0.41617810069492767
0.37446798521528
-3.8355064465953403
0.6034331975815149
0.6387905278320334
0.17468279782548166
1.3476974918221125
0.09792262790856499
2.236676206310307
0.6712559122193538
0.550388453684611
0.20464029347410453
0.8259480620992826
0.6926638792309824
0.23187949539349229
0.3297525578639888
0.8208361545900784
0.1923121534269006
1.182098821564653
0.2563112158685476
0.6977471954891071
0.2589101442216841
0.3019305428278584
0.6877568807178547
-0.08683200308761385
0.3816055740884575
0.8423996649272947
-0.1623787255641015
0.22426681201203857
0.011475200645935083
0.7279379742052839
1.023901133894968
0.5421327242460183
1.6696436554404168
0.33910179892623565
0.835543441755755
0.03742814886836448
0.22048515741136634
0.07415140337300063
0.2595479153830341
1.257605347772649
0.9424640893203131
-0.045636463780243726
0.9884198065019901
0.34899051030718986
-2.7455797517612437
0.4970187233340594
0.008973117828326826
0.12143284972189748
1.0371689831106305
0.4251992097203293
1.4303037764444901
0.901695514188123
0.3085892295171629
0.1339081143716909
0.13500073134289592
1.2164885497020677
0.8037258556963711
0.26621746555073383
0.9133232094309609
0.48462810000681394
0.2509874180511932
0.899728555915771
0.3699098324073329
0.144679184753243
0.40010159804869094
1.3788091882208382
0.6627483061988945
0.6967701682730977
0.8026939954158095
-0.10262251590703497
-0.0041558251773626455
0.3093253720362784
0.8800204865670235
0.32417695785287615
0.9820596944358061
1.5221019870903894
0.52262248512189
0.4410309113298489
0.07554531789153543
0.9632870158473377
0.45610229629431
0.7588556815957125
0.7065406145365271
0.21116046828699514
0.3797358282237419
0.6861439518977899
0.4732157604787344
-1.0430121750021937
0.4234670135418926
-0.04872625238132017
-0.1084328510768334
0.7461415764819499
-0.010298375084318214
5.043580781729134
0.21914939239076087
0.46921095343563096
-0.3792541963495708
0.06818899977125502
1.2059465970400576
0.49176491303702874
1.5467070121762312
1.205169340865381
0.15942001966687774
0.9607851570359575
0.7148099002857761
0.627244878772967
-0.126245128949044
0.2963130154843819
1.9079826557978166
0.27494964122851456
0.09903808651705806
0.5069376260428533
-0.33012238009688855
0.30265672084005035
0.17112201332427016
0.6990410343908555
0.8487697593591151
0.6892709280897813
1.5160023139203365
-0.10861755838018115
0.6002032215916231
0.007607732749439272
0.002055230648233525
0.11111075109434648
0.6248786924790692
1.1202895366281636
0.2776611402974493
-0.2544110003191361
0.11639980768317139
0.13843782362655505
1.15160447999961
1.0399173218415807
0.1965180079066101
0.405168631622689
0.550758919018766
0.8568433543984221
0.7559890837692121
0.01838726829405108
0.38575413754415955
0.6071370635827447
0.0949204902950321
0.470834173862839
1.1459861305275445
0.3534000387953144
1.4511463600837415
0.7390977540348713
1.3761321381232658
0.8438776853031353
0.3797360361445738
0.7197979360736633
0.16173619490371893
1.305963323769489
0.31347908984875494
0.07338978647775768
0.516110561058148
0.3932599790076192
0.15455312506356314
0.017641425447819156
0.6268662600066881
1.1184695395938835
0.20020915366887218
0.31025508305258687
0.16717118955955912
0.31289732933400727
0.08295504953219125
0.8799651378052517
0.028177449226852825
0.027738630621745818
1.1942471948300268
0.7828628884484485
0.3472106699120521
0.6706033904342442
0.35737360721693373
-1.6052101589271972
0.33431915862558603
0.07291486584112959
-0.034839256763151166
1.459093423296472
-0.21302361118218216
1.9123304548497377
0.3584819713315148
0.029909643458262
-0.131913670514262
0.30653544580013703
0.6480949463974873
0.5694123146456798
1.8995332096878677
0.7361282166860251
0.05895504764866605
1.7474088333329656
0.7778621970359987
0.23565201470855787
0.21485238553624764
0.1342501360854217
0.7798402640903807
0.3075145895149755
-0.10205060096716455
0.17091467502775096
-0.21164219856945427
0.08733710449074508
-0.07356216546781058
0.29895586937257307
1.1303230902481638
0.793275457032623
1.1545263710525344
0.4152375118902073
1.2231243268542096
-0.06853003692444963
0.5585638894412226
-0.1278834922721011
0.09864714812246868
0.990798732745972
0.8025246215613747
-0.075804412243976
0.4084623927773707
0.4464897684502259
-0.949776152144868
0.8659810327936568
0.7262501850735585
1.575249792157474
-1.2974314382379835
0.8716536568486414
-4.082668600759357
0.15922930034940738
2.8464734115427315
2.2296572291426324
0.7753750117852204
-0.5748660146682408
-0.5765856692413749
-0.6122555736118986
-0.3482634171407257
0.8267635495721869
-0.6579528720058372
0.17122048770082646
0.690778453043266
1.7690461501809713
0.6442018580206151
-1.6552997846684447
0.7478023974730478
1.1711690104530956
-0.6288680620764959
2.2391252037483067
1.7043640938998166
0.3751297508552885
0.5524034564130363
-0.1327532038838786
1.1176282363093761
-0.42717724574877075
0.9088642417979175
-0.32433633156185077
1.1648999091503704
1.0562973605135417
1.0232644827237398
0.6103174628620093
0.19705570297471248
-0.46218673843918745
3.969997338849614
1.349113919719123
1.3903878652182033
-6.652364344841649
0.5625520831578489
0.4557382369459674
0.750354380362133
1.5235635266496985
0.8855788128175636
-0.3654073627127569
0.5304216993847257
1.1512080724767353
0.3483396690035138
0.8853906180761199
1.150756890032269
0.6744996056924886
0.5429454075925894
0.7847488381086429
0.7300310119772929
1.1238238108303567
1.0367026546460332
0.3408365809848007
0.0895171290167508
0.9873644727128198
0.6027779822277911
0.42261646246978574
0.26728190335120144
0.2591608301623519
0.6629988866939217
0.8363916292794885
0.26586927764234114
0.7116623886442457
0.39096641244275787
1.0680017752137476
1.5585765909914369
0.7387233814028498
0.5917698343444656
0.6597467701631604
0.6800497411310662
0.17511581616771724
0.435565336320673
1.497823532102477
0.1924104166109326
0.2946342676804912
1.1643721074125777
0.9333956026538482
-2.313168008512172
0.1710928696393229
0.9184328220195286
0.7402608234050804
0.8932314842930268
0.6491656186232743
0.14739633360795626
0.26839285411410746
0.0976131073519703
-0.01907144955287439
0.45153858453417345
0.5937614491738402
0.9569156391882261
0.5247754673769202
0.385500556582264
0.47779101503036797
0.307624748253173
0.45909876766802743
0.9324576528331976
0.8366362534037985
0.5309422653158933
0.7558477816947131
0.16969628711848148
0.0016219824209245564
0.48478161472303766
0.11179216097913441
0.5406137875000806
0.21541816063051222
0.658782307201951
0.5074048845573269
0.440540806674654
1.4733095450050955
0.6227108185291751
0.5569442137729428
0.4511198800764129
0.2225955990611394
-0.045838016257314804
0.9321841879154739
0.3350919465370386
0.5700937222471153
0.2800450163935284
0.14216617884058053
0.731250233143647
-1.7576019707644681
0.48440675352224893
0.12426865588584592
0.6499244426360725
0.8073835448622657
-0.04082113000485984
1.8890838487492427
0.8220606702994088
0.7108208695695803
0.31402207385776193
0.7924712414408336
1.1058488321019313
0.3037236518546524
1.430930021511515
1.2171083817146224
0.3134193132585093
1.0808957753680275
0.9963995058819606
0.8590527996225671
-0.09051659387389412
0.6582331674123065
0.7706737619223242
0.707049953515076
0.15408535709984303
0.8120552972014746
-0.0137997762266322
0.4979085878674624
0.2511953651538232
0.06747756415823374
0.2885984709052909
0.17366160714027745
0.5562082784634839
0.3278756596163141
1.2953699285444529
0.0838815853908869
0.8504905085718187
0.49507509914821024
0.9783380685228491
0.6655281565587969
0.7435971811954972
0.42789953059105823
0.04726581900936614
0.19706403821019497
-0.8272450109626291
0.6158106750224512
0.4985747844041678
-0.010688607369095927
0.718878040150504
0.5819198444278756
1.7467007181115066
0.7876027873396633
0.670479672928487
0.08487477499562206
-0.03470337577506042
0.7652214068152459
0.427495657266248
1.2443754980621853
1.6129484128529452
0.029491931162696012
0.5596507287713908
0.0211873797302551
0.923202777605175
-0.08743841278019794
0.004538163687677136
0.9249428116012968
0.3992509741152366
0.42867489631521544
0.35700950445643453
0.19415870642465746
0.2530923635770125
0.553858430582513
0.9884354574395179
0.2008287970601569
1.1548490217867755
1.2742322378761957
0.38742410225847623
1.4210336516171136
0.3440858097044221
0.2484555204829787
0.4807132421349666
0.3506366409493269
1.2675397256090029
1.2237069052275265
0.2555422968186048
0.6516840679673792
0.6711472708798253
-0.5241230473242077
0.3753600055584518
0.16009821252809542
-0.03336826806015285
1.4275260806018604
-0.03548576117406846
3.5661622806948
0.48674702275628157
0.6317062516983587
-0.3218076247827954
0.6303561481953303
1.0137981246631886
0.9302330873264193
0.31384294019932496
0.8795883698008289
0.28406438365803516
1.399040469865509
0.6460559127886802
0.057558873107497584
-0.0828321428837578
0.2739277047483209
0.6443282687841028
-0.17601640299524135
0.3488903735963162
0.8864321425250599
-0.000621145246038923
0.43092781532946073
0.20827080268159104
0.37098073734395914
0.42570890059412736
0.9483673271818971
2.0376259867899957
0.19459896216612943
1.064162222828367
-0.03136365767064481
0.6691281826549523
0.015490010196654165
-0.019651285488652397
1.1593296419706705
0.3944720737158741
-0.10121502257467782
0.5713085894310127
-0.16642976013771452
-0.5197269756546484
0.42744217461144735
0.7331423597258039
0.6819241044327686
0.441514670298083
0.2489842490930588
-0.7986364430907564
0.673210000663028
1.3578915729036112
1.0851824583509166
1.2104700567713775
0.7844133565776583
0.8049895777529535
0.15041453071671793
0.9153413651315815
0.7323549379703375
0.31986373985275124
1.153162619095374
0.6792357610904917
0.6215669963984092
0.4753191051287392
0.3772077138153729
0.8483311051638114
0.9225056807852458
0.7171600806989986
0.8849582110935712
1.170890864336994
0.6634744882823459
0.9405216860589202
0.7644729846256018
0.5336294328408705
0.06831445294774331
0.6300685485831532
0.6893273631183499
0.20949945275239
0.9914330894376804
1.180797470495998
0.5857660735861687
0.8318038962893197
0.11635192085161421
1.196905932098894
1.0327050542422058
0.47791269789389274
-4.694972188944401
0.1930020746073038
0.3329884989735626
-0.05948505431422941
0.641388186561417
0.5042164408380521
0.2606329378183197
0.17701870227071592
0.5600717872830597
0.45608899227357935
0.6694983354894227
0.5477655915456102
0.9299638001117634
1.414576229451262
1.6309956272103714
0.14320531990968088
1.4115990030076855
0.69425661729675
0.3350498066964334
0.4833577439167057
0.05156200607637374
0.7256299148099439
0.33763473481131595
0.14157904380670858
0.5929970145303048
-0.025002837911522944
0.34640767711506487
0.3075317160745471
0.5352907705288453
0.1591155456656182
0.31591870591026616
0.37267801635259895
0.41654231612869963
1.2921951229665554
0.47534252813330163
0.792490772332128
0.6515789692499784
0.4978115404315227
0.375815550220307
1.3323668019071568
0.5889762581685011
0.5113623900588349
0.7436341606910732
-1.1940067805232681
0.11287874720486002
0.1937485527078637
0.3899947196503024
1.3851797461282376
0.664598235591136
1.0941780397435699
0.25405998380784484
0.5581842823175146
-0.12247794517348562
0.4775585955410667
0.2843625167996735
0.48920245741997864
0.48101603927550524
0.43049475928301745
0.14171482290397822
1.278345872689781
0.05871798515408115
0.2168503688320817
0.30957441266682534
0.39285102347033796
1.28247905057152
0.3391021812880488
0.3786416867951904
0.8767261798532515
0.1474417104058718
0.3966292566377596
0.8415873299961669
0.12317626656908502
0.32431697465276377
0.18844201373943978
0.3570442006356687
0.566808838784694
0.29193723642055874
0.07731224148140664
0.15958977860480741
0.4466206083866333
0.9705901772720013
0.72277750351754
0.7298362306848466
0.2770958129202239
0.5084881727530449
0.5201727462574591
-1.2489993014539926
