Architecture: escape_chain
Number of States: 38
Parameters:
-14.99542019630667
-15.0
-14.907579559284608
-15.0
-15.0
-15.0
-5.509138275422296
-6.22732397473774
-5.1038062213059785
-5.097699148213415
-4.236162336992608
-4.372598275521022
-3.9528109510064975
-3.0602713093194085
-3.063383641540474
-2.6217205701240136
-2.311896459020137
-2.481245580630535
-2.0852138702631167
-1.6242951204126608
-1.8104880710378455
-1.7749678713688153
-1.3720778372691353
-1.1537074061353987
-0.816643952079347
-0.7921789385978976
-1.7271920684156072
-0.4992275817908011
-0.2876024640632009
-4.309458202091587e-05
0.003674812665351759
-0.03854032389257664
-7.640033959964627
-7.530499770949808
6.561982776015247
0.255896063236973
0.0774742633919766
