Architecture: combined
Number of States: 24
Parameters:
0.7150655527968804
-15.0
0.7154212333499733
-12.846899724040666
0.7165026384905536
-13.356208855638668
0.7349859696957362
-7.941663852148117
0.7285861029430892
-9.852773211132376
0.7369596801785544
-7.982626761023423
0.7342778818681295
-3.2135390231779644
0.7048003593331984
-2.7431781259637438
0.6853999505017654
-2.8781183569750004
0.7048018602581949
-4.090095889881812
0.10177080213728615
-0.0720559770973179
-0.10681516709473685
-10.156989935173222
-0.09752788477909587
-7.389432765434098
-0.10971627062066874
-11.462218931254846
-0.11304853842760106
-12.228553976892602
-0.1103661977272695
-11.506582384472146
-0.12337093690010797
-8.918158685396541
-0.10800080564121024
-9.643340770859144
-0.10191988103567245
-8.63328319913744
-0.12395842627487284
-10.615820755872614
-0.10923399610564662
-12.170210675973307
-0.12005137922927901
-12.15284694424213
6.136164778207532
-7.169520732325078
