Architecture: combined
Number of States: 24
Parameters:
-2.253032636524735
-7.671090334778522
-2.2937755930343777
-8.777873535145854
12.712529128938915
-15.0
-4.541202628994856
-10.764547373803213
-3.484678164573616
-2.681079383661552
2.4983521231292176
-10.886970584400808
12.035575195577309
-14.939381854053737
7.955434456120715
-13.820424019899761
-10.921081865483698
-8.5133284952802
6.162338807753783
-9.865905987950347
6.921851677326448
-11.831067955164192
6.844864398572139
-10.507789136943689
4.861729340352753
-7.823570292597848
5.305308391796542
-10.361531523843778
5.168459198056605
-5.548959643554499
4.287835855302298
-6.349336796208106
3.004953751618065
-4.9792812629553485
3.079746404625268
-4.118084246515049
2.7247972767125073
-3.338786391103127
0.5675508741067085
-0.5145849300018015
-3.121457631037423
3.907802010248445
-4.720500898704319
5.698702754315452
7.2242708116513805
-6.27458042808208
