Architecture: combined
Number of States: 18
Parameters:
0.14183590534050228
0.42674733426727574
0.99476697987244
0.3156233158293068
0.4845711522105842
0.16926941756840674
0.7826139851321574
0.5948838666603182
0.5325561217692001
0.6170861192746552
0.5627844013361358
0.6666886176478535
0.6038097816896044
0.6329616428570359
0.37574383439729
0.978372490512416
0.4003552800608373
0.503737581771657
0.2942336165274503
0.38126773691597415
0.31089661218281683
0.17149070939487998
0.21711888462981066
0.5488825414135758
0.3906419453293871
0.926934014291466
0.21156732438749304
0.8344271544370827
0.9318120526228265
0.7474804542589469
0.042294786771250203
0.5574549628816412
0.7663459796335745
0.10891900972061752
