Architecture: k-jumps
Number of States: 26
Parameters:
8.75197589277413
-8.25508684485462
8.117478224853707
-7.119321658084638
7.667808224612381
-6.781821553702116
5.375485870797364
-8.172555715248283
6.119275797731621
5.298927189120982
-7.713011943342947
0.16125676414236934
7.0593310844323
-6.746875312997
-1.785974443164725
1.6481423991477167
-2.464283234385095
-7.915745818241436
6.228051916968286
1.2997944820424188
-6.496539307165707
6.348142414027776
3.3548351156470106
-5.305033962342423
5.6105567855956
3.385773726637735
-2.8814321817645614
2.4152117953385934
1.565964391495172
3.8950502469659085
-3.245396634270997
0.5932515325878026
-0.7674075571976391
-0.684735250209052
-1.4269139616592963
4.101115479965838
-1.2334023230887063
0.4559096282767771
2.33084561157418
0.12240306028833571
0.7435890275100469
1.0124236922898495
0.8883721980078126
0.5284262756724205
1.030762186744205
0.9501364738003476
0.36929222684504337
0.26254605639274725
0.5156310427596554
0.6917200727034706
0.5188709661522665
0.915961748663744
0.3418959902682485
0.48337101045703557
0.9574742363372589
0.412762653175855
0.3672451420412737
0.019436275652124115
0.8234488204786101
0.3467751844388962
0.07522605999039678
0.9543423431188794
0.7561833807635301
0.928474427567361
0.24278861364402457
0.24223426618310379
0.848112417864114
0.7550769335745718
0.9101832349884311
0.9763978155314162
0.7439577847667541
0.5971708755074964
