Architecture: combined
Number of States: 14
Parameters:
0.9588839704109576
-1.6610517813493633
0.9349928510727841
-1.6047512649068083
0.9463396591570824
-1.514118162499191
0.9228052077764161
-1.4450374880335441
0.9495205676520171
-1.3419344029347606
0.9134955847185467
-1.2274600917966394
0.8864399630998403
-0.9585910034473093
0.9886306845636704
-4.379064777288951
0.48374602157159435
0.01950823428375941
1.170645407967996
-6.39118888188235
1.1466545116670033
-3.1672006784942006
1.2038382661439138
-4.816161873384105
6.172269722203163
-6.464384340417041
