Architecture: cyclic
Number of States: 26
Parameters:
1.611198818244841
0.6289542521076582
0.6249025728244337
0.6207350962019601
0.6221839887021224
0.6227347517943236
0.6234496703883907
0.6200039437740457
0.62303132468903
0.6246952467818122
0.622734743341179
0.6269774123387097
0.609727498407456
0.6236721568955267
0.6244247066206046
0.6221192648033537
0.6231942710894285
0.6288031337547462
0.6260780096221076
0.6234602894990743
0.6238217585746981
0.6203316983030526
0.6241658749517007
0.6216914152931399
0.6199128435756582
