Architecture: escape_chain
Number of States: 34
Parameters:
-12.98112079304489
-12.988941542354654
-12.969281259387405
-12.959585403758947
-12.965566321873403
-12.981351246652947
-12.984673918500022
-12.95590030255023
-4.8216584552938535
-6.176592051766995
-4.109371822642036
-4.383648972504294
-3.755093948017735
-3.345583416852737
-2.801421157706075
-2.6990161645514963
-2.3470162121993177
-2.491960921315218
-1.7285235767144222
-1.7351136423323377
-2.311592800275406
-1.5443685787776904
-1.211967206376898
-1.4401314386399324
-0.6547977965368847
-0.4041856043952583
-1.2513863309363176
-1.0590604618735897
-0.6335729877368971
0.8757873479342323
6.306094152557322
0.7174654040140932
0.5341296897785837
