Architecture: combined
Number of States: 30
Parameters:
14.968638028654317
-15.0
14.96902791248289
-15.0
14.999980707576238
-15.0
6.304308061732322
-9.456054635756901
0.16253489810721258
-14.479074652873884
0.08900950688800009
-4.733547783411115
6.565790012712906
-9.128700224347156
6.3853758928341575
-11.255600357626314
6.31740725402875
2.3930926928342844
7.9073630419254535
-5.5548462203501945
6.173327716541176
2.9084181786814836
2.8241127027826276
-5.070382370346519
2.0810371426495853
-0.9849903540874904
2.6360795325748207
0.6950667953848931
1.8805484234729417
-5.072334693314681
1.6922205571415228
0.480890439015183
0.4126562101841738
-5.4632765201702975
-0.42094596377994953
-0.26706737062896985
0.7852543561106226
-2.4172479174581722
0.556054790948245
-4.44919481909349
-0.3364262599347652
1.8781439280200243
-1.0300912451619684
2.603737598283072
-0.04989082602820971
1.1603876485996496
-0.19765006885475922
1.1881383697468846
0.4996519549196868
0.5518636852375843
0.012444198535106518
0.5765742117335109
0.6070662578332681
0.9374802842434301
0.631926528038814
0.6295528986411362
0.700028836361894
0.5804395773398748
