Architecture: combined
Number of States: 42
Parameters:
5.99896389290651
-6.638151501654276
3.990997504945802
-7.896907946432758
5.6966164437018625
-6.843317321834101
5.044674112738242
-7.25755534401177
5.206788291957963
-7.215281131276279
2.5958168355986304
-8.52407299373676
1.9604762519405103
-3.3117524162343286
2.040207672782654
-4.29198260613244
1.8209461305120758
-2.870352957249134
2.235092638598844
-2.891750317827811
1.8779069299498357
-1.8156783435388917
1.8159151141433698
-2.9284051447629245
1.8882517746711478
-1.4235244798883997
1.8546754289661753
-0.33983192478037105
1.8228770540176509
-3.600802906868479
2.185357262678777
0.6949001079425061
1.495900942403218
-0.9224562115525079
5.783822297914344
-1.8929231968915727
1.988416254528803
1.641779248804668
1.027954762994249
-4.042212792817888
1.3143565631450271
-4.862524257007736
-0.09982571946971897
1.1116830833845714
0.8993239278074755
-1.4080260803731182
1.6725259763446234
-2.8017958780375647
3.683720649939152
-3.4739939371615316
-1.4413341660433523
3.145669232636709
0.0950379432607871
1.6877653896790876
0.659406238310618
1.2511560467864982
0.041502384951571956
0.920470797039709
-0.09738082027624655
0.611048325803333
-0.024407551566249883
0.6955673919522614
0.4905785783657363
0.6647728567853711
0.14385397717187812
0.877380841061207
0.6645452316115523
0.5928722224672069
0.7802809275110367
0.02715731571878303
0.9392888842964255
0.5792534761870791
0.10748696748141462
0.06261522726317392
0.4284079363475629
0.6234139037879826
0.09306514094088547
0.7654161273774087
0.3954834776302164
0.09866154336387045
0.3126427670719836
0.3891539157211381
