Architecture: chain
Number of States: 38
Parameters:
0.8182577906064292
0.1077068772622396
0.3229985051911729
0.9816352431579654
0.6764462616252142
0.7997429043259285
0.9284997611383576
0.39907099738519536
0.7738485061607148
0.3063889418940965
0.9180857783074061
0.5412982800144349
0.3167274423413383
0.44446576014245953
0.19291012253805462
0.2054883743545507
0.9140321284495941
0.259104087499203
0.3612976473478331
0.568539663325915
0.05103676683096103
0.5437293726375156
0.0807201373018358
0.9168544556731555
0.7384730910381239
0.10103101701663031
0.9595437314235516
0.9672868219762988
0.7441125585832402
0.4215606977950065
0.2867410987036779
0.06774614019468128
0.9918567989263674
0.144654596382906
0.17765538502422806
0.33413297579077916
0.4832163649704969
