Architecture: chain
Number of States: 26
Parameters:
-2.359648025545402
-2.260470185327927
-2.353782703387658
-2.5281282530475737
-2.523269792389397
-2.2557858264403334
-2.2778918275695426
-2.4639739651676167
-2.3119647165169845
-2.289424748069231
-2.3910477983250615
-2.255853142230822
-2.303635268899243
-2.2991840769102807
-2.481878651086754
-2.26207692929812
-2.385842380881279
-2.2555019046925238
-2.2964161866427606
-2.3281573471011656
-2.3429560678595505
-2.494471238462531
-2.406889740092132
-2.2636450397864105
-2.2590367152193798
