Architecture: combined
Number of States: 14
Parameters:
-3.4010326359179888
-14.988480348119936
-3.4343060630195037
-8.06098554011673
-3.2929459285834537
-7.456623946141386
2.177057622098172
-10.624634709152003
-3.4025712173007
-9.648319552774234
-4.189344534216942
-4.3005196260655
-6.244064162248359
-9.407795851007709
0.6838573577005244
-10.385059617470983
-5.948529298889495
-3.188407167370387
-2.917591629134305
-5.885446352124787
-1.5842457446501064
-11.966609819930728
-7.665917679430257
-13.123812925062037
1.3743730068242257
-5.314526507358137
