Architecture: k-jumps
Number of States: 16
Parameters:
0.05334875867626421
0.686012530866578
0.19393150135681525
0.18481636801370782
0.646227830011761
0.3249095578933855
0.6408253375064001
0.21804288808161154
0.8382078530048486
0.9760348581865703
0.3717292193526459
0.3311645894301164
0.6771460390530478
0.4262261242971208
0.14331714049372413
0.06602092279921368
0.48955761787897467
0.10504936518426033
0.22696932005559534
0.5157696635846136
0.9789596717979575
0.8043794299478555
0.9168154687891045
0.2853840281500849
0.07021864168734804
0.09809841599861957
0.1859887945039954
0.4426279952670371
0.1867164910112611
0.9824867424580876
0.22483183271380414
0.9241715634251452
0.057326202592812514
0.6125867090770077
0.20082547429940234
0.11690487011894524
0.2661490355033005
0.6631517013002719
