Architecture: combined
Number of States: 18
Parameters:
14.938914681326324
-15.0
14.999798066759856
-15.0
14.999313821893455
-15.0
-3.3243267138843953
-14.500296094027778
-3.322184353383175
-14.859525433448486
-3.325761523342255
-15.0
-3.324791582522971
-15.0
-3.324092169071347
-15.0
9.635602229307862
-12.121854547995339
-3.3249949207551204
-15.0
-3.3236161686232855
-15.0
-3.325815908055518
-15.0
-3.323333729931235
-15.0
-3.3252310057926593
-15.0
-3.324301739286049
-15.0
-3.325454037522291
-14.227436189562907
14.999460390899943
-15.0
