Architecture: k-jumps
Number of States: 38
Parameters:
5.890742233080632
-7.508326122516419
0.8276868649082713
-10.142042406997026
5.883324402132807
-7.312229847502047
0.7531886779476498
-11.598368486928857
0.7252519014370543
-11.018135747474293
3.90737645333125
-6.844184928383285
-6.29040807879465
2.6682267329237757
-1.8984447293125517
-8.225917953623416
0.1784067329901688
-7.954210344306025
-10.164757497797416
0.29348590107928985
-3.0611538675858005
-11.73415822901093
1.0810109749831613
-3.4012859789656895
-9.574881730213997
0.3140077326420335
-2.410326470833952
-8.777631597852007
0.2592674800537337
-6.91489009981039
-7.561475118526524
-0.2036295750569807
-0.5358098863993955
-11.23246885605841
-0.021268045729225166
-1.5985072505202054
-7.734398936800029
5.200032981101853
-4.252430011713456
-5.465954264830283
5.363906198371866
-1.2793685369224443
-5.110174054871637
10.248527704643662
-8.046044484028316
-4.33039354145226
-0.21840453989458536
5.264247768896868
-2.8463982198325404
-0.01509503661197275
2.746597201356317
-0.9192486828554228
0.12892074325896286
1.6949808455720008
0.16638210125308298
-0.016007759209280627
0.679568016902498
0.5674985223716956
0.9004547853496357
0.5917571292505545
0.5073812192155103
0.6196397519090506
0.18228785723555407
0.8114749817941035
0.5034871064405502
0.4672395313616138
0.49087120539134266
0.9896476310725072
0.03112927345211265
0.9098280811270273
0.6585287810134751
0.8032824752059625
0.3281597955358686
0.0766864875406874
0.1326662257211146
0.46490630101374897
0.43760923243782146
0.9698342485833097
0.4968156731974475
0.3072545371652438
0.1632702288478287
0.4991986149149534
0.48085563539615184
0.5820312693137043
0.3305436140746948
0.5548925640980789
0.6565417351788764
0.35636171945625095
0.14996548582786207
0.6541323587046948
0.02774974899547067
0.7688623587173091
0.8142124123411287
0.40599792712492855
0.07519290321534378
0.31997783811332114
0.8338504758164536
0.8594987398748568
0.023680522533642168
0.9294448110923924
0.009981246854887993
0.31918559190607365
0.925604974031287
0.5166716224825301
0.917912279863011
0.5083534419297665
