Architecture: escape_chain
Number of States: 50
Parameters:
-15.0
-15.0
-15.0
-15.0
-15.0
-15.0
-5.514650466935421
-6.18726809224505
-5.507477059785654
-5.098452686354405
-15.0
-5.09516136700957
-4.798548720918195
-3.515857506313107
-2.761434641122665
-2.6585598349834725
-2.4796546579805074
-2.4267055257250143
-2.050303772545554
-1.6290662468203965
-1.9997220743620525
-2.0552028927751564
-1.6393569254020441
-1.1784869761715853
-0.9983389513144594
-0.5389743730835852
-1.3861522769258132
-0.42284505418167695
-0.20491083181342132
0.5083860558880327
-0.005841399049663234
-7.748780425806969
-7.685244033808451
-7.507950645438671
6.448521590311479
0.13941637080637959
0.3257238324676345
0.953621927921913
0.1578052865146259
0.215386927594044
0.616113727393391
0.6561226958837721
0.5768616857276121
0.8991190199428937
0.20050915748903775
0.19909058404133873
0.6906842000189753
0.12690793875758122
0.33475741389893177
