Architecture: k-jumps
Number of States: 44
Parameters:
6.223161133437615
-8.733325653516957
5.550256823664121
-8.83070026770162
6.07987933789696
-8.682599528971144
6.188879675379373
-8.659650648845899
3.9012903809220574
-8.496119533808088
0.19365550319371036
-11.091478513377309
0.13458247632493592
-4.424951833303313
5.158139891995186
-3.9848738246170172
-6.535254998690338
0.034961004439730714
-3.4391665958649815
-10.283418160002343
0.13007517760039985
-10.511779447641159
-8.800857949189007
0.11268521331306296
-2.2342039606599022
-14.107430904914645
8.867493596437374
-9.329482626860768
-3.9852915996165272
3.029162327846353
1.43987083039009
-7.933932846651527
2.729131236595848
1.0250585317635732
-8.73767914079687
-0.2020771089363776
-1.2867169723664424
-9.239699829302012
0.13351023248483768
-2.8503321678065032
-10.45547330716938
3.6085561922195177
-4.357381702016008
-8.434635842498732
-1.0392754586010622
5.983183009331898
-5.867881582314136
1.2706422701180793
2.760774236712877
-1.9699633569473105
0.04805822669152504
3.0950818632849035
-0.6871153634257554
0.28362345270306416
1.2641736279270195
0.36293004104736154
0.33302401811118326
1.0086839050626573
0.10707315852314035
0.3049485268376451
0.38460630761222864
0.6134089357242808
-0.002982296001211079
0.3770182098658978
0.681877164646158
0.8105990024594485
0.39057281037203245
0.774448754313125
0.8355145826184466
0.8130552306362978
0.9464894827424536
0.45350485459121087
0.5667189925753863
0.6349820011250364
0.5670113223800117
0.22399908838932167
0.6609346102773017
0.3239044419200819
0.9460242016155017
0.11290033075306659
0.4600890624788687
0.38049610612266616
0.018419360927523276
0.3388707724766462
0.12607399933641228
0.5683460880663089
0.45543970166042536
0.2658001247833224
0.4820209116029772
0.1771685282787524
0.9280465380996178
0.4783257919351964
0.6886643701252492
0.4813097128017443
0.728969080088199
0.847391034611567
0.6965500851227932
0.87593579487899
0.05800348620537399
0.674649883360496
0.04555402823464927
0.8875106518970667
0.7581455902260693
0.5528525901947446
0.22677865128010788
0.5897365651427525
0.3342953722608002
0.6357361807033054
0.8869928771430299
0.6285465009208205
0.13389962806001166
0.11381305560442212
0.5237237636277667
0.894329764054148
0.4629795179741861
0.9129713688369634
0.9800006855958964
0.08287279880384035
0.8448167942143007
0.8132897231811826
0.5578142310684225
0.6404890208834125
