Architecture: k-jumps
Number of States: 16
Parameters:
0.44992310629933135
-1.9925291218114116
0.4333155172209715
-2.007132577565387
0.4458838669843281
-1.4506549633417045
0.6957984217325034
-14.999990722796005
0.41856208996268435
-0.7693166109106149
0.7220838787145739
-2.5668402986089185
-8.339556109004706
3.2962753723011624
-2.6811623429176463
-4.447256610706014
0.30008964724136483
-0.24714677569601
-8.201067484045955
0.6444974043726013
-3.3941490750433774
-7.398015069466692
0.5840612825796321
-15.0
-10.370465928315957
7.3764023084647885
0.35546022961973994
-14.223325196991686
-2.308593224914329
12.683684449753768
-5.410365365053532
-1.0371244934767263
4.4584493322130205
-1.6412767597678988
0.24955787462448942
1.5706750781338499
0.4254586387387087
1.0649445670629458
0.0033407433876811955
0.7489319304960962
