Architecture: full
Number of States: 38
Parameters:
3.699685318633061
-15.0
-2.5543061688328788
4.053058151885099
11.73674750625424
2.5647583170731774
1.9573249437862343
-15.0
-3.9218837266004933
-2.541075100004167
1.4968000919477287
-1.5469791646716486
2.8593889192083477
3.2359924077162336
4.440447632640418
-5.006303118005446
-0.7301799021287999
-3.901164796757522
-15.0
1.6825942147719202
-0.5578787627537424
-0.2536831383371204
-0.3813834820429522
-5.417119730915007
-4.464581050988053
-15.0
0.7095880467643615
-4.112182601645312
-5.897870385451918
4.132870976185438
4.135860512577281
-15.0
0.7851287812628844
1.6417345525321292
15.0
3.6214184934068245
-15.0
0.5591798564377819
-0.16868894497374093
1.3539873941081464
0.6153704185782373
0.21848865666809825
0.46936067675193455
0.5468857565209685
-0.40160796130445886
0.31451257885756456
0.7884786000779478
1.3558091058392192
0.6173039145817637
0.7455362486849344
0.7116558680968798
0.270614789225891
0.12895276906973407
0.42981636396245343
0.3489863418551022
0.32651080299603674
0.6756211942663187
0.27753985504993184
0.3481558034239305
0.5422446678697551
-0.44467143944277776
1.2938312108161303
1.5929719106757165
0.14561459530158719
1.050508328573571
0.2887084964429263
1.3664746778383383
0.595502892354399
0.2572377249763046
0.4649395480784911
0.8106430708477945
0.9896166235356155
1.3867661627110035
-3.2353404895189843
-0.3200073052572392
3.309544613476774
-0.15530073475945128
-0.048164705350061426
-0.9452724425781016
-0.0887290457464837
0.2235984470562872
13.150119649848277
0.4441514470195699
1.308516676194634
-0.0005003083499679328
-0.29229879111550505
-0.54736685320886
0.03727037605915856
-0.26765016332070213
0.3474132954592619
0.6106974988853507
-0.5480313599827639
-0.40272424169479626
-0.0906139385715073
-0.008297370818343863
-0.1730218757573805
0.3570991917835434
1.7954112806949736
0.31601731778732756
-0.5391206410593663
0.628959294463952
0.15536128443218286
0.31337880319091965
-0.38354086309714114
-0.12802968441443366
1.9886418865511757
-0.15495585735314027
-0.07715557107633583
-0.8774990895671161
-0.33452351654135626
0.044877357553020386
0.7026157574884231
0.24352425080843826
0.8342851329693108
0.5019534235653719
-0.30409874006307397
0.7543989486160881
-0.013173011203844166
-0.08043185243946968
0.614161512905482
1.0258490093562087
1.0209190050028565
0.5792881159984052
0.8382142148017947
0.7188669432148804
0.48335986349106375
1.621841426254458
0.7404194636904579
0.27026140267758364
-0.011021285463422438
0.7955707741291845
0.7925497613652899
0.9245499290714175
1.1405042130312144
-0.5202774802225794
1.652373334581294
0.5669973460520947
0.6455278726078141
1.3560459947182855
1.4209288145191352
0.8232623503420808
0.05605591585154579
0.7596721700703333
0.4966592646560682
0.31669586558609786
-0.09584366528094264
0.8539651128289385
-1.3012994936202937
0.23130935806401068
1.0783019917043295
0.7303014749078441
0.6499638286491554
0.05447894631535701
0.6604301826449446
0.7099300815462916
-0.22509181583496043
0.23858205270049973
1.4479633171027162
0.14790835846225514
0.5934195858947605
0.6675378677983349
0.08610576895637465
0.37142458387230076
0.7984318611574931
0.20042366070317424
0.5998325902122248
-0.04468747935021464
0.42121937567676815
0.4784959117614187
0.4981817892380158
1.2330010293423297
-0.1155614589775511
0.8049913606493915
0.11295386067257766
0.18020319745829955
0.4381029356942345
0.7178524999646011
0.27141268291798204
0.05165634098611505
1.5047484070232293
0.7725363057495106
0.7711536864341388
0.11006439281164851
0.13682765560881174
-0.6709279434647965
1.8854433402268302
-1.639217707748735
0.1389588115630423
-0.2345472443195497
10.906401788930818
0.1991741360350618
-0.1809597070493782
-3.987978921585683
-0.23401483308030566
-0.9406693764558856
0.5031458071322114
-0.30051763017409766
1.9768072544947315
0.4843875597879814
2.411090150780903
-2.7131383003094514
0.22372045692506587
1.9790060064658133
5.974581823952714
0.6402065560804221
0.1841625808442227
1.241677879205712
-0.22563251353854077
-3.3500540527529545
-1.239456461514297
10.845063486084605
0.27456804137131985
-0.1908366474598105
-0.37953770746701987
-1.288948600867453
0.39649087410257206
-2.0783774786896845
0.3224640392844751
-7.299188441120167
8.412170388973223
0.7126861346050757
-6.156150261888292
0.3025113310571411
1.2005499409651594
0.8695138205263575
-0.1567522104631453
-0.0907978248179036
0.25779061199143943
0.7442542207216387
0.7642865344535213
1.0037660600370195
0.7779844466402328
0.11804865422251334
0.3091057191487261
0.20465621615160853
0.26098879746361925
-0.02639971057119622
1.7457315246027347
1.1028877188438289
0.22795342015415357
0.021945394171851346
-0.03168327027760138
0.08847572626489186
0.22273724124751793
0.2330614820731986
0.4440036299997942
0.44164999299134794
0.2645049831654696
0.8822116604585648
0.6995160938429104
0.4949016557331313
0.268096895638859
0.3694259291746757
2.716160596014563
0.46721018090515726
0.0778320804127543
-0.30763582426635044
0.1941928650597523
-0.451426606955403
0.2740497488801451
2.9632768983377007
0.3199913684019382
0.38924984105249216
-0.1711828958452586
0.4256107799258618
0.4237758000403508
1.8581481947020702
0.14411889815306544
0.41555596250638255
-0.08548200356518607
0.25274737603224434
0.4526899754638126
0.33792107229274365
0.2615863489518575
1.0907490374161086
0.27936741624769706
0.26764886970499396
0.005122188267425092
3.438672727841541e-05
0.5496329254959309
-0.05405047873505461
0.5702714998850522
1.1381616546095197
1.8961022279420159
0.24370786738445638
0.8048679436981413
0.5084410597537192
1.564863420502448
-0.1829386305883176
0.16267604209222575
2.1347230125961083
0.6546344765212471
0.2172810128641727
-0.059759863206471496
0.4113928891872669
0.3165170709233697
-0.5784409013634774
8.815815794814194
-0.5360716627975626
-0.2696643126031149
-1.633097764284542
-0.1633746167702918
-0.2762094359916813
9.99751481143253
0.4633067921992832
0.5301333764610672
-0.6119584289746484
-0.4301977694081496
-0.7726924670208177
-0.5345617596961875
-0.6304299641142876
-2.25477226591685
0.23916533376604854
-0.7812583318583238
-0.8030487078789155
-0.37608228291214535
-0.34893161934601835
-0.6243495055539886
-0.16149791485297088
7.491095125049607
-0.48307940881225214
-0.7027994578286421
0.22245402105147594
-0.2595647086965656
1.0824955431365575
-0.40986162378978624
-0.47433192775574373
1.4352464434582632
-0.3932513324839222
-0.5146034811545772
-1.3209721478279914
-0.6229210607383648
8.195727292981436
0.00048812259981596134
3.0966500199278637
0.759051680157562
0.08244911735515664
-0.339207954317529
0.38018110601853977
0.46309786449462925
2.6757334002136544
0.8076656322941437
1.375657668922892
0.28384036570798593
0.42166129839185895
-0.07777002014017392
0.5184808731168933
0.020505783049615724
0.5690647652954166
0.4833542521046895
0.10238880288585336
0.11139749107015767
0.5242456763103868
0.7902488801927539
-0.04490615893199078
0.7046109287209296
0.7744990158003187
0.9586585466338574
-0.19466144569451202
0.24101821680968127
0.9162114726837429
0.39727057033258034
-0.1735932542664576
0.28999784720694
2.9174596923807963
0.41754222262831026
0.11572449981312673
-0.12227320550793042
0.09541130788537858
-0.17790474974917886
0.2534191989726796
1.9709546310047468
0.8426271317357453
-0.004912837931234412
-0.42016828993617983
0.2555649842152977
0.5681440782853349
3.712116123005179
0.4423398362496068
1.4172789338203027
0.012983983813935906
0.3506351694431385
-0.0053388705818738415
0.08110928194172688
0.006013562402278602
0.9712068614671208
0.9430783612196486
-0.15472582815424074
-0.02288851738403501
0.2090946865615542
0.2814424725765519
0.044633737464484555
0.4109516534251398
1.0556549905702877
0.6835652966690792
0.05295296604610728
0.42545930863846987
0.6186666466960438
2.1149287176822194
0.16638912339990677
0.23901615394279563
3.0889017563125116
-0.04583346882382461
-0.10748939479477355
-0.42023984377691914
0.3131191461975527
1.1100804470110883
0.18803197964143756
0.47053425433139207
0.39826355403428676
0.8143629552126314
0.18602250943281656
0.4581407976371504
0.65224123420183
-0.3256538839935005
0.8821546717661206
0.41981658600537897
0.7697062868753851
0.7086990263448183
0.5474769805482176
0.4156088737748211
0.9885877249510513
0.9669197873864309
1.4292821465142487
0.44474492538586025
0.10870236461399253
0.40589222560026306
0.56999989209197
1.374393472604261
0.4714579687228455
-0.5597673428322397
0.895858096975455
0.9906015777708457
0.22167862562163804
0.6455817050391099
1.3582078551265546
0.5700473082928057
0.44717691862127884
0.6695034632969049
1.0882243210978642
1.2581607214007406
0.18456112354688775
0.477528050861499
-4.207458193718707
0.6500220239190139
0.6283582976627925
0.9158288487086486
0.3262823441311878
0.24388634324243735
0.07856075165648796
0.8168950358243088
-0.03453335462738377
0.2351004446124774
1.212856363221139
0.5975768914195195
0.6345410784363414
0.07172697809570604
0.16989818076818064
1.0091718128752256
1.10258568279742
0.9647626390747722
0.5178246922217397
0.21322707498234517
0.8296619849524204
0.7084332524324622
0.5259885200631237
0.8317480292246997
-0.37565006530018
2.104238008866813
0.686862185802318
0.8490890027078292
0.38430683973191154
0.8800232263706916
0.3010623563698559
0.4351264151007537
0.7262426753295729
0.4961320502872071
0.4684688476023508
0.15961187142452643
0.3918675400088693
-1.9615773288583247
1.493543260839634
-0.2800736043654102
0.8345393614061162
0.7603611768417933
2.0342144251977246
-0.04641954642168644
0.13699796215398047
-0.25851182152309155
0.1459411676383311
0.3369927447808123
0.4894589526139539
0.3355894980050752
0.37693523844643106
1.0972837512382396
1.7664555787110214
0.31121094835523117
0.071773174039785
0.9920963009670438
1.375481662636091
0.30706883887048186
0.5776405219872436
1.0544107439920523
-0.03941994145405582
-0.6396588284059206
0.0918106325729769
2.4009678599502338
0.11591258477133413
-0.023627301511329767
-0.12814748955578267
0.7042649040730984
0.12186946588296609
0.35282298055784395
0.5728850605551083
1.1891167547882895
1.0864836784025524
0.2581410077713602
-3.8058055373953574
0.8769210710626995
-0.2607833097768561
1.3076593891282076
0.6736721227269603
0.4126233835697438
0.4613748849777684
0.6323182959815652
-0.17940841709823147
1.154271284192479
1.078539018889087
0.9861138969928864
0.8614488480909729
0.22454318049059935
0.5243850253045208
0.985590936444517
0.6004313633178293
1.1060864115998612
0.216685739110369
0.2646863027719136
1.0371580465531556
0.6806503814585216
0.6366030164217455
0.9572145705887495
-0.44940843139805786
0.7237584431063164
0.273240189507407
0.9290686328492115
1.2613372757292136
0.7649463342244968
0.7268468459701805
0.03950656567423773
0.8246132949946908
0.16250302684954454
0.8267025959377254
0.048132632279892035
0.9956835732295293
-1.3605995821594878
0.25867050830532545
0.3068407982170535
1.1115456684428593
0.5294306824721561
0.41160911870319944
0.6910903330987456
-0.043142108512719775
0.28513312552603887
0.03025015390329328
0.12500832591378255
0.5816442457157815
1.3303786363469665
0.38363306277544285
0.45248832517020654
0.8111368889138714
0.2981752571040014
0.3743108684110607
1.4214140295892426
1.4647908777521161
1.4654831851132506
1.1901508066160091
0.35723238582517997
0.7389133979000849
-0.13198908185809358
0.7636133600550955
0.9326911345814591
0.5153728169341428
0.5121898496248811
0.4665912136494184
0.1727683128104721
0.24628819803537913
0.44063561251475164
1.0941378000875719
1.461347561020896
0.075497707413861
0.2524931400797159
-2.9489308373939807
-0.7144710144418399
2.322946114090676
-0.38971935994969104
-0.06527315373816975
-1.5196540505796006
0.1202045550531139
0.31331367078685274
8.857076277185396
1.543014747129346
1.8830127737908473
-0.36730230419995247
-0.4938288910025828
-0.7126777085397422
-0.2816932213924239
-0.5561416492311579
0.41319178027796977
0.33790056217266684
-0.5509974078452923
-0.6227652710239856
-0.44630167997498454
-0.10466979862491263
-0.42036621645764927
-0.12356011083543504
3.6576811714524524
-0.7118944018701268
-0.6210344339977262
0.2075961466031752
0.34359615052105386
1.377529081579969
-0.3201790354181502
-0.10231323709590973
6.476713219712638
0.034923519671683334
-0.0873978424629693
-1.3465065954907167
-0.47970052445344763
5.092088235035642
-0.17916176681158535
2.8886751017849
0.34256215832752657
0.20834078586365923
-0.4004083199765822
0.13849819494165438
-0.02035269007518406
2.0304373676364618
0.9013461705936963
1.6115421156876464
0.12679443948392363
0.5272875415160195
-0.15452859315123593
-0.0448906977618424
0.29541152473910515
1.738868236015891
0.5954987728927708
0.19845051287335103
-0.07286914070901607
-0.06692965786530128
0.20813563544272878
0.7675399928173464
0.7385931118198964
0.48073708182189645
1.7677538535439543
0.15752311388004364
0.5401455604095994
0.3621204855964656
1.0210297676632372
0.17756817226047866
0.49747218278122585
0.9209023574707802
0.7930673499843737
0.6516887993985162
-0.1420964680891493
-0.0799984264188202
0.498269494807969
2.0547807505617643
-1.4899117052582929
0.6820650265068673
1.093941926243605
1.8025583280532889
0.3217451576168082
0.33657562982789213
-2.479236926898545
0.13300910811352823
-0.7429047875883421
0.8097114593776018
0.5872367648244305
1.298204631698978
1.2521727747197628
1.384065574374311
-1.442575067435484
0.6481964589688589
2.651024601651298
3.1617070557389946
1.118577470473205
0.7141344475862663
2.209845849860183
0.35511950056908764
-1.6732320976499924
-0.9935926794117367
1.0522206066333075
0.2742247279326603
0.3680481234530914
-0.04390006263104092
0.7095298280074114
0.8751001478565849
-1.3204467380140092
0.5170284456220743
1.2683621583260059
2.2689509506547445
0.5022007401930777
-6.020750210792268
1.2360175343375954
-0.40773859698917025
0.9975648486744159
-0.09869660794586657
1.5972650653579863
-0.3807972977413965
-0.6611093953565591
-0.8744492197489966
-0.6093679294109126
-0.39659468967284567
0.6373448378409267
0.9914949844001277
6.647399882926706
0.03904859531497473
2.525463556883366
-0.36795858804488385
-0.560470662113542
2.978018920514994
2.0386695946010605
0.4721893176384311
-0.06714940643097997
2.2229958366393037
-0.22145812739876042
-0.9397162052643169
-0.24704484111354974
1.659205958263499
-0.9012914943053758
-0.1988503973155733
-0.447378003071926
0.8892418520101198
0.10355731732422535
-0.6856802237229717
0.16202351662184264
0.16565093499549532
3.474486468007008
0.18013427115935038
-4.667153207828525
0.6256210309135452
0.6045825665827276
0.9744147125361489
0.010041765951848426
-0.18150829443885516
0.40272859617027984
0.6977313309692192
-0.23745053445620132
0.7361000935649575
1.4899105501007908
0.47133265590497286
0.5831288410720084
0.6788031470523488
0.10122009266942682
0.16719015713120064
1.3882781684015928
0.3413683572981211
0.618858434496415
0.38468939441540534
0.13233849113505994
0.6898942097177845
0.9688541199057932
0.3995174224899217
-0.2721274796660454
2.222485199650507
0.051640556958672604
0.5207003004465316
0.7052209924571929
0.7842196784347668
0.5561855382504323
0.07047857752467221
0.9580015232329901
0.6123318743575981
0.3788761105499577
-0.255518204016735
0.31991387486583334
-1.0822976742176251
0.004512696003984079
0.7157331285900304
0.749869699751803
0.2138582153145562
0.053909103898998605
0.2865047902160469
0.4410892732475621
0.8207587174119649
1.5268934134986176
1.3684483921300894
0.7243073456361028
0.20239686399437248
0.03528851743874469
0.35413823095521435
0.4464198589847408
0.8465401057163693
0.6292074858085797
-0.229136598440437
-0.15852597365734894
0.25441736846094004
0.35951305871465
0.019589549495419814
1.2081450649384164
0.5360055130319105
1.3514866811259068
0.09310749158600286
1.1161946336543362
0.958864578661924
1.1857720936695848
-0.038406783921237045
0.03917144258438225
1.572331960585845
0.051300758372720565
0.3947276019485072
0.04009755804002975
0.42043385592733257
-0.2045414297011381
0.22976054305113838
0.2754194838227931
0.9495308854995629
0.6070165431691504
-0.09098347209641972
0.6144111890636595
0.8697311021002522
0.6489241257941462
0.2188574983532599
0.17440714262710919
0.3926512515004752
0.3952172809810853
0.9650383030985277
1.0273011803174905
0.4254313486049412
0.5937863094817302
0.34827633345875186
0.8772098886302412
0.2558307172485635
1.0561028828879255
1.065761852977197
0.9747701342421176
0.08013820772806324
-0.24018571016169496
1.37692172106257
0.11800886888380668
0.6151377991970666
0.990329288075788
1.2420088458490601
0.8200287466577805
0.5999232771542573
0.4407443230367176
1.0119226603648617
0.7763046768745084
-0.1240666328446847
0.696382385544829
-1.9823195677490446
0.11838832836197666
1.7938284942602096
1.0351224633381393
0.37922258463434333
0.008401875844976658
0.11263654114839843
0.09352004350908674
1.4305618622027763
0.48314826750236545
0.995886586994537
-0.07292402138883272
0.9231834201525868
0.43426135929228804
0.25416288650491276
0.10014801529836616
2.792526681945603
0.5722048903771524
-0.1072657612359869
0.011058323466618409
0.3651645646488298
0.10453760196919935
0.7235124035959856
0.5368983707314915
0.8343277859453123
2.1993284377621984
-0.1921806290347055
0.35632616715584786
0.24275227582149642
0.440993522553412
0.32636138252851105
0.3034686835828709
1.8189060464238513
0.8054682409577936
0.45728041194715174
-0.08713909719130818
-0.11149112284852283
0.3662201233498632
-0.550875798693369
2.3935180510149006
-0.40110776068347914
-0.10783189073779405
-1.5535208852177709
-0.2264309976701621
0.6111689367488027
8.577272056737035
0.39345175179428366
1.5014302828936796
-0.11028233832315473
-0.1148510108085849
-0.7522626088744137
0.057741891911961093
-0.3764650810977988
1.7044036041351789
1.3158599081252933
-0.7230272805348219
-0.8143597393662133
-0.03094380039339366
0.06660161189454468
-0.28213859667282437
0.18529154435630715
2.1893225282341753
0.6072663650555948
-0.5087282605816371
0.8005638442772064
0.5846248246020149
2.4218981049221937
-0.46324627780381916
0.029390491425485814
1.8369577935460344
-0.011688294004210011
-0.4022525355090256
-1.3935027852557105
-0.3811587618985516
6.940860165579423
-0.09662977411980063
3.200243657536113
-0.03968096237103856
0.2726547457968942
-0.5391261320707526
0.335756142520701
0.4419195425513221
2.908795906870158
0.916826271364193
0.7268172015357228
0.16829674337009
0.026500758035337958
-0.20436312279108093
0.21153656264571447
0.003331798865760823
2.4597180655136723
0.950945243669178
-0.317386459932774
-0.21407253829168468
-0.07148699755330794
0.046986837806183034
-0.1587608219362106
0.15165089017421976
1.3374820710860251
0.4396866377049949
-0.15851296459955527
0.2108163928818498
0.7936314193804637
2.2690907343415
0.08831415481335897
0.3064060456584826
1.9733672663442834
0.13124124673913937
0.02118023776008577
-0.6276531301411674
0.2441843814438552
-0.07261596837782719
4.981867243078905
-0.46128239563512147
0.6191357314826844
0.01805961412097354
3.445339327903146
-0.30902541195189565
-0.5736215584697106
-1.0084770573386925
-0.6705284331583803
-0.5082718109424624
0.9346213632740829
0.2945585637036805
1.2676534629704383
0.44079314492751576
2.767697446410573
-0.5430101773229641
-0.2462575583148297
1.242468403204552
1.9078816512221204
0.593824271323981
0.019612845886794718
1.3580531682383745
-0.35646113796021944
-0.9118705233602814
-0.3843008785259792
6.246813855400043
-0.8317827680014107
-0.11363408533743495
-0.43668986661630116
0.28990366861092304
-0.09622652316731337
-0.7325025614476713
0.14085855594758606
0.5183375760358795
3.3534343742192254
0.9953532538072971
-4.327496723788096
0.07692370008276192
2.459124269228994
0.1835919887657686
0.11145094927058322
0.05173572362704576
0.08879820509493501
0.7153623744164077
1.3209061650801415
0.38898746554467784
0.2752049938205339
0.24166412608895677
0.31271451719939986
0.3385325925660896
-0.04211245505684034
0.22215724737808804
1.9735352784056421
0.09413785564938909
0.08719463016653596
0.14338603230022534
0.5840789782209392
0.3407434693756939
0.6358004305780985
0.8537150177087963
0.5401828618569627
1.1064105600537635
-0.17136049032610254
0.5348159760726218
0.5370111948242479
0.6168820561030621
-0.14389616709710987
0.538591805187699
2.66210637388346
0.7118441709077107
0.1764573347581767
0.0274792159604596
0.44501508566549447
0.35668488447384916
0.17602234565971986
2.522393847379906
0.762013394606549
0.21124955019691233
-0.23645995749853377
0.37679570375704774
0.7488322703440553
2.6425284119826715
1.6648987386607594
0.9505897397970346
0.5230600163732254
0.4491041786824553
0.18433496447171982
0.14387534799463936
0.49867503800260354
1.6526479691627494
0.5359231133406547
-0.020901452622726167
0.15487866760256638
0.32828601835700777
0.8028904379564408
0.8002607923690034
0.18052964796915852
1.0204764381574558
1.4486453578498881
0.2133918333396994
0.6203456392278507
0.9597942521592207
0.4047647501064685
0.00571162403369997
0.5991150826878147
0.452807227091169
0.05751685335349611
0.8092222912360422
-0.13428345945431963
0.1804328097318783
0.2206934180658078
-0.2699351660041494
0.7575952554801668
0.5623141085495743
0.5142629864568308
-0.2978179927636529
0.419089245687394
0.010758312170327028
6.0742784404892385
0.8395680567379773
1.5950463739130822
0.27931818403908315
0.19617371266996692
0.09837465087316026
0.4079362773002148
0.017383178987163038
1.5149110537957229
0.4293893988942195
0.1462453589519858
-0.3011763606417941
0.40997826420859645
0.7395575159093497
-0.08010283622882362
0.8170418810843489
1.3730897776330349
0.3177182937142864
0.06136438914720356
0.485020306287854
1.2659675740590495
1.5856927078805203
0.2764718016947431
0.3619665624471859
2.792303205557373
0.4429340432040308
0.02250027867289872
-0.48350402092193506
0.2154365952933045
0.12391899169897513
0.7202221515646995
0.2516299263306358
1.5557095273553316
0.38010244595179277
-0.07501914792431788
0.7102695166488033
0.44645078708212316
-0.8250644486676957
0.14395034355769146
1.139884734589928
0.8156451103317435
1.2511454385953207
1.2007995767210393
0.24551524408595343
0.47731680980298247
1.2867850739272333
0.15900894715013103
1.0052933501232189
0.3965592108871813
0.7260281627897943
0.1872028685032218
1.3883398577272228
0.15358675879614156
-0.5091194133796672
1.4304615104702034
0.24758849064534905
0.10318422385365265
0.802598231134263
1.015430995991954
0.8506587921573551
0.5615678202449651
0.22294716590447639
0.48653650997492837
0.17410800297392323
0.5687898837684409
0.1455572497932817
-1.2764508634138152
0.4157219738702707
0.6761163447731772
0.22866765441324202
0.1739451285585244
0.1181865426291291
0.8012012550756049
0.3058781078192144
-0.26512211176831607
0.38293730121515157
1.328301158340224
0.49947984096298276
0.8418278074621558
0.6270969994303014
0.6154732640130546
0.4698726266840624
0.35831746033008693
0.5109163061020612
0.34619275593083393
0.4480432787502179
0.15377693985822016
0.38553845662264674
0.6691452257046225
1.292132617605902
-0.043823678284445555
0.5095530691133265
0.30483822502135577
0.5967881336008998
1.3802244066143976
0.315343532619511
0.5795366978477677
0.2598724873656079
1.3333561273465475
0.6361652695810586
0.7092777458959618
-0.05623393002638877
0.3067014860946802
-1.029939224443468
-0.19399326389596577
3.3964802824902023
0.14379932630580713
0.08972786792623569
-0.9570152892498931
0.31375627617629226
0.23387653791216145
2.3326153231556526
0.23569161693900476
0.9569092087002071
0.10498859681431232
-0.031811029952610856
-0.3830397563180408
0.17007155761052428
-0.44174665801072854
1.3877850602286141
1.1782746769412185
-0.47354812128022994
-0.36800413845922053
0.2621250484050829
0.3158143343043644
-0.16090004841696554
0.14135204766173423
6.565352239766379
0.5963490048453826
-0.43333642307543757
0.2801282637818443
0.5920213863463398
2.6272184780211147
-0.42738347009681765
0.05827424806993543
3.4416830497329527
0.3874753046206228
-0.1420141285363353
-1.0651801259389921
-0.04923199401968485
2.4669780310334404
0.2926526885960024
0.8256564937032373
0.17969276874601461
0.09220784526676995
-0.09773337181073258
0.21166460314785718
0.4386302052201075
0.9981303850424477
0.9262012047381069
1.044408099714021
0.004357077722996589
1.0539436667271382
0.6941795282632687
0.45394003810947764
0.703506097719796
1.2563941817542377
1.0499432151294938
0.42640805793224407
0.23091890353145594
0.7106695432484608
0.8331791217528925
0.6992184480129537
0.3245942226109777
0.32360797457832924
0.9667645082332142
0.3674245843050062
0.4541522343203351
0.5844416985164538
2.035080529636411
0.17058770677669072
0.2974043290331734
1.3937317278934804
0.33168003964933207
0.6616921633778333
-0.00575123006848291
0.6979801291536875
-0.27331158043150217
1.1771411279018984
-1.1251586527174786
0.9326932869510044
0.826421874163693
0.034232523455617586
0.9790451654744198
0.23648836364807624
-0.5231105300296162
0.7836890169750826
1.6394376610417745
0.5584724797523152
1.3247201843547975
0.5009871578910169
1.2002723547657004
1.2975369759240805
0.34533835676996166
0.9734307601365939
0.6091638125853363
0.9042529451991743
0.6648732837053529
1.4854743169173974
1.5024537106590854
0.7162189160658262
-2.365638507052208
0.5743730841087663
1.0048296501664515
0.8143147505832621
0.9966162600808933
1.086893583299626
0.7870159464503292
0.17049555034999536
0.5004366885869684
0.4333703760686389
0.977707842186054
0.06609090283409305
0.6464501032694163
-2.2462594937613227
1.0634678625114444
-6.568124634573409
2.4550790760150965
1.2799132572435044
15.0
0.6115912110781183
0.12446588650774898
-15.0
-0.7392264400675165
-5.520467450068117
2.734713784329655
2.881404377960248
-2.304202100227943
2.3960986115015723
4.270697725797892
-15.0
-1.012106842909274
3.9313377160472505
-3.9697173748676473
1.9843498311111067
0.6867272341202464
3.8414526189925646
-0.48711742737194874
-5.83010690950965
-15.0
3.2448141742125594
0.0967788177514241
-1.2705151572027222
-2.847323459533957
2.1257085672577545
2.3457919599234565
-15.0
1.6115071096848652
2.3603258355438133
4.686778966352642
2.810858639796931
-15.0
1.0155271486901807
0.6340681007302097
0.4936577884731628
0.7996959625982591
0.05477238309769917
0.7513796956891996
0.12319390929635912
0.5546894154943829
1.2252136001633773
0.5379978741101386
0.8260280896559122
0.3878177823673671
0.09450499426782782
0.4988948702783407
0.5017514467064923
1.5904895505351053
1.1415688363738878
0.6848185927944748
0.10008399985691425
0.1328754520740412
0.7049278311964975
0.8779136242252265
0.7573062188850574
0.007187718934931225
1.422982292535372
0.30069884815506387
1.0815696134304909
0.1525503992627342
0.8182841520165637
0.7369420923442311
0.9413794845231674
0.7674567384493453
0.9897647186157653
0.2503237687073976
-0.08342301737881956
0.3821341116052171
-1.3924963848174836
