Architecture: chain
Number of States: 40
Parameters:
0.5814627758075472
0.4593360177427348
0.09497121674428366
0.4255051694118781
0.22026440778600187
0.5722913560174643
0.7075436608346412
0.9752147962473228
0.9533959425727172
0.32846886248505014
0.8239226395694901
0.4053191838510898
0.8849977570082758
0.9244665732978253
0.20522223353702784
0.9806858527539536
0.5789485104831279
0.5971866953055258
0.5756789448383033
0.6550652565297421
0.4760317499600796
0.782652315660353
0.8506339851380782
0.2660981506573419
0.7987439189984095
0.3095165467736989
0.6891297892996873
0.14630187092309221
0.11625629496160561
0.4806206828391132
0.0312398490900766
0.5267553655679126
0.9393997591376658
0.4703700106549147
0.9196731459425245
0.3419509940907062
0.7757660641932532
0.8150346363385309
0.34915692115777386
