Architecture: escape_chain
Number of States: 72
Parameters:
-14.659630162039385
-14.648617026369239
-14.65715144489229
-14.751546097549827
-14.805310339093406
-14.63962933973176
-6.192621012846103
-6.194181626908999
-4.701748700677987
-4.393308819529736
-4.0934386221544345
-3.3662108677068345
-2.9983552947929533
-2.5288348724261303
-2.419362467915373
-2.327410732255036
-2.4182972648611116
-2.467776048679004
-2.94263176453663
-3.044526088453847
-4.053869088475193
-4.035438409037458
-4.846044313319563
-4.837825934893758
-13.646351817986533
-6.212850581850281
-13.599133307691538
-6.1806103990441885
-6.1880280994414765
-4.823279149780062
-4.398928140594931
-5.090094688257656
-3.667958192137695
-2.924498806404693
-3.1710281036271253
-2.661752188365476
-2.551599128904963
-2.173558562819093
-1.9666100409429723
-1.873761062897547
-1.5089032876273472
-1.0480255672880423
-1.3382686547810179
-1.5140278586668086
-1.2654944024660633
-1.5159970638742888
-1.0990207060301989
-0.5940928297266623
-0.8959535448895883
-0.1684068247071146
-0.3271414719256005
0.2747814923637845
0.7074359240621957
5.793085327231247
0.9476222847639718
0.5375331839543268
0.2991984015645114
0.9915203866876047
0.07584632904574107
0.531400515982512
0.7036311389513404
0.10464708081629848
0.011364241203931869
0.847750445482068
0.184910494340761
0.21034013050488698
0.4590325255316655
0.9833046815281936
0.9038331487283658
0.3993832793574382
0.05705477639040779
