Architecture: k-jumps
Number of States: 24
Parameters:
0.9114013918583859
-1.6951606571522315
0.8547295686328892
-1.6571696524688515
0.9010199016537759
-1.5546759987707226
0.8813548635801308
-1.4429898692202765
0.8977574617484347
-1.4481538967890497
0.8259742239533648
-1.132722740652492
-11.363001037045798
0.8371354273371497
-1.295718787065214
-11.064051251327434
0.9300095206321702
-1.6810465271573747
-11.346777659713844
0.5703499106711665
-0.1397042879940236
-9.667178274154514
0.9209135195349274
-1.876031694695394
-6.5848879941082865
7.09062488932195
-3.3649933808267707
-6.617401277881775
0.9441678827414258
-5.984485428699767
-8.7062912389016
-2.4408627495066595
9.320430545261928
-5.416292423940162
-0.4746695116279024
4.780196910968563
-2.0411734528599057
0.06941541758426638
2.273396432627898
-0.4173577935387145
0.033430308810233116
1.2852226641198614
0.701314991907198
0.5865174544447387
0.17017553347850653
0.74843682458769
0.0015000410485176403
0.37867601434169934
0.7068525495034649
0.6699670499276781
0.42510749471589404
0.007708388892425786
0.6045490941003707
0.8578165022637391
0.9091354254495604
0.17589447605037478
0.33059134614208785
0.6143208947903546
0.41925855823504254
0.9727103579412587
0.7350887148748129
0.02123233658263335
0.4663083200874091
0.7469791064111255
