Architecture: k-jumps
Number of States: 46
Parameters:
0.45284390083928705
0.14881105528078487
0.3685079905410138
0.38188676468820504
0.7679172004698943
0.13018356745824622
0.027639157540275128
0.1429975589816065
0.3631691070961274
0.31939445695611524
0.586241492918917
0.057428967473610704
0.7193452552374635
0.09626058896648748
0.6278731910715312
0.7898444400695811
0.818010751474678
0.05139531203960068
0.6157275561310636
0.48596504948778685
0.8489424185709032
0.18615035990600692
0.4556548815203174
0.5464817077573703
0.364544505969571
0.04240586782952149
0.297045215700809
0.9584044244585931
0.9619104588558508
0.8198932949460445
0.2768578186943419
0.596828802075012
0.2748117068519539
0.8988885907274088
0.24526308557338683
0.8787889107912367
0.018521079729475365
0.3467980644454365
0.1147799017140031
0.37116242813522415
0.037553899175364114
0.07862172120277133
0.33785541954728526
0.00306515896756987
0.22270372756008194
0.7450861701557004
0.17684289426323152
0.43833319535476456
0.6569892707434537
0.47784934620089003
0.45415653756582086
0.036841691902518625
0.7642944498229356
0.7220986360382875
0.9596865808361084
0.9147645493689236
0.8875866312738843
0.7177435362194435
0.06119477782989302
0.7290560822154182
0.5705360373381451
0.187067483023436
0.39159941472492255
0.7722868933944712
0.15062670739522765
0.8609122835816423
0.7504619403896148
0.5832170569953462
0.3544605938883356
0.9500878471523201
0.8356585786218799
0.7290828600443933
0.7593935559983208
0.9414567243586536
0.10240755522013412
0.6805705204605285
0.7526716565254291
0.9816706607379204
0.15542513029410532
0.40809410941754254
0.3770784027789231
0.12891548520201113
0.45551057101067716
0.9557556630178445
0.15274150681971743
0.4172007919453432
0.36032933279110024
0.6875869114900383
0.47354752190101623
0.3990940391559018
0.36890146433374693
0.39431263521221116
0.6329214156262011
0.7810494738050037
0.5384372165401657
0.6651067137175889
0.2922136037682894
0.5430766369853561
0.15928552737829593
0.9389933647466958
0.7728812666748802
0.8693712324365688
0.9520768928410008
0.13023228766708017
0.8412571980029808
0.8408741095327465
0.9651622453703931
0.3017814998719335
0.5678996778188963
0.9995079741300823
0.8818965626678006
0.8689840793473913
0.6604712028094623
0.7285182193559263
0.5357883133601541
0.4934116257657444
0.5129952125036319
0.811661310882998
0.6854032131531079
0.8092962348996878
0.8855139384284849
0.15969476430913931
0.267690707132892
0.07594845745312595
0.05350150270762055
0.24613992221067393
0.0994284894665789
0.7179787195371804
0.6786065412363111
0.5523958011625837
0.4081758720652372
0.9516498440579877
