Architecture: combined
Number of States: 16
Parameters:
0.4324120429288656
-13.415234891109524
0.49915565384505534
-12.677068058757067
0.5547643096173246
-10.018243526774391
0.4285513752854106
-9.465607677524835
0.46300451151750754
-8.541586028544318
0.5095449987936453
-4.492638036329478
0.44394038442339995
-3.012923298519327
0.4778347060148756
-4.322859552221619
0.38695637636623414
-4.814509835827599
0.44340754753167944
-3.597334875971887
0.18465785707541296
-0.33862261100639374
0.36754612047910945
-2.934271679041373
0.42210260587765697
-4.515219967496959
0.6081200549312527
-1.011818163781671
5.549819653019964
-5.145783242926433
