Architecture: k-jumps
Number of States: 34
Parameters:
11.820794683886628
-11.777625719019548
13.297017132989595
-12.494142687495588
10.608063613681844
-12.243697518087936
7.30665364798077
-13.283072563179168
8.055799259063697
13.017308617567686
-10.909195774633371
-5.952694069026109
13.325874946623118
-9.47402855237852
-7.9662902127702875
8.038112771682483
3.696856186361802
-12.60886800485821
2.8219242225243124
-1.195619687819264
-5.804341060460603
-0.2716526135097571
-3.0936884841003125
-4.748909110951086
-0.23025569545114036
-1.4366547155048008
-4.220728429965792
-0.49379872494176213
-2.219157223182909
0.5078883936262759
-6.643247220423588
6.253440999060238
1.204640124872324
-3.4819226123647993
3.5930246630729856
2.6394588491069175
-0.7094489908259042
2.3941019715142584
0.7605445793310085
0.7801449780790852
0.2657882368857023
0.7709168701477555
0.7016939306460533
0.46348084747850243
1.0114748965436342
0.588309858624587
0.6035489552014599
0.4607676519312889
0.9167650051614197
0.1286466606491667
0.26882498723233833
0.10604027383635176
0.406167590620404
0.9705453303716028
0.7564123972206385
0.9296870240155228
0.04286127736327477
0.7395606821618428
0.4747617767565099
0.7812017736434075
0.25813953565579
0.054518733176324705
0.46764388848987637
0.07014261793205077
0.4487906238308201
0.5719247476817026
0.6940930452835713
0.916826144016594
0.6390876564608878
0.9460217896544576
0.1919159758231652
0.11774242936066535
0.8450043618416436
0.24321019646974532
0.1421660224025886
0.7496603790231445
0.6955342184453621
0.6773035711445933
0.5725382950185713
0.13893095437299594
0.024417353866713808
0.864066649392619
0.9447984049495484
0.5866291426188766
0.853583892181145
0.2481126957600559
0.4910791101806512
0.8547117542202405
0.3113591842443839
0.5526525633266661
0.2921393965671314
0.5742053103290861
0.0028581545524073884
0.18540834436805798
0.7220974944550529
0.1089079880779582
