Architecture: combined
Number of States: 30
Parameters:
7.3589665915065545
-8.336949093462247
7.22293414539405
-8.733706926311456
7.808618007113218
-7.837255343355842
7.5075719634604905
-8.89015173529229
7.7937135307996535
-7.895361613975435
7.647566941777654
-8.528571957145019
6.794530984185598
-9.81462545169052
6.980851695092434
-7.660158320242892
2.2405027502575128
-2.772674211779777
2.2334637249066653
-2.7697469585999412
1.65495832509496
-2.016395014894452
6.416408192081635
-5.814897131177657
2.280030539824313
-1.2673968449224018
0.9465219106210118
-1.322656518056166
4.739404688074875
-5.569257913510908
-0.31787980385258735
-1.144098706053837
2.591117844922238
-1.6062907673553013
3.9712599119225733
-2.5916014349896406
0.7717896168151022
0.5136018830523882
0.3082635073629117
-3.6328417136355253
-0.6441454590399224
-0.383681380167467
-1.8782468614406944
1.4365222330600798
-0.9268260995615719
2.3490143892499535
-1.1910400933937917
2.893726967963339
0.12435367697387581
1.3940574439284652
0.22831342128179158
1.0594814453846264
0.15636991637229541
1.540901251427645
-0.05401328912952616
0.4258546803895601
0.993063611850743
0.3023756458986219
