Architecture: chain
Number of States: 36
Parameters:
0.693585245829655
0.6735928268188721
0.7950782810588204
0.9040235886121647
0.5757465381654182
0.8718864311009645
0.8512923136730167
0.8075654738325053
0.353260309015788
0.918395782936451
0.10195818459182499
0.4500491915807066
0.5210401027881821
0.014649209467421443
0.3963669552931373
0.8984816685151884
0.5167777034108096
0.5320882238558584
0.735299744106473
0.40744475396439533
0.7785826275182782
0.849311175760993
0.6882369256376869
0.5579612242075154
0.27245216091056756
0.20288902632200762
0.5080280320366966
0.4610440652105411
0.29985359946577417
0.7637446369108056
0.7654338636678614
0.527989796354419
0.9559802192449132
0.8156001873083923
0.8652361400653037
