Architecture: combined
Number of States: 44
Parameters:
6.619669859415114
-6.486174300139726
6.464420328120092
-6.708920463981101
6.631681654291297
-6.4325129942701755
5.905114407009388
-7.2736913806738
4.888693481181933
-10.754353736170119
5.916057205015454
-6.383541249827277
4.286358583458924
-1.2238561242504125
4.685829720561825
-6.423598761908693
2.4592930820648538
-2.2102814472520795
2.0636437745459353
-3.5072198197846736
2.0128147634672766
-1.9172343956457354
2.0550896298325054
-3.1042373572759296
2.272768736847415
-1.2378716340930538
2.1427893294474316
-0.23671493197657215
1.8011130951260887
-6.434413782898908
1.5772865647397292
-0.31215191295254235
1.5959167569132893
-0.53307896459086
1.484307755850155
-0.2560566511097249
1.107295611828088
0.5948530880257498
1.4005600495599844
-5.033044463227733
1.4293437507078415
-3.8124924758745236
-0.4916581477363242
1.1511251847655042
3.5356458356509117
-1.2130850126439672
3.8189115317125277
-3.1243409569030716
4.066580563528423
-3.500513395464381
5.533472201958301
-3.156579018812574
0.47871882641162866
3.043954904019867
0.8960800536016741
-0.7763618564057287
1.2464125149837673
-0.5208730645125135
-0.07769220476169345
0.9693280817572741
0.2986509526781842
1.238928755940528
-0.1553342629018935
0.9435541095290797
0.9075314299554823
0.16156885362088677
0.21790685135933643
0.9296697794673158
0.5298167035761558
0.25487119482215365
0.36105065178162965
0.07407749618045101
0.007212170424849784
0.9458947820161375
0.44398438114405614
0.9758051690786109
0.7573319136369313
0.5089276028121666
0.14519036303290056
0.8490554257107354
0.9203813666107715
0.6549895121877162
0.18738174409614772
0.8549139639679362
0.8205081439832719
0.5445082685614171
