Architecture: k-jumps
Number of States: 50
Parameters:
7.046331972941133
-8.182982725163829
6.902657396394956
-6.989653113364654
6.340170057174589
-7.547505813129749
6.5050405401807865
-7.294465443290126
7.366269901589265
-6.118690238522835
11.498582511640322
-7.423515308750284
-3.97520979192108
6.14566646202339
-0.06978874366381595
-11.502740646382222
0.04077654824340996
-5.514961413161182
-14.979083046046618
0.04312394700056621
-3.4718818329364405
-11.63903508673173
-0.008958675870836392
-8.609433869045768
-11.526391858823573
-0.19460015197038047
-2.0479020506676684
-7.601583867532314
-5.741831229418883
-0.9372210805216118
-0.5060510957229823
-9.462500444167432
9.53838490134034
3.9635295832943633
-4.492501506989149
4.5885582100935896
0.43791217638175944
-1.7087588709907047
2.4047545509426516
0.9091091294357984
0.15085946448854778
0.9085044526243119
1.1905590536673683
0.08638326685110462
0.7400563506146962
0.9311603660772431
0.6769153355682324
0.8303944330491183
0.627063551531102
0.18529556680923756
0.5404826245075556
0.5265655877021124
0.052438718783030726
0.4189206712154638
0.15186037584040532
0.5311263269262708
0.4346919746353256
0.7645881739333866
0.39960520260607074
0.6743573972792811
0.545360119716118
0.9524273902352224
0.965205799763285
0.9194039414917985
0.8510543970130146
0.2518230495489986
0.9159360788419155
0.9913183404007624
0.4346353311335851
0.3192534574802602
0.40757112636693427
0.14454552260260012
0.7052704062719083
0.8543119802645273
0.14237777197310172
0.044902414904132805
0.8223262155573142
0.3104862078689789
0.46457228518789123
0.915647385075935
0.6308224602029735
0.4452607967944144
0.29969695095630444
0.3862083962025816
0.6131768202918925
0.059532839671503246
0.41053027499673256
0.431509389573007
0.7473444479467766
0.921415171685408
0.6942946430068477
0.8508466417384111
0.8492129847738685
0.830010364630712
0.9682161864134917
0.9107000047234195
0.47474188857419086
0.352321627943051
0.669028047279216
0.4392230879701893
0.20780930680543053
0.6966718933746087
0.15724624383972974
0.9714169168162159
0.3921818782726052
0.04194190313261936
0.9665742181239739
0.11594692714426535
0.8741426822957322
0.7464796686156053
0.10880980245075667
0.37649524223427566
0.008957125790550524
0.5526407727890706
0.0877612531830474
0.44745872803117004
0.4841579059557871
0.21449391677931728
0.4435689917319149
0.23465850142732592
0.706674878535718
0.8194909502035562
0.6654457070226385
0.6624524819161021
0.2760746794053546
0.5052726485757577
0.8588076558442216
0.9074213069514128
0.7139644439642043
0.4413643892676453
0.7873177543460905
0.3366401625463641
0.9485701792337895
0.16489336957534206
0.593859380094281
0.00971114606619905
0.31880328953964077
0.9487210734831939
0.9042875669188094
0.0003518231645602832
0.7938195717026827
0.663557930936426
