Architecture: full
Number of States: 30
Parameters:
15.0
1.0707381559594482
6.268997117583014
6.7663206911551255
1.6741773080157687
-5.932538117631316
-6.2951226802190945
5.963458385539974
4.674867897434841
-6.6128797092170695
-15.0
-0.4224014386231448
-5.416972290690857
-0.012242582919481462
4.498435915861048
-15.0
-6.426966854691219
-5.951281473654184
-6.218076454865022
1.4129605698684953
-4.542994977689011
5.935212973810223
-9.47249467208959
-6.473743868881525
-5.5590820590126
-0.4824644047009925
-1.0150083333245177
-4.340758155973546
-15.0
8.43524504633166
-3.139777696086393
4.318085084813078
5.885423745852082
5.160452841887221
-4.104432588379866
-6.467864247263407
2.4078327127062225
5.649241200151266
-1.783272805329684
5.397881270321563
-2.6222751952953196
-6.999477304974056
-4.521793339284891
4.663888861674205
13.864214195016654
-1.6692524112485896
-6.773456814320566
3.7154117233502766
-3.6566951082455112
-5.063046584466938
1.0596349109179586
7.977749677000971
-3.267312295968062
-6.081084249348192
-2.1093553077616987
-6.436858900132293
-2.563809332916905
-6.534782364555185
-1.5481882767608937
0.6925853649101001
0.22091437205134198
0.04746319825778863
0.45256134943692555
0.7229472177205966
0.7809828272140273
0.11961443665751796
-0.2628686136298459
0.5837841297454169
-0.7009463845267824
0.7155284087830012
4.110655104700007
0.13313313949147684
0.04064092237622742
-1.255772241871676
1.119589343670433
1.2704867250577732
0.8762583619401305
0.43308087670284495
3.9211071626779934
-0.408071704850818
-1.0012762572677847
1.1048850788989562
1.3894536613422117
0.9203860387248259
0.35327611783271795
1.1491680363038757
-1.0691628323053959
-0.936585657065384
0.015686567972671504
1.0472168634733043
1.0613986509057387
1.9780717320169212
0.9251463629173544
1.2385672238993315
-0.07797470204490807
0.4237049983696599
1.7550228495576274
0.6160247287945319
0.47498368803187535
0.04299784271418416
0.1451221464647416
0.8306165627595179
-1.022439743050661
3.390444124042252
-3.012732572791477
2.596433167219442
0.4468511271444314
-0.19285253392004673
0.7661811641377402
-0.7524981101862848
1.1415383134476875
2.927446466202151
0.3121995832315731
0.41459922184514075
1.339437834099834
-3.530397656911935
-0.9258881543385499
0.7743028646585901
1.208060123999536
1.0090298859702067
1.8130602540376606
1.0942095228196256
0.7361154696664072
0.015896280583694775
0.8365474857268062
0.8427839476685676
0.9181867441375063
0.2656598955272535
-0.03807475326438667
0.4216628393516804
0.5092816118450919
-0.7474140117681471
2.209317642224666
-1.4644803396212265
0.7187484693359621
0.6519526553776416
-0.29841617484373395
0.900679310026187
-0.7150854088490138
1.1445522530325791
2.2293902645740955
0.7878160037113218
0.32895815200258155
1.2305664095826239
-1.8448489870422877
-0.8806018443389255
0.8134063071770102
1.1376437126746242
0.7168706666792541
0.6160453512816142
3.549624011346672
0.7939079601988264
0.12047903259687583
1.5392069431042537
1.550827532795976
0.28998547378029377
1.0864527581297234
-0.22166626073395598
0.11987675756607773
1.3345493262524468
-0.8426009121688931
1.1454477423198035
-1.3445325010863474
1.593006657441162
0.2855085874591526
-0.18242997292006624
0.9035758203776291
-0.8649413095373157
1.4587690308646948
1.19255002274645
0.48847096324690664
0.5592980740012061
1.0854196789197788
-3.0332520266765477
-1.8395554342632474
0.5529222541179739
-0.146916993332741
0.06948247035152805
0.3831320245303893
1.6584552601481575
3.2700743753352146
0.4704779904904577
-0.003510466164874171
1.2377303382876068
-0.6459017664050726
0.5742028675747765
2.6646633682969845
1.1709369260950981
-0.07928449797980154
-1.7013495593826062
0.5974770576352628
2.539233205555011
0.375575125351842
0.6735621090487275
2.7117704948379924
-0.28337936628029886
-1.636249667639031
1.1240412589268296
1.5667869602854223
0.812643303800433
1.1889184925601017
1.8444404806965704
-1.7582774940993884
-1.6719193309620803
1.0228136206182687
0.061135542249386055
0.004248175953761651
0.5703503988392168
2.0125911625294965
2.0129215790868473
-0.01426480691667458
-0.14849486514842747
0.6997352142570771
-0.7056270950041454
0.11644123876996156
1.3504114642438305
0.9601260167449752
-0.12454395524668742
-1.4342260979045638
1.4595920720385918
4.970560453238855
0.7266398622560023
0.7398418992046066
6.152926494037419
-0.3196955351258868
-1.2001669694100088
1.7228155922514157
1.7367906418170618
0.6211842477860108
0.8528903099687528
1.8722352571639735
-4.69409003544015
-0.8346210540780055
0.7257289963351877
0.7411202704585764
0.11348013932934792
0.5895801435495396
1.5082412868810429
1.1950393415230596
0.7644708185454431
0.5458720357396294
1.5319082346277444
-0.21046992127951694
0.9669238053633593
1.2446662456325994
0.42994392533402276
0.14774146027007878
-0.7672885569053824
2.1462190772678422
0.4385780092678993
1.4447941409534686
0.45991869475764297
2.511976320347521
0.11982658328419578
-0.6196951573553691
0.8951824667484709
1.6035568761026557
0.9361724849942042
0.5270017997295358
1.1580093285522415
-2.729018872871506
-0.6787208017428136
0.5711433362661203
1.484072740984816
0.39240215439296855
0.8342882430605209
1.4588853017099173
1.17804704032934
0.5502107921146009
0.30915814758534305
1.1581124010012769
-0.028119985571032603
0.7328688726981681
0.21068219347353923
-0.07197622569003341
0.578447436172607
-0.6374255973106062
2.5689848762612635
-0.9152055246902185
2.7264514242476783
0.2185569661403016
-0.04496017866709012
-0.013415965019871056
-0.5170313206435343
0.7319027563799049
0.8426392019241513
0.7349859566263304
-0.04916438567057376
0.9947942552914802
-1.0850920325324451
-1.5680090100448103
0.8096526214755162
0.4718858579210896
0.4059283546301724
0.296429292791871
0.9323237012635207
1.2208660401430669
0.7285474610482685
0.11869627309609179
0.42815605141684593
-0.3911803171882465
0.2528779397758559
2.2386489713382303
0.4449195191062625
0.2627795806908185
-1.446110892605172
1.6554280699681174
2.3821364072489657
1.1062780497587472
0.15591210208913406
0.9656876168058245
0.2680536046437222
-1.1123226663107497
1.7949461067452064
1.4050945854367534
0.8687214155968893
0.5189426651916932
2.513273832332146
-1.9066124004249159
0.12524299002337397
0.27283225568813063
0.9664622958985584
2.0602068372762057
1.5200211883642838
1.5263654954330252
-0.03103460340506686
0.5161692544843892
1.7492224039439477
0.7169797508780354
0.7638339106892256
0.5546195043649783
-0.6722834099278626
-0.13896552225472866
0.9332056077437453
1.0838005819696288
2.019796125851107
-1.3821954405579275
1.029098617900621
0.031965644877339494
-0.7666944908360991
0.4799849005183058
0.8611051700646222
0.6564603831004476
0.24086835842242135
0.22794382839190833
-0.08518799809291697
1.1808611486190372
-1.054573196760607
-1.2909118223573455
0.8450422543438645
0.24979359178027588
0.055421508959959634
0.461317126551382
1.0693182849510297
1.3020187139373296
-0.021133832356348744
0.0738639519775615
1.7148405993417861
-0.5120681714036617
0.3721965062054525
2.738842520910506
0.7336891342629849
0.23643449460519067
-0.947819480059197
1.4975728538239825
1.3070023520193983
0.6825492778320442
0.572743876315333
2.7551879925621354
-0.1898673586006143
-0.8108747428934078
2.4293999129098296
1.3852437485708462
0.7439800495299624
0.2503204157956049
0.8856149804969958
-0.7048768285423895
-1.9485563876214815
0.20581951150649747
-0.46292492801384405
-0.36487479733678174
-0.10788564489793355
0.87641420982133
1.7399339615874272
-0.43287547061456594
-0.7033651550351668
0.477556280986557
-1.1170925549630781
0.22086446184474234
3.6962984457831274
0.02371765470515089
-0.7768800399528143
-1.7848683450403384
0.8567198677511121
10.347029158240252
0.5753749473666241
0.02287964261787184
2.791209524691452
-0.7235794395539515
-1.565285378243737
0.6982648707407686
1.3888730215755007
0.5487930637570397
0.41199791014718784
0.6473634356194151
2.4547973925492657
-1.092879310436419
0.1230538988263897
0.31344002437640583
0.4635991428549912
0.15570462045385455
1.3549877978333056
1.3708812972712625
-0.07628962973411611
-0.09044385941789003
0.48436366962480254
-0.8213697347669248
0.7401011501744577
3.28365490977905
0.2283500850892171
0.011607245659548668
-1.0121927016624312
1.3930563700024807
3.3195406867140127
0.7025649084315193
0.3119188321447515
2.7358818893522665
-0.3117161298721172
-1.0154920473963576
0.8830099023659572
2.6222367532695956
0.5156604500116505
-0.034009701908354534
1.5461701435503243
-0.9196831300091924
-0.501629070735886
0.6264591342354258
1.2517333469875265
1.993346128852019
0.9734869018765729
2.547962030480337
0.23359269474907812
0.42743156809393607
1.9727473919031884
0.7129035842997117
1.4365601952313942
0.3313377436780668
-0.32011979220493325
0.005374980106227138
1.3890416117600806
-0.3840704514550209
2.3166138431382493
-2.3408463694988573
2.469660428279156
0.3152233603305669
-0.3616669072401283
0.2836013451552808
-0.26548340737146997
0.19068200973585755
0.621969345866615
0.3927385527611864
0.5920847602731026
0.5867676840249898
-2.113295953059576
10.025903013586268
-1.5261007062887169
2.7310326051060376
3.1746456050578526
1.5594126666013048
-2.2035087792186294
-6.5596316307912135
0.8130996981529494
2.7831513063833726
-0.9815801915173484
3.4228619328607945
-2.9650269623616246
-7.035989340603287
-2.7319271356542663
3.1927840785802157
4.31836835223216
-0.569614223624012
-7.249784994214182
1.9197681546696346
-2.80151813810234
-6.460292511075492
0.8558062543017573
9.42260269447258
-2.2921343636479414
-4.2186655108544135
-1.8221871868699593
-5.944594119633684
-0.8698760306646711
-5.931895373406138
-1.9020096481658793
0.9931615439001918
0.4972156718366231
0.5697761964600199
0.6475902602752546
2.008126435892592
2.5811209392361474
0.20414953819730483
0.4828369108653678
1.3485846442774119
-0.3303926364311676
0.20869541763980337
1.6827163066819641
0.8355388469863189
0.03496616246156681
-1.621813535335657
1.6959446628955341
2.7328924778791794
0.5897592900055573
0.28278937144754085
1.743026215223737
-0.13511446301803395
-1.4310712341902423
2.678987532752317
1.205927417290164
0.9176415214936713
0.3894595395778485
1.1996166916991515
-2.825948217452428
-2.1049159095480867
-0.10817660448284075
-0.6779432873589988
-0.5716420185425687
-0.44417045084184764
1.5882614027514552
1.302836202413204
-0.6242477733154093
-1.2034779129159956
0.5120949123198896
-1.8444197099526725
-0.11384021617812633
10.205611900443056
-0.1981260098481257
-0.8386301023875067
-1.6786159437906374
0.936131543059547
5.005567152584728
0.5823066612323857
-0.32080057895739666
2.0155767365762878
-1.3466759356835691
-1.9018201592229558
2.310520234034743
1.9814421826221222
0.06239950957354165
-0.04263321227648995
0.07594400307517737
8.635495634907347
-1.422548239180685
1.4041585244346233
1.2758985478830702
0.6490189174107669
1.2757867607034474
0.8901028585376586
1.720053437006789
0.9487830569868331
0.6792421610787351
0.9016076282191527
0.15412520422684034
1.1235264585950155
0.7912772587060354
0.9970302381086644
0.7155468150725336
-1.3726080177414077
1.85043270758803
-0.135545321798813
0.6123026396482547
1.2320901472819057
0.5041289398628447
0.40101405897531656
-1.0581435712853289
1.122482133864057
1.2162162481174628
0.8636317491668881
0.9913824671487359
3.3343554846549823
-2.93698409065728
-1.0134212540823104
0.6910856520984151
0.42079491458717894
0.6088030392688394
0.219526270817392
1.3761025734040275
0.6307363049950774
0.009635710105910833
0.049575672916046504
1.1970033384566199
-0.5235580385557329
0.24520732881863266
3.155353155853391
0.6126922747826169
0.15206606434384673
-0.9663247815563644
1.0218009095593619
2.188707644674849
1.2985387333625116
0.1257886525753435
2.697052360595868
-0.21565643971850515
-0.8163418495517925
1.7047297406577926
1.9140380871234872
0.2497316386058212
0.46554961383285764
0.5773718248974905
-1.5006553295554754
-2.0964627246132257
0.44100676797169436
-0.37780198080311894
-0.12505198443051527
0.016714606083221357
1.6881585248609343
2.6520245825506414
-0.3388367248099867
-0.5607101625011914
0.7060517112557284
-1.2950207202532549
0.14295004751224888
1.7654778934565012
0.3220950095053004
-0.5555955364834865
-1.4928062487566096
1.1163849587417434
12.219291508990143
0.5873387255931324
0.3562940155843265
2.408079627999233
-0.6323583100166411
-1.2511306594705736
1.6567842927062069
2.405709495173229
0.013791068545441118
0.4123381529989863
0.42661145537050527
-1.0350757361364964
-0.6471404704747746
0.6177375687164985
0.5678076675950897
0.9235947879892779
0.8528482111412466
1.943535821080659
0.5273992987150721
0.385739547990683
0.26806399477719683
0.7098150292075684
-0.13797833905590942
0.587378729103618
1.6420239152211078
0.7406276952201675
0.09078550657159526
-0.5785280623107789
2.605247992355819
0.5524108765527463
1.3172844036627398
0.0782396212302808
1.2690303361614375
0.024633601901394984
-0.4124632443858346
2.0203172535994813
0.9051811734287469
0.5068464924761076
0.5266784375030569
2.298129055429081
-2.2138545976993167
4.8555394263328715
-1.9954759413858245
9.277411958327816
3.332338645504124
1.7120911259075406
-0.923409754728193
-1.941701182273883
-1.0651856621104923
3.2356643464388974
-0.2619487794199313
3.8999389627205927
-1.5578175954548854
-4.01324278805761
-2.586490414252726
2.8931364790255008
9.201103585351422
0.11527190867765248
-4.243876604316565
1.3519813755481398
-0.9156305306956118
-3.1937522797256026
-0.9117091073609279
3.1754273942294753
-2.030240173851376
-1.9321962911591801
-1.914092974425026
-1.4694582699608338
-0.49661272590779304
-5.039556015070624
-1.5578667103306292
0.6931288515364015
-0.0155524174066995
-0.2850825784888901
0.38811806841694113
2.019829485427271
3.1980680179042844
-0.017741273775191854
-0.3017678625594282
0.25539355428316435
-0.7323760665368462
0.17705830046520207
1.4954668027941789
0.3969332164768851
-0.21212218886185463
-1.4617241357517823
0.5735478718484326
4.5308500887669005
1.1747677850138696
0.42847061994861224
4.291957011054972
-0.30845054072486644
-1.403438137985257
1.9883274405514402
1.5996680654570712
0.08163433433052074
0.25470652664648763
0.6700925784504885
-1.111093160360139
-1.7007910688935093
0.8098874544533669
-0.15543090770528456
-0.06305361996025327
0.15459201487716312
2.151810558464036
0.9127118771486896
0.20302919785588847
-0.20299761022179424
1.232011234572889
-0.6763005207120714
0.6586631372401869
4.722878963613532
0.443046667165489
-0.1677191661519699
-1.6707433346910046
0.8103369810387637
1.8860309968716062
0.4071561094030324
0.7778617120376548
6.192905669919636
-0.20614106458373854
-1.3062313721151515
1.672178812766002
1.5900827228783374
0.24616999638355982
0.19433153578761084
0.6175935046838026
-2.198931300196835
-1.0456707089570907
0.2875320693459619
0.33416756151461685
0.5049320945691131
0.9288591593837657
1.0340647732635846
2.3610014073133185
0.3441991937668572
-0.24289423382648123
1.481781264677057
-0.590890404850977
0.33610411072861407
2.8324599834304482
0.8389894667310958
0.10137759177379706
-1.083367455173312
1.4667133835907382
1.9055623280117595
0.7919717786166308
0.42617934194396545
1.0104245568471266
-0.14821606950457195
-0.9801685632950077
2.735746706673044
2.2951902492684617
0.6768674525523198
0.838871904046094
1.640749670885957
-1.3926175611186609
-1.0740336938379667
0.7028340039045511
0.5218800310865355
0.38943696143303574
0.8043517700731684
0.7638781697516176
2.2689320828415713
0.07036526380542175
0.1622422650326588
0.846098572744054
-0.5870459506353997
0.962835433834263
1.4318220711546037
0.7978002778126236
-0.10044833247236601
-1.1196822753023006
1.1889532866847203
3.1982698846725084
1.734970846538304
0.4815395824027004
3.637369344402166
-0.25278752314324043
-0.7855899579836153
1.3577898135956505
1.6448495641306236
0.4425787445163666
0.8318885901433453
2.0872681433064013
-3.856150296846718
-1.4237324130998734
0.3558303182631856
0.047091165707581636
0.306391420572205
0.4678503466307051
1.008591511387331
2.0149617232486494
0.4615042529401007
-0.15095744828270918
1.4803804459919068
-0.3799502671220878
0.3739016232449119
3.282324059561228
0.8248789319561071
-0.05993956669307426
-1.5452311894533861
1.681361808864787
1.9653035352412491
0.39716507598810236
0.455403898883748
0.9530030046546734
0.026564570718004138
-1.2185842926714276
1.0844744262566615
4.2212682441900595
0.19815131704701885
0.5787687875883465
0.6637653640121592
-1.8391500191563075
