Architecture: chain
Number of States: 30
Parameters:
-3.1694825243939886
-3.1694825243939886
-3.1694825243939886
-3.1694825243939886
-3.1694825243939886
-3.1694825243939886
-3.1694825243939886
-3.1694825243939886
-3.1694825243939886
-3.1694825243939886
-3.1694825243939886
-3.1694825243939886
-3.1694825243939886
-3.1694825243939886
-3.1694825243939886
-3.1694825243939886
-3.1694825243939886
-3.1694825243939886
-3.1694825243939886
-3.1694825243939886
-3.1694825243939886
-3.1694825243939886
-3.1694825243939886
-3.1694825243939886
-3.1694825243939886
-3.1694825243939886
-3.1694825243939886
-3.1694825243939886
-3.1694825243939886
