Architecture: combined
Number of States: 26
Parameters:
5.576958576330841
-8.029776615817006
0.5833728453600601
-15.0
0.5852052872472904
-12.580918514821178
4.721304348206832
-7.322825037624566
0.5780375374303446
-11.442526281840353
0.5888519907463476
-11.936066128133602
0.6037244741063487
-3.6901581367999285
0.5380008269147947
-2.831811261463495
0.5462493403445108
-7.112091712094085
0.5803063336244038
-9.763449851335462
-0.08799646437151327
-0.17692532876004444
0.21549658725892268
-7.8461361699486645
0.22658478129535556
-13.018854438359805
0.24128842990535357
-13.345671652467004
0.21089903347301886
-10.847937763923769
0.22303797327100627
-11.385508054918843
0.23012198574852388
-13.270979248584347
0.212397183151755
-11.138818770333058
0.2019050546341448
-11.772650880404196
0.18869123928877696
-11.267449576391353
0.21783212956208006
-10.270077373858433
0.2197848854608666
-9.495853322654897
0.24039259646555994
-8.478355357119058
0.22372646524567877
-6.504073380573068
5.195105672974675
-4.996880293161008
