Architecture: chain
Number of States: 46
Parameters:
0.8405345651269592
0.9882552674572992
0.6894201708677654
0.7530161307527748
0.881638086767943
0.9862230623094521
0.5169715170461986
0.8337856676164944
0.09428171767365567
0.23193765968365987
0.3246463536666636
0.692379594151212
0.6023403334010238
0.7543365011548807
0.2903401910541692
0.45943616601924997
0.22166466045628752
0.41364968349190145
0.7540851843985211
0.40756160319714796
0.4028180123663697
0.10441672609868413
0.6953183171677642
0.9644831993807864
0.9239526847781427
0.5646615448080241
0.3353005826172286
0.3236908866349395
0.003043352820371492
0.5084072287460171
0.4222760811460461
0.8325767492582895
0.059698242342022034
0.06384998703448286
0.9028158239814787
0.5903056424929382
0.33316667040320214
0.42515847757160496
0.9575478699491313
0.763881406276107
0.8198457727638264
0.2743485332988015
0.6254892486153458
0.2791468244534213
0.42620151602468626
