Architecture: chain
Number of States: 48
Parameters:
1.8649434050587683
1.8646990302274324
1.8656948108682794
1.8642583688324947
1.8647181657100358
1.8650002728038677
1.8650144717704031
1.8649038146533137
1.8649165678266653
1.8640789155296111
1.8641604155803757
1.8651142500024112
1.8648410405563574
1.8638802871703153
1.8641955140003532
1.8648924981761064
1.864908254287165
1.8651356539361885
1.864713174881056
1.864163515033546
1.8646081464243067
1.864980470525787
1.864833221612057
1.8649838085938786
1.8641285296678072
1.8647130032232928
1.8642253787572993
1.8648702285106038
1.8637453462708744
1.8640712918239324
1.865081584599023
1.865301953628472
1.8648848535989344
1.8649797531438315
1.8651827716074612
1.8645815657567733
1.8642423335255827
1.8648007520031618
1.864866518827976
1.8650258601706307
1.864644532042628
1.865139182744291
1.8642104404928062
1.8651252234048001
1.8641899204128405
1.864322382364894
1.8649518508385612
