Architecture: combined
Number of States: 28
Parameters:
0.2325438380607996
0.4232918777182514
0.21182194586022407
0.03873073728030674
0.1486634686920396
0.3172367286979779
0.3831523715212114
0.019081152266778978
0.2886915098465499
0.5389056744446862
0.9183035813973853
0.4715390855965571
0.3378108645861373
0.8540956589086792
0.43022101102648336
0.9733022167942236
0.09590631968843988
0.7456460134184414
0.912630042903087
0.6747540875930379
0.3977294788817006
0.5191716044904906
0.16809337192808016
0.379458745547288
0.3500736884001818
0.8735669163259733
0.8183681814167174
0.4930629073000089
0.5732470077080002
0.5945481410156218
0.646280997214929
0.631172405516895
0.036293384029644105
0.3738684761395582
0.838992726389266
0.24697747014266092
0.8684439218198039
0.05399917520112296
0.6732163723728919
0.2822071629581937
0.7403604273900675
0.827173801435058
0.8796368933663297
0.18530787101411506
0.6289746573116682
0.2305544209081195
0.3561895106938543
0.9025769358774598
0.30375250187324776
0.11645486943469519
0.9962541812009564
0.3760653437149133
0.5840005169729243
0.842846102484802
