Architecture: combined
Number of States: 24
Parameters:
0.7743909866841215
-15.0
3.929845497449693
-11.68512728179889
2.8198176351564643
-8.148161948374884
-3.5958220748496554
-15.0
-4.89257129384099
-14.759768504461745
1.314134523942533
-9.791100623749845
-4.669621984234425
-3.9962311168066393
-6.708898917373021
-14.466226188365933
5.66048425952439
-14.427854422928359
3.9744541319305964
-13.907248604148622
1.2025500940901122
-7.629387977367948
1.2579525535939096
-5.726494674792851
4.390855660683522
-9.625283293880896
2.86527370334211
-6.916596716245923
4.0866736900104845
-10.09038327631471
1.8875987170415407
-12.659131945380295
1.638684296863511
-6.2997298593176465
1.9210536689061997
-10.491514782225066
2.6124341668427156
-12.696191158835683
3.1840804816534964
-7.02051268983701
1.6702051714376864
-4.573369238047074
0.7449092024520249
-2.7055354683375286
11.009091937492743
-10.871464978015238
