Architecture: escape_chain
Number of States: 46
Parameters:
-14.256923249051662
-14.246150473122103
-14.194518722676007
-14.222190501262004
-14.257997545855051
-14.23562395544689
-6.283893696122036
-14.257390403571268
-4.809904382843932
-14.240210457109328
-5.0942998574946685
-4.795691751473595
-4.09286748791854
-3.1890461813524777
-2.9935485743499934
-2.850676880254072
-2.2660774493972675
-2.4820586914236875
-2.433268361635258
-1.592317209803014
-1.7569179863798086
-1.8772997142029757
-1.5973850540853314
-1.1917202478145885
-0.9054739326182368
-0.5770931481042948
-1.5472550822265427
-0.5688677047239288
0.0017138418338964532
1.010475241290822
-0.039192525891940964
6.057393459739664
0.8432026899444767
0.30634467447981184
0.09955838969179598
0.29744741025568144
0.006291523914043751
0.8797380088226805
0.460597442121804
0.27406685858437796
0.6571958737490903
0.22040333730653805
0.6808251549927314
0.313645150740274
0.9734648240370061
