Architecture: cyclic
Number of States: 46
Parameters:
-0.0022872623956004343
-5.0404556963162275
-1.937531634718173
-2.4372168452253575
-3.3142042495944093
-4.903229176172693
-2.0365213503798816
-6.738544689385568
-1.9599557144077429
-3.1235598791791213
-4.357403330098433
-4.014500628410814
-3.988418403294362
-4.974215894479269
-4.315030803019243
-3.8183712751729995
-6.756987712835131
-5.836747073846396
-4.00437023273918
-5.407420393768606
-1.7502365312131993
-5.8274389425524955
-2.306881537626773
-1.8584720942096584
-4.262923541741392
-2.194523802094191
-7.020456421154391
-1.6808235753159915
-1.838291196671938
-6.836276962016791
-3.8781715436861504
-5.16416860723669
-1.9293691301946891
-1.916927034006914
-6.150376108548687
-4.047367274158336
-2.736390011352462
-6.295906601904771
-2.105650104971161
-5.818316095653508
-2.826222408862535
-6.971509637517579
-4.7123617953428925
-2.5981219950963133
-2.0262761118559065
