Architecture: escape_chain
Number of States: 44
Parameters:
-15.0
-15.0
-15.0
-15.0
-15.0
-15.0
-15.0
-5.118055947688021
-5.1109434652142305
-4.802490861882637
-5.095231253095589
-4.224177784673052
-4.776084942796679
-3.2956523104667848
-3.4590736241744104
-2.4926671576131954
-2.578283161390352
-2.576736204533993
-2.0631320478754267
-1.4068350944266403
-1.7022586355281952
-1.8936016711217099
-1.4614488099670804
-0.8875333643523032
-1.037326239105316
-1.1499839322813605
-2.6372810968779623
-0.43544481331817314
-0.35604405453831744
0.20045913359911496
1.2600992439305747
5.866349923334262
0.7879428254329717
0.07131016261792111
0.3163294370520504
0.11048108236931309
0.6785562666222524
0.48646491244554735
0.2497726697748549
0.7465180345338506
0.5670872239480617
0.7835289833847786
0.10998763300564007
