Architecture: full
Number of States: 44
Parameters:
1.336913954430198
1.1441112974084675
-6.82014663619614
-3.1388064970138814
-2.971614291505761
1.3828937585624324
2.5769769017931794
12.734947037063979
-2.380543102440365
-5.200481797638306
-4.513725997712879
9.609392382147805
-4.616438888402629
3.19215448183233
-2.3798230473459587
6.897808194465322
2.152024984992103
3.813962900910448
-1.2724958937980082
0.4541660823556946
-8.989267697768694
2.846357687201285
-1.5843638082122062
2.324231726112974
-2.697529397852816
-6.803872080513144
3.05240682792659
-3.2767340898621224
-0.6172089372058266
10.24940447187134
0.6596316399033652
0.8135341389556411
2.8264291259204057
-0.9124429789386619
-6.118591305006996
-1.2590170103036817
-5.267015567902439
3.0079632502463056
-1.6454423553305204
-0.10909846190522744
0.24754652900672675
-3.5682827548041676
10.166557518018196
0.8065564903980207
0.19744337965089986
0.06937916721710212
0.2195988060119605
5.427308676712215
0.32090810752059756
0.71176684390832
-0.47883691279288626
1.9009173263221673
-0.14594521975602645
0.08785030524368506
-0.21069645697226597
-0.017460215124567177
0.7527163822367268
-0.19804294711370185
-0.29294282002055044
2.1963787369974015
-0.13466230958182518
1.0062972653879152
-0.2936114230193327
0.24698209888950073
2.7216515250910427
2.2107457774691732
0.5889663681029942
0.0671782485184845
0.6431716421671989
-0.16641629306538133
-0.055969262139559044
0.10271540034085136
-0.42063442498132114
0.43118113941865904
0.08666213521685327
0.40175823901603624
-0.006168002159755166
0.32250179358218506
1.595454037280026
0.06027677000767498
-0.242607851636443
4.300323500765531
0.9758349406855533
-0.4456983582104363
-0.023092782571798687
0.4198881734754564
0.2258642007746554
-0.021078985143750225
0.15639219437060886
0.04860528834609835
1.3219067216419407
0.992012103611183
1.062269395614142
-0.013391451948991231
0.711029915110905
0.04537616628014796
0.1600709938830445
0.22637433260019546
-0.015213097438730004
0.9094296396210247
0.23950095054663936
0.2396239305776202
1.208325698323695
-0.055882406070296375
0.3646887065340463
-0.1315203509248459
0.8068920846570417
0.9039964915836934
1.3540366146114866
0.9147516200778171
0.08133907250554202
0.5930305135041414
0.03324771784105234
0.5943829877512564
0.37680807554859025
-0.2749840951365323
0.9708591257311697
0.7233761319421327
0.4611068036966193
0.2528737592901468
0.16439511862908032
1.5284008879661464
0.6649918088414127
-0.1025727249023705
1.160606755125624
1.0743626193870868
0.058877099440666866
0.31625377292249257
0.011725467544485557
1.356834034548707
-0.04801391623383585
0.7030798964598356
0.08242412991514865
3.1214216901347607
0.7100297165755373
2.3156069421597096
-0.38152244374980426
0.6117140717479159
0.1934417167318451
-0.09645982244242031
-0.23927591796729347
0.06855276539762242
0.7386602837320826
0.27337082582265726
-0.1550082183712796
1.6493721199357754
-0.13871657634361403
0.28646793748854316
-0.11474068366480539
0.5356781321055936
1.6920035490221055
1.6520390782485512
0.2379097299167967
0.3861925355871172
0.5720070334365185
-0.022057849363145386
-0.14184997943100763
0.24939428074715028
-0.4034210522207797
1.0097582056418146
0.7089666633672372
0.3005776436396855
0.39688415703860636
0.12062431959270087
2.6833366492483512
0.532739371069014
-0.2540889029714028
1.6586909619088728
0.2215697384131773
0.009259152648074094
-0.08792775517471586
-0.3803610204021454
0.34500638878364615
0.7518476750901101
0.6742545958719443
0.9421095057541383
0.6737188578065182
0.681185912767612
0.35941088777815805
0.21114966312143588
0.23360383220743874
0.8308356262551438
0.8644186431021395
0.46199540669702843
0.39358171758938204
0.28056942615888997
0.23392461570447165
0.24793582424172037
0.44941301640188885
0.24678805244737126
0.999005404088899
0.1234800472141379
1.2845589433484368
-0.0956892724772717
1.3307892730928954
0.767004591173521
0.05751521149385911
0.8713787306577465
0.39516917228076726
0.9030101304181116
0.18597275019601633
0.27748671589418505
1.1039961640196085
1.0107447670039853
0.814962060244558
0.12077138317578302
0.9897330901104205
0.7896319252495081
0.5220807311869227
0.005896042622608505
-0.39814809914049126
0.20958081967837036
0.17146792844326947
0.7356499977109648
0.815101391363335
1.8603154928237835
-0.09816077844231375
-0.00837060681534358
-0.1859429184838668
9.315190069510868
0.15756200445868657
1.2738817583414712
-0.8163634019692352
1.3912067098975314
-0.6217849526327384
-0.31808430397680587
-0.5249935603898609
-0.3329676473101628
1.017573145365042
-0.156998323431748
-0.6080172190138182
2.7980032286434526
-0.6020736990408015
0.32401750105397276
-0.5349844627704852
0.39361417220255135
5.291600299308422
2.345131218707012
0.09292016308295102
-0.3208909028198185
0.08397851735497415
-0.6460076522292726
-0.489070314377915
-0.29081796702267393
-0.9087045272626155
0.23340111865815402
-0.22333281864599142
0.6862267402426083
-0.17884551533601495
0.0034067436006877255
1.2888336811228223
-0.04541432834387463
-0.47652029369729054
8.334421810269419
0.5352092163526352
-0.6817803150366756
-0.5163124231028391
-5.527687065789834
0.2517954347711312
0.8633810247163414
0.658757394120218
0.19044439556666842
1.0077260471008507
0.06503545506630856
0.32726059519798567
-0.285790647031482
0.37074350954114765
0.7700773597953979
0.0073555355815402125
0.37470589279139044
0.1512959480321582
0.1404014719758502
0.1265736502426636
-0.2213743718450063
0.3315293885159104
-0.07494457108610808
0.5022434795936772
-0.018830083196404307
0.4695674629559299
1.1080575339887164
0.41310086364568344
0.8310606569287359
0.2861348359576266
0.5028969861774338
-0.08116376049123361
0.45676036064835857
0.5341861261401544
-0.04935250733765381
0.9883152891270238
0.5654984264799631
0.22295627104295568
0.29856049102515425
0.9306516579627071
1.2087516962090166
0.6374078048683972
0.2328658565883026
0.2738852296514878
0.4460110601365624
0.12443406465033476
0.3508491022287254
0.7801727780390444
0.8368738434788403
0.5027415754114396
0.6066297232779466
0.07268460068533335
3.387466229928361
0.661856569622251
0.9989992919383859
-0.5680448829494431
1.3668427431761105
-0.22678814339776593
-0.31347684056744074
-0.13510982025555376
0.21991182801162037
1.3992432290598282
0.054545337394907745
-0.2941477665544753
1.511083051093835
-0.2184851072867407
1.0732569222984318
-0.22438297071465416
0.004826714123224841
2.879806020525
1.9185182166147121
0.8900552194966952
-0.08974235792578035
0.34094548098629907
-0.29795163702274874
-0.20624486205264764
0.025899849531943433
-0.5248669788143789
0.6277622772838193
0.22705331561796202
1.035386286453034
-0.07601245157544251
0.14766263813092517
2.940514134434166
0.32276062418933615
-0.14067243218651532
5.992732551347569
1.0049260146453436
-0.3668787673785171
-0.2605995436739849
-1.945060259255725
-2.1608052309103702
0.5699738009672947
0.14018111849386308
2.7468535918055044
-7.111898073708151
0.25606882758884
-7.248333967002473
8.435188516980453
-2.135145927847578
6.037227870006927
3.571491939808861
6.25415757151763
0.5987963844235569
-2.6730569663496793
2.3329516604625264
5.747028398674958
-4.62369155562189
3.4160297969542386
-1.087062681739416
2.739643636737529
-0.9366816906050648
-12.750732204455977
-4.152267410250903
0.7454626574734898
3.293782038978465
1.5282560535951921
5.3911459538950535
2.885526216932672
3.485515203060081
5.285880901939995
-0.10982859566804234
0.7209463520917597
-0.004247651043477602
3.2321816823939993
0.5323069075748063
-4.8362342123237525
0.8003887189420169
3.651310949897557
-10.86775475702504
-0.807972793924046
2.5058357078010145
2.7710821730803428
4.961326499937162
1.795621710552913
-0.07231669793892047
0.22138426968744715
0.07299955946872769
4.941510927175864
0.20794185891664416
2.2793903533118502
-0.584372860459386
1.517281470988657
-0.18596254242460808
-0.06084171422449809
-0.32241448811916157
0.045258169661029544
0.8779626202556634
-0.08989906325984552
-0.3733291790058415
1.428741495240769
-0.32612634627885545
1.3670606322387264
-0.31024670778795344
0.6512906787199985
4.72007671853542
0.9547306788012426
0.5187210286902084
0.037431388408331386
-0.023494361901811412
-0.3899133895395887
-0.31195982514668524
-0.10876849046259922
-0.5988134230986031
0.3341204132076311
0.029467927395568375
0.6899072789264326
-0.15140185253203056
0.09605707605109132
3.224259877684772
0.02209609551346236
-0.3529545302461632
4.020170643557495
0.2330473729817115
-0.5417071272102112
-0.2363278626408867
-1.6088779754556868
0.15006823760201177
0.6532680920785505
0.839118079787492
1.0464001843353936
-3.4138543114883833
0.9417897199341787
-0.7883758871630964
0.6563650244803167
0.5194730120424749
1.8589579539331083
2.2227426873337244
0.38482373291556893
1.5312941468220356
-0.5066333268625504
0.4003133872679032
1.3809985656366022
-1.173764223305627
1.5894987040088915
0.7415628119902189
1.6854270335414459
0.7167461760322795
-2.522148371803249
-0.2503652307354453
1.2017049112363316
0.726861356497076
1.005361728192546
1.1550788522382063
1.6355703389074805
1.2778122307717839
1.0957872376647686
1.0706301573759396
0.4024203870575627
1.1281450870833585
0.5001331646742587
1.1878570894906748
-1.2481145410765575
0.4838656594235476
2.017216672920249
-3.5831570872052065
1.1211238880903391
2.201495037773669
1.616771407253601
-0.25011984670538434
1.0273367462702498
0.8768260107024061
0.38267411261240153
0.5160077216091641
0.33235369835311596
1.0825985860649676
0.8463665698025409
0.045394294780003556
1.0869282400686673
0.2169766081319069
0.7639137921112007
0.34265727430340515
1.1027243058463727
0.2511890119535871
0.7386591594526747
0.012168793551701786
0.4212596747436867
0.7450653795171438
0.4745944965385822
0.6755031442138688
0.986088814544731
-0.3923085043295059
0.9893361390502081
0.10564639511348582
0.27121413714430503
0.30439763291019034
0.724717591029064
0.9876142852410583
0.14359336729526778
0.4739145808812256
0.8082470531990782
0.5207531751671169
0.9668159386549919
0.6503841982063837
0.6499221766972633
0.22696253630871194
0.8444765486290439
0.9355002685977233
-0.729983571559775
1.3216870630113393
0.08588998160817304
0.9925711879825087
-0.11414249380198002
-0.6525887722535806
0.9321847926993183
1.096123144835715
1.7603656505963021
-3.493316138031101
0.3084636986828964
-1.592493825232319
0.7794158481992369
-0.37085469115495023
1.4087795041489435
1.1269157832911785
1.677783669858378
0.993223232421656
-1.312124113782636
0.9877868143568318
1.6601769798907577
-2.9382915370202642
1.9132094011786691
0.3340999776366384
2.730257475959323
1.3715700492538812
-5.899877612077939
-1.0542664115065468
0.3932291985460888
2.31863891623956
1.270710601966607
2.272216629830925
1.865722847618245
0.7304910225068115
2.542781396652929
0.07315418205625422
0.7900851360148993
0.18594132051348272
1.771950785761675
0.8623182583718495
-2.28528036707039
0.7967176169806095
1.0752948971481209
-4.35788658362337
0.22539257528010437
2.3231902288789374
2.7241849551929627
5.250464294934678
0.3490331308362764
0.3112608655320048
0.5226483851212937
0.6085760494159936
1.652914730687985
0.0378973315977669
1.6607653517575385
-0.35305407487744367
0.7377380525169511
-0.003939866735930926
0.47390815801004793
0.15044297302848766
0.6040172281200734
0.8493922138300841
0.2633616930029271
0.10027289955900134
1.3911573983600054
0.08658778217596133
0.6908296484520096
0.12007850557593434
0.8834576594216113
1.5175193675784888
1.428385660156818
0.5523731387198676
0.24500396434050997
0.6993534947227116
-0.1621808489661337
0.4925514105586189
-0.05646789513008206
-0.2820559319972805
0.8035122084145194
-0.036322373332647505
0.10397443782004391
0.4005635705151541
0.18687131404813542
0.5794498732067566
0.7848085185001857
-0.021124692887343935
1.6360914970306206
0.9928396711172821
-0.02297431839055513
0.2646178472880073
-0.19100952595175147
0.7113801740630467
-0.1568520732112453
0.5668131182283966
0.15290327318155583
3.533632469340489
0.3427829972394911
2.361445381132743
-0.5392991838918764
1.0308876517623604
-0.3051603492964485
0.02465658706140756
-0.30556479256899577
0.044711911815522566
1.1469765957734108
0.2483072888241628
-0.4064300428117393
3.2861514770444784
-0.15689993556816378
0.23074666931269963
-0.2573293148128188
0.7195265799027181
2.06762418133965
0.7403289325315404
0.025379577535336626
-0.2911444755717082
0.0980111067665995
-0.2417985916468322
-0.026493802332389994
0.09167397145060542
-0.5172902868836652
0.4837425193370475
0.3507859375439005
0.99310214185491
0.0178586325589523
0.11160783990064058
3.0494889179520626
0.31999008237477516
-0.37490763291383467
4.065205428460404
0.9926412823024978
-0.40620402754025475
-0.08236677306335975
-1.3750074966426307
0.46270421680710966
0.5267777495577253
0.7548910162703111
0.6025020769778311
0.0665152261506404
0.9315401083854558
0.8384622329520971
0.17170101265189178
0.7974334401019135
0.850683173370845
0.9021615269449837
0.0171464848513268
0.6713508726602234
0.06178914840721875
0.7689997329098197
0.557090285235759
0.2801304629294649
0.2192479095413694
0.26562484438823936
0.564863020181055
0.3599816835750008
-0.2142057403109126
0.4683757366618707
0.6845623855123704
0.11935111688085563
0.7365525604861672
0.05324071094310254
1.0184103779831117
0.8180735147719039
0.060307974747888855
1.0434106615608048
0.8420433212010393
0.9634125360187871
0.524913141979066
0.4374234933805766
0.5917431734220168
0.5439370311444485
0.3255394909699822
-0.5061225980058376
0.9490506777836756
0.40404571044328874
0.08173798556096969
1.1580701107294489
-0.04153043251665852
0.8159034791468569
1.0945074856890435
1.300336970160275
-1.5305092474947275
1.0923616059703598
-0.760642506771544
0.7420149589357674
0.2701221381502648
0.6764390335237489
1.4155902840149925
1.0867309514064931
0.7305954477067
-0.3411880847238921
0.6354882696124602
1.3525250209665234
-0.9454277958864132
0.8308138309104539
0.26551592024636284
1.7566765437950527
1.142519209598026
-2.1544730228388427
-0.09336113504936572
0.10617515010394095
0.9245009481352945
0.2952653949459079
0.8552419508133219
1.341002299474233
1.3522461775510581
1.360166817476021
0.6807879510068855
0.7036401028037826
0.7169597846288914
1.2801175776741143
0.3004196533588595
-0.8020192375389087
0.8992757863102137
1.4068712013843607
-3.2521464529271804
0.135244157058009
1.9287945735295364
0.6908174192706396
2.6066461994355064
1.2362210831789056
0.10114162428245906
0.17431798940359966
-0.07744441399269868
3.5526759685756018
0.21630258005749403
3.470225817545825
-0.7572050523939914
1.3448769372222815
-0.5432868238168888
-0.23958566637480957
-0.33332904373856165
-0.36893699359998955
0.8749691035665385
-0.1602042115443009
-0.4901451846981131
2.472474823263662
-0.533869349242583
0.5057939096076994
-0.4284186326678754
0.3316838176252812
4.155413356261899
1.1917072911166313
0.40953125417456787
-0.33546905383362813
0.353149761074555
-0.446914401046721
-0.3824882192753279
-0.38497256209337716
-0.7438563255075832
0.5627971911584199
-0.1802507622580044
0.6774250572447886
-0.3715725685291477
0.006281230530806078
1.2811142941035414
-0.30285515394741575
-0.5387430087004913
6.404646740100479
0.17539130773350636
-0.6296477134731324
-0.3551435878731474
-0.9202505367388221
0.3218067747516284
0.2401856366255633
1.1158532653733653
1.245223075190159
-0.2737720700829809
0.7727422076147291
0.2361778586349802
0.6548232771237157
1.0385828034123117
1.3955988021152261
0.6863928150149767
0.5919012449094396
0.6694299704040411
0.3389069371073775
0.5392480078228014
0.4310001139326796
-0.344134789383906
0.2787733329021751
1.1163249917074918
0.8734230510509121
0.8177403715799847
-0.9594209915049463
0.19689831889240839
0.9019989978644346
1.233182008665363
1.1343992030978123
1.1719266790680418
1.018562431245099
1.0379034384590262
0.30263527663157197
0.5086240284865755
0.9054438417423788
0.4088568186947193
0.2299472265590304
0.28600314942163524
0.36401068658433416
0.8823791032392722
0.9872921061064471
-1.1077236771497194
0.4485068301013829
0.32897642123620535
0.8744917227425774
0.6599506294480488
0.31014398708632607
0.38705019547726444
0.6504266286257729
0.04946757146706874
4.780684882520419
0.4415695491404188
1.6326943919018362
-0.21420769862415653
0.8543366844739289
0.2586339957627864
0.1724302289507725
-0.005674338893424637
0.30876038893610913
1.7765645939014962
0.15310835228471845
-0.24159843423056837
2.0592503953770875
-0.18826903449965765
0.8503919411168708
0.12537001875732967
0.6154142815674458
2.690307694185516
1.5072941008103602
0.7961162756063704
0.3370307938830493
0.14421097885625422
-0.2892963934916678
0.2628884929184465
0.4689288215677571
-0.07327532354897592
0.4368261807639467
0.7168839973667023
0.9651117570307322
0.2883357206378102
0.148356044890148
2.482465576422857
-0.09566033615994916
0.03746950226862734
1.118262218303856
1.3669860348550285
-0.0030280330268780443
-0.1490101069645669
-4.208227615376302
0.4722100274127223
0.37441914026696066
0.8848943580254974
1.2161509644278061
-0.8663300418791098
0.613700669905456
-0.08116595878755131
0.7408553472503607
1.0398083671739093
0.6765313506568185
1.3691204461972575
0.053312719888350756
0.43018054128518884
0.2703829144829655
0.19550110656584838
0.6590434571477151
-0.3716565124044395
0.5315525875592348
1.1809604439680141
0.5528256507778796
1.001212052444552
-1.2809447351137044
0.07987806457218806
0.3660822128435371
1.389161806108491
1.3328256613280003
0.21437439786209628
1.12206233002236
0.3282555044471002
0.22449949439220382
0.19483399607941523
0.5928425890937213
0.6498245466348415
1.1528862771090291
1.3262361749988163
-0.18747811287341945
1.2915246646043967
1.2477863972123453
-1.490418710697984
0.08537338943981908
0.654339411787343
0.7913045664257969
0.718712055452008
1.5452326207953697
0.2245172544663081
0.7622117092586379
0.11359885740433595
2.0484764056495917
0.08574290015738346
2.0186585869797
-0.21616193965345384
0.8321633373870687
0.011690977063504773
0.18905813787120493
0.023910913921163103
0.23178238625102282
1.2225334202597498
0.402271928177793
0.09922234317721897
0.9996254238712282
-0.20244181387306057
0.31081550036531247
0.27975053940993844
0.18737137699972944
1.7472511793223766
1.1685740881293791
0.6370684269871164
0.10236122612587606
0.7367209571546748
-0.24109923843596073
-0.05200636112147615
0.058106402681911175
-0.17268733245989795
0.7619529141169243
0.617580905391436
0.3380489853454404
0.5138656710256388
0.08177191838202359
1.2881149764491155
0.5606649838464195
-0.02208100668007574
0.49967305394100897
0.3880221554347978
-0.13208603622630566
0.21655394023491287
-0.803875279130236
0.4226872242446642
0.21168806563455356
0.11224280036262488
-0.014534095962655348
3.8756487241752158
0.15510452670794106
2.0617133970982295
-0.5783765052838423
1.2613223845903365
-0.4377775758921103
-0.22115319980856593
-0.1920486624053903
-0.3645711712591708
1.6304532678218318
0.030986860395404284
-0.42012405450180124
1.9199182691879586
-0.2752205325174313
0.530618172771762
-0.31634047337876536
-0.07827351933954836
5.601404147756392
2.044877491153681
0.522589028476086
-0.16978978926164046
-0.1285813579317139
-0.3063215142913296
-0.1617638685247359
-0.02227862538924364
-0.5238636721624045
0.5319314577882792
0.26634320364410213
0.37588645923951225
-0.3171700000449269
-0.10437446498698971
2.163926162302655
-0.04436506872801524
-0.2373860708470176
4.64541711236043
0.9808268199081096
-0.43635745762170497
-0.29374705597680023
0.43394804045047897
0.742692270638785
-0.0941720414809882
0.5447647872552885
-0.1608624198616916
6.999354551602611
0.732947726051442
2.4429238282309984
-0.898990981268626
0.6229269990589814
-0.31311919926473875
-0.18916374480215914
-0.300091047851346
0.030219292675756994
2.6956419701096506
-0.3194089458763755
-0.5191975645518077
2.03601363059271
-0.3452673602438705
0.3085646607370705
-0.5103623043451176
0.3681629208761659
3.69937580545424
2.832094744235817
0.7813139937640292
-0.30619161668402506
0.20865520237728108
-0.5616135465940602
-0.2367602092230928
-0.0828783064873346
-0.7089919233658809
0.789553449884485
-0.04908833830456909
0.39097494820633394
0.012132625261351955
0.23904929422166638
2.748140732011863
0.12906824302220635
-0.3203950799502581
4.004600276599835
0.9592209974004867
-0.6237801552810214
-0.34420102019357957
-3.061626351675789
0.6811186188077518
0.3165151092367298
0.653438039013778
0.39357228652649623
2.402739476407895
0.5008831223632778
0.20833775138045504
-0.23988134301693637
1.2891733559475675
0.6429713877300564
0.047757205581645944
0.3932989448672829
0.5432159586069679
0.5675041362401013
0.03682479211203309
0.080933743384041
0.30209126973595907
0.4859683947031477
0.4188530600800249
0.30060807128736766
1.1009346364384276
0.33128489092232777
1.646308103130009
0.062457417195314245
0.22354254508915972
0.9562534251241708
0.3618660646668094
0.25479967046134727
0.4181082294565016
-0.08151029515634281
0.5268946563397741
0.001529652486998632
0.818648516282114
-0.004461890082562105
0.8198922566673059
0.8685572600027711
0.9259549070772264
0.3290268840733945
0.48784377134322876
0.2592392759504854
-0.10893274011701364
0.23520284699880345
0.7922984739322104
0.6422797607085781
0.14603043581430195
1.5087141190746243
0.43925574590151545
-0.7418936859620893
0.6183639651505318
-0.28125701058230507
0.5884240350454814
0.11846368608627131
0.7339352413216078
0.4157004745993856
1.1038528972443509
1.372734567805988
0.4143528329379609
1.1241494079709886
0.34189545811988925
-0.21601555480383228
1.0549348650328196
0.7651387201443056
1.3701300765570943
1.2173594432245318
-1.8176025607163246
0.23406339265756
0.272571729148401
0.7064773652357605
1.4833797268385447
0.9829177848958739
1.4252308140099308
0.7091359042094533
0.8027698319699108
0.5840287318834407
0.1936709766031883
0.15652711275146056
0.7414078055067875
1.392460947896353
-0.10187714760139192
1.2089761996558308
1.2193509378574594
-1.5537991070950832
0.2573880237220493
0.6345623905762691
0.3852879309975515
1.1207895782817858
0.4522236928707214
0.3840064560396954
0.39043829230521176
0.49062927503069015
0.8472893811088914
0.0909791686289135
0.8343763579320174
0.0011538362679777148
0.7363340183993765
0.9329401348520907
0.6781077679159846
0.21091121147133068
0.600446032558764
0.20884861808362282
1.0789324310908994
0.3054697859640741
-0.07997341291153379
0.45011442688161296
1.2578455438247602
0.2115575560572327
1.4598111427125495
-0.17958331689219742
1.3208945220894057
0.40739718894515725
0.6291573921040076
0.5257515989159793
0.07200176024024514
1.0894950276143949
0.19579780484721704
-0.07378846446739054
0.16646771877596836
0.42941505459304746
0.8127698816348683
0.5569554274463813
0.3191565513963781
0.8495994255471344
0.8130826312515996
0.06833359864535843
-0.49107179096572706
1.219756327076611
0.22008566961163484
0.24581506969132616
-0.22819431705831483
-0.9201636904723891
1.6096886215421566
1.7601714468479073
2.988460009336573
-8.812631876720653
1.1760050027220401
-3.613566424188278
1.4668416592615514
-0.36083183155254844
4.065031413309036
2.9125032152489547
1.0656056658575612
1.132004047638398
-2.0520611157566266
2.343300007982284
1.4739218064015052
-2.5604733625480804
1.0004025808556996
0.26137706406926875
2.1565021953834105
0.8251714884355077
-5.6059612088502275
-1.5710111222275296
0.43030426364250135
1.214554136530708
2.5676766844688763
3.704202905613738
1.2330266136926094
0.9364717311296341
4.172916972016245
0.4505135186517407
1.173433763389758
0.20857272156217754
0.9226674948318223
1.4313734275453895
-5.086081644230332
2.1434714146743863
2.2011889085751335
-6.527086528299554
0.2990541496464281
1.8235395691572307
2.658799969030318
3.4266155136986396
0.21354291592688668
0.5659647749867945
1.78024342576992
0.5855870508399008
-1.449089116949591
0.5304816232683781
-0.40710766263051773
0.3539806009238497
0.3470705592714653
0.420236106015328
1.548478885057291
0.804654429796375
0.9418407098902036
-0.008109928421632079
0.35079392788812697
1.093122792099605
-0.6551219912301307
0.8038275815671763
0.9433110219586358
0.6195413503691868
0.9688545822509217
-2.6358061593270934
-0.18904977734988357
0.31774225946313167
0.26612306007564235
1.3594763385124202
0.9927588600855833
0.9521040907163474
0.7703024914685453
1.0655848948949203
1.0910513049624526
1.1223873798265709
0.8786911790320557
0.8346791366429566
1.8615767594780983
-0.5461863424056523
0.8720172287943889
0.7299360261145068
-3.0686498107051943
0.9494181490335178
1.103930514666702
1.8066605871223984
1.121109915645804
0.3697862553672187
0.046777779804759605
0.7812685733225032
0.8470626825933499
0.658445857639303
0.7034692835837946
0.05342602056563321
0.01756398154512061
1.1686352543688754
0.9869730086079461
0.21137713133623837
0.7281015621972492
0.38810521511891855
0.2358985101168391
0.37587507889866195
0.5317329080469236
-0.16079954789322526
0.7867774597016961
0.794131329136627
0.6353915788918344
1.2572627602981536
-0.5234398777986539
0.2550843308133543
0.5623434488935019
0.8324057150573817
1.087994018030465
0.8520181512327154
1.0324738125746227
0.1285709584305042
0.141146228862751
0.09644764327754665
0.15140385987922522
0.3770661526997509
0.5649887902329997
0.2200938510052755
0.027252107458432085
1.123276746040703
0.10254063463599637
-0.871467252191112
1.2899644068863116
0.11125262738318568
1.0034505540532126
0.5953015288887835
-2.01535142812626
1.0839243388238993
0.9886886495314429
1.1776384900863373
-9.079609905090166
0.7999782883210896
-3.9169771808789995
7.090192342745447
-1.9035260193613361
4.781802067607228
1.7875791285822606
1.3534393196561496
1.9737762934377212
-3.0528253872371023
1.0745045953407792
1.972009431523729
-5.489984941803778
4.115734953731591
-0.6108671086091694
1.6964768851549872
1.167020363115261
-12.828990802600137
-2.8473709923635284
1.070813418915523
1.4038601880018853
1.7779756906945234
4.0236324445939795
2.0560175038692856
1.1135121933582148
4.952801736939943
0.4484099526201387
0.3985282636302552
0.2563488201560744
2.451362843052552
2.1856337932572765
-4.112966511589866
2.12606172016153
4.235175540149266
-9.348431343361872
-0.38489148556638497
6.5559054301721105
3.1925522979294905
5.0620513774852185
0.47800920538893493
0.12786910115980496
0.9103833843363807
0.6280081772462585
2.7043076176300143
0.581477817215594
0.6673552969536529
-0.32501871929428794
1.1711414757303726
-0.10389624329862383
0.5130142300242444
0.05149889114634436
0.4881075618199693
0.7911556509035109
-0.07450057865064097
0.20172227635955803
1.2691738175277012
0.20761508418387856
0.27931114050828343
-0.12839490290335268
0.7213685105025974
0.7900798773090689
0.9638403478814537
0.7070753586602517
-0.020383917334034836
0.37692227568391035
0.07310545336731572
0.016921084295618
0.0712918336642242
-0.03872749294133121
0.08498757945993583
0.4446687920217026
0.28897655787238946
-0.06638879476016324
0.8988024672939017
0.8821475603153616
0.8331820100756676
0.21052066330553884
1.393702595382116
0.14206572511869592
-0.1382803907607051
0.06716416263035217
0.9287230895748408
0.3917791811092319
-0.039551360222588185
0.6840596649688478
0.5034903654248671
3.024655823895719
0.21973605672617727
1.5105374914415763
-0.11725388775372675
0.5632547263735643
-0.18914127076496132
0.08107895745756447
0.07142982885766341
0.4530561694772755
1.5350968113306056
-0.1036813627358746
-0.12316421831225605
1.12883088127672
0.03558687106254256
0.5137953861125683
0.12206318215136278
0.3632015457525761
2.2349127854035666
2.1240484803783173
0.6541562560141868
0.07940236018604724
1.0005004150018306
0.16391006872834496
0.2001189725337879
0.5384310971745792
-0.06708187279281824
0.5770848251461336
0.7028718320848684
0.19849990729570313
0.3746338504955157
0.6237606315372528
1.1656305463380159
0.4471210462127624
0.1964682043787309
0.9574977034427575
1.3824998005171436
-0.1797938120447096
-0.05301508372295633
-0.26219191961813637
1.477383040113016
0.6462507416812389
0.7382227480082201
0.021489377923497494
1.1742296099444793
0.3306537208723284
1.87159865327016
-0.23038384085239988
0.3944775143087776
0.22353043933358097
0.6112803055123117
0.3226555397429576
0.7797497625760483
1.7452333809767198
0.7422114823055056
-0.22352825617278774
1.7971371474220759
-0.07610702433563293
1.2203916881731456
0.29376883440767215
0.21038238810776133
0.666310480464157
1.5233205509022316
1.0473450948138
0.0041806089284295985
0.34616239174780483
-0.17216315156440296
-0.016307692023755843
0.7041256762519104
-0.18203836486794325
0.7587634732626143
0.7750174315641458
0.2674377458576572
-0.09706487097343432
-0.004569007934267131
1.0003106818126444
0.5958399848003944
0.2735412829976064
0.9805857195954646
0.18211746931897194
0.08834356423503129
0.1372037380498418
-1.7546827637712197
0.43309211631236155
0.5222437100245324
0.4745789201505718
0.697482335216134
0.28746392459070996
0.2018588808768596
0.1816562282884402
0.779917625061588
0.6124117160602728
0.6452059578725122
0.8590990032242483
-0.04941018575350523
0.8352312625248004
0.24299486255168248
0.8456882511288213
0.38337356318472476
0.23373897551104547
0.5572246754607779
0.6092349304041638
1.115756277906808
0.5875342566818198
-0.6741732494291821
0.3533401068206554
0.4269797307613413
0.20668710840461266
0.654091601187929
0.28259825087418244
0.7874421213914798
0.9854929512182863
0.5630216580044204
0.20972428334637416
1.0183327533285629
0.8571781005802372
0.32658171848802536
0.934647274229064
0.7996911676513782
1.2404140434802216
0.044207947267289965
-1.0477155697011344
0.8044652508511199
0.96878571245373
0.7026019274135744
0.49448261958481327
0.28678092821481393
-0.07191840280927987
0.817924759179101
0.5918144706520693
3.2108530535375133
0.5176495541973621
1.6956938665765098
-0.1760403662393064
1.2703814977673349
0.3445310502626306
0.06411118798637776
-0.06643150063181327
0.018164892462069995
0.47282524881683363
0.03803253984697756
0.03828596938745482
1.1538380422447772
0.17726633120599525
1.1695492302177317
-0.04253206023956685
0.983008299198735
2.3569688908288198
0.9114419849394075
0.2063373242988408
-0.10806424067014708
0.7844540698299193
0.1628965876701599
0.030533453751353898
0.03230820773826477
-0.018456456288231733
0.5047841159365037
0.25592031763488987
0.7037300382610027
0.4341722861504297
0.01655396631587789
1.5519685631046096
0.49954713189661554
-0.1455701816491821
1.6930192458183075
0.6327989055531604
0.12023645808804154
0.3195865918791996
-0.4867170038687816
2.267131878612911
0.35458933914591806
0.0864306515881586
0.004708754513603759
3.293161636271193
0.7883785410552987
1.7343528934031303
-0.645310265413038
0.8894016001381677
-0.3220556749228302
-0.06452589818655734
-0.3166177466654122
-0.15648354170260567
1.0645411111461576
0.07545642557950351
-0.40132770405596296
2.537739769127206
-0.3695620250273107
1.3309894290800577
-0.3746171290701409
0.5336632017570351
6.715667907247161
1.964313127047112
0.17264997377400607
-0.12117504597110847
0.28294238882046774
-0.33502632700604873
-0.26227937841707905
-0.2549266001392967
-0.6651550275873218
1.074813483708285
0.62221942437718
0.3293214149103457
0.00994366553492168
0.1613799971993226
1.3510671400451744
-0.006906890557893154
-0.3131509165108318
3.2645945438832635
0.8520653625879623
-0.5899783983092515
-0.40746663685348344
-2.2036911016040195
1.0016753910965779
0.7167137668198703
0.7019863893211571
0.2774702511254288
1.1534485983292253
0.10823699057881396
1.484683243527543
-0.4124189529066582
1.9796974594516523
-0.0882018401980258
0.11142428009935783
-0.14416384287146838
0.2275419315227017
0.3916846233646876
0.5535668140949401
-0.1779117962716799
1.5307337792420714
0.07530355106770927
0.6039255878310956
-0.14903128468157176
0.2690895343490333
1.4465649855871747
1.7118316419631632
0.4812948954534747
0.14866673053365093
0.5099514133483254
0.1917271873655882
0.2399158361668575
0.4321846481863746
-0.0824339380221068
0.7421673724685484
0.10244687189311112
0.6579026129644492
0.46097070036241583
0.809907336896623
1.60391053272806
0.20377349522848553
-0.09274253191421414
0.7561807790145584
0.3841877222632827
0.19595612791620848
0.19029431648660167
-0.6162237286510976
-0.33180091086551655
0.8533477438880324
1.6571057439675299
1.806611738823088
-3.3448279144389845
0.7745015227275694
-1.321013051656256
2.2691767033235237
0.08545006266320562
1.72592013069748
1.0238840093235024
1.3308362999018084
1.827097844034526
-0.872399235772752
1.5818733554786104
1.320433699456785
-1.6029085656328852
0.6957693966763945
0.7972185606845992
0.9386902508096157
1.9209636346561452
-4.176845184610617
-0.6871473758871639
1.0529335956010524
0.7087434782349661
1.891865432374977
1.0867693695175573
0.8226018525412244
1.6870072317188596
0.8181696567996579
0.9274774883110981
1.073726974740656
0.4739617462852
1.3808692464805703
2.0466709951758357
-2.030045763448422
1.9259759369638962
1.4378904530318521
-4.5869619329079505
0.6130537658670596
1.087661927012655
1.2032612174977941
2.1547296647170016
1.3322369993807788
-0.32073806944062333
-0.22377370739546545
-0.4286204451678217
3.4924141594949276
0.19960457872426482
0.8140437213452673
-0.8493922439768818
0.12852598039086943
-0.6161566597554309
-0.5991498053686677
-0.5320320957637839
-0.4575830544633031
0.5027386917054221
-0.38076245778366913
-0.6590321233061063
0.9414322846505228
-0.6149011817701479
-0.01567915948567466
-0.6486415018800593
-0.10956922644038139
5.2946706005120205
0.3128474326251817
0.022244155634287634
-0.5170550267563262
-0.08192878085151759
-0.6327924687603574
-0.5562770339468532
-0.4710445503292697
-0.8249452650367943
0.07636703482914275
-0.1478920272288494
0.020956581746369402
-0.4903730886689898
-0.4938656554352266
3.147212536938856
-0.4890323952904895
-0.6436693106286752
4.348537561323188
0.22014957371819652
-0.7468492889098718
-0.6909711742357912
12.966881638181018
1.665785239255022
0.6402531634322206
0.6722151652082755
0.33757403728505386
3.4995582083266283
0.7781354612979066
0.9738024512817431
-0.1826129904961451
1.3540621510744173
0.441215966636752
0.38004660477956026
0.08912434776090014
-0.11055935453671098
0.837050454022505
0.2894723336681676
-0.11918170166244228
0.7777020834413791
0.03169439302042215
1.5805285707077745
-0.0003178833838482255
0.9528642961920772
2.947009074019597
1.6597919291718821
0.7450884170690697
0.5638115129193377
0.5275533257955836
0.11300031194191452
0.4119211129618524
0.5211873573751384
0.019175616139273155
0.8510723576305788
0.4047954513883455
1.0564331651787673
0.34979088149803345
0.19542540883173998
2.138600852801921
0.46822887129202584
0.0540402990125098
1.1395172092999912
0.46346211734074666
-0.06100709596220974
0.3479639968470067
-2.554858762537767
-0.7743617268506797
1.254884006090304
1.070077965497035
1.6320917887409214
-7.523874257446206
0.32144888351588385
-2.220700653278503
3.794714573412552
-0.2289384307747744
2.942306525585051
1.0700121601810855
0.6957944517089365
1.3115333195104373
-1.261867183195847
1.5731488328941485
0.8745413553493003
-2.2734661471729236
2.4570140403144176
0.28268481661672584
1.1894141722806448
1.0602372118011973
-5.447126203241254
-1.43879007810876
0.7657931498324017
1.1290349790871246
2.5376657677881114
1.4520654727002267
2.158237790446365
2.821514049002165
1.3529326465537543
0.29526108866920786
1.8058389196930347
0.8715127007929347
2.1193582156246076
2.293284531573617
-3.406015920595647
2.2280211084578823
2.1775822838591243
-6.835410141161893
0.5502770551491486
1.7430303481493004
1.1682416139989122
1.469668974261611
0.11569122351368794
0.4118298892120891
0.8051720589889692
0.7053147927330017
-0.08863823932682638
0.9377404366298743
0.47622457560347753
0.5963793735295472
1.0572831506928573
0.8808302138067833
1.0016299270469666
0.8626033231295991
0.7343898407840663
0.7306831432471892
0.8046103462442455
0.7692548558236441
0.06586411406173148
0.8926734329482342
0.7447604696832487
0.45641976654485694
0.5887100512927094
-0.7780921984368202
0.9601939976891227
0.39275842269484806
1.0123241902002524
0.33490417587021876
0.805569617071831
0.9690864894770868
0.37854528764234463
0.6763006545621513
0.22908386278758616
0.4751182022206333
0.15666715870719436
0.45382702633687094
0.8272599796031038
0.6562580895315135
0.5420817187812808
0.9156821909154386
-0.9513413193587882
0.6637453282850362
0.34360482568879475
0.7192574900072974
-0.03415264160977135
