Architecture: k-jumps
Number of States: 44
Parameters:
14.97582206665042
-15.0
12.80585178124826
-15.0
12.19784066796938
-14.185225044565328
11.812852081943927
-13.13985128842414
11.936345453139122
-12.937624120450428
13.036155765477517
-15.0
0.0941165477493073
-15.0
0.15757362977432524
-4.795286742771751
-12.131508255794738
0.02929304798542008
-2.495943296917046
-15.0
0.39641658128542817
-7.327389516484792
-12.141480114460784
0.4758111688765431
-8.340637098472609
-12.404895663153152
-0.564183940497094
-0.08656318362404279
-7.323535032382895
-1.4663115273943859
-7.692391014645412
-10.10748140351414
-9.966780249070718
-11.877911549857252
-1.4782037958905596
-7.301893929400142
6.816335919188654
2.926227072144962
-2.5359853168198767
4.096631781783685
0.9282134716514595
-1.2328804304118328
1.866708775322601
1.9918147641533088
-0.03061862856380839
0.35169587585162293
1.4949987094655623
0.409951726053939
0.19895529190232122
0.8364863961302109
0.616215448229967
0.24418720254384882
0.5784368214040184
0.25448799549317364
0.1462102345965139
0.9073390433874906
0.9513783114259106
0.051616886173067845
0.9317989171213181
0.656137436339384
0.7271415593763524
0.4994986090267375
0.6295069348096932
0.7503627950649272
0.02802535034685707
0.48631102482085103
0.5348490057486802
0.40707252707762354
0.7780709797587085
0.45843278611958477
0.6178312767562673
0.11782274171232175
0.26951388099620144
0.8659232213965221
0.4352254429419682
0.06714544399721775
0.2198423424684152
0.5839615374022545
0.35616829321128074
0.9584529801080155
0.9366774434795916
0.44129551541012907
0.5034240921678204
0.6997224615624014
0.548416347737386
0.4437726887040717
0.9453449613794155
0.6599555973330103
0.0805524810861854
0.6210042349988081
0.4365112925670828
0.6323746502617987
0.0575230763199478
0.44217568175459604
0.6964223093062383
0.865795630123609
0.24399540465039937
0.057145125920640916
0.14003005854237904
0.023995329773011775
0.11296891378420726
0.3673282648265427
0.315665034836345
0.7023836363970034
0.9296907366988981
0.20948014714482854
0.33587230013139646
0.6327270245849711
0.1318279247588764
0.44161558810130175
0.015119385566752852
0.3531108103409256
0.6350810873346586
0.1098486162895993
0.17788241324754406
0.4833066549994921
0.10018770410296918
0.056282373448050316
0.7259825631094056
0.29696795436415835
0.1591017823349764
0.5319498149102055
