Architecture: chain
Number of States: 48
Parameters:
-4.678547353207816
-3.228357367589965
-3.1537086263164613
-4.645780661471408
-2.4264653114153925
-3.214954474476822
-3.626683317113715
-4.264279194545982
-2.4323032179215995
-4.84263005963376
-2.5306555739157424
-4.829894271139597
-2.7755986055440744
-4.079928411306712
-2.9362684544750834
-2.545942674678537
-2.8694869927861237
-3.6033310882827263
-2.438286275878549
-2.455369782180954
-4.405435066361763
-3.372035448805101
-2.714511190324816
-4.479307066005509
-4.8344841473522004
-3.3480893530542084
-3.015424540608923
-3.9836935658275956
-2.7522343221953633
-3.762623990758217
-2.735030849944496
-2.9331524175900676
-4.023601518315035
-2.968141586306524
-2.449551774450779
-4.667081972126975
-4.309349247896749
-4.5419589444950885
-2.4244437340596225
-4.164565679484011
-2.716737610239337
-2.8169591387924084
-3.1063281419668463
-4.840218454479649
-2.4251957935920085
-4.738928692367168
-4.645781147316504
