Architecture: full
Number of States: 36
Parameters:
-11.391777801320815
14.183948207678876
11.466299362230002
15.0
-12.190662247198398
-8.43453061043299
-12.007004976278047
2.885680657000191
-2.579125579504359
-9.909681157548215
-7.956050281601646
-8.05020967476462
-7.29534651197232
2.4673262372458082
11.750315559066518
2.2492346524990565
-0.9291277581549183
-7.493139180794171
-7.8673210857926605
-5.428009066337942
2.243582558631366
-12.296533186502034
-11.340277556297725
-11.925255055898255
12.201916721028669
1.8885313922242926
5.086421039747219
-9.345805316663794
-5.233510407546145
14.702019833930711
-12.566768105309485
-4.5136262830352045
5.236608209573598
-1.836656738021612
12.900254053298461
0.44255789004180457
-0.2729234219598164
-0.07560831250971753
-0.32822174003183435
1.068205999711674
0.6653335106051634
0.5791015760254137
-0.07342415483962784
0.7202113651763187
2.643160934351932
1.8679625811128486
1.2347566096580518
0.6644986984810547
0.291884210946147
-0.17837849539000603
0.12406401938013036
0.3288041037777547
0.7184070369882102
1.157553593193186
0.06777815108780973
-0.17394202495819944
1.1855534218885149
1.0947752804567974
0.4403622997645894
-0.36232074556901356
-0.05795901527366705
2.969391499932201
0.31592590359467815
0.41060844885984316
0.03111113602876231
0.34131112566575933
1.0257176003563253
0.1656742246766332
1.0657532061741561
-0.7460600696989077
3.256849858805817
6.176908528335634
9.417492898146602
4.504109099312159
2.2426775217764567
-2.8689539253925775
-1.1811307903569552
2.515656433932577
-1.140526681908655
-13.166139954827965
-7.6666464564944965
-1.0098945992352055
4.059032095449496
6.296003527162807
7.756589721411531
7.455068415154441
3.737994745178121
4.280080252156168
3.1724963479937665
-2.4757139369068133
4.8269518154231195
-3.454722372293137
4.576349965568305
6.82607132742509
8.463670359664441
1.0184801237863295
-13.618559258525968
10.379258513316966
-1.238207849060731
4.127758772564273
6.631021272304613
-13.532615040898149
5.820536916950229
-6.859053265332584
6.895452740606739
1.007925105599057
1.6690827284838867
5.030825827081727
4.311711211314721
1.7410217029944064
-0.9711340047339164
-0.4638851097705763
1.8779329698543208
-0.611045472613797
-10.624976960832887
-3.8769741164153584
-0.35468347312763987
2.730837511899566
4.399858978490244
4.461073085276816
5.1758399428730435
3.441926291492004
3.4851350929459546
1.373433657550834
-1.3888899795086749
4.315169326944316
-1.2432811399138433
4.7911142588839395
3.304476092126255
4.433032403342869
0.45567102356975303
-12.948873175083278
3.206117672135122
-0.611298753743321
4.741867363030056
4.49259047324832
-8.86221520605942
4.624487086136357
-3.6076042627157032
6.671028348706189
2.716225677369262
9.023594686314167
5.576348334201796
8.112400878164213
1.8449409349764805
-2.67636597561973
-2.08292290526219
3.24857732494365
-2.9697411478408884
-13.396686148474263
-10.310770613523932
-1.592536781313199
7.995726511116751
5.530701818333082
8.154290134742459
7.813485007938604
3.2068086026885374
7.608843053741879
0.8815875468615822
-4.305119420460148
6.701057823741183
-7.430761696085058
8.38986019343872
4.239947860569423
8.943630656770397
0.251506875307519
-14.078720987509033
7.298177270278582
-2.0229709071709565
12.02789678882042
7.842830128706484
-13.071428387196187
4.776978758820329
-9.373663122423343
9.83325515683881
0.6401724366151625
0.9637511530618325
0.880041864660021
0.29620703986961106
2.1500414617917736
0.8694745954581502
0.8341194594133707
0.9659062155774447
0.009876858494547338
-1.806700144908883
-0.5728552804213771
0.6191755298224073
0.7879342903189179
0.4562902493742693
0.3937958753835391
0.459033536090453
1.1336686619261396
1.0047164507229636
1.5662036921220273
0.09678294006573322
0.5147306457947585
0.7553344588784298
1.6541401119603998
1.682046962831139
0.39348959124870286
0.4905781352891719
-2.061119044090823
1.6922014224018365
-0.009645645902810297
0.7182848053436085
1.0171321489150027
-3.0409889071987677
0.800124662038941
0.06109587249828311
1.9670006977946748
-0.29341578886312586
-2.7058796634707587
-2.1979649067167797
-1.926430823437398
0.18419496058145304
2.5384864077240867
1.2770968554812034
-1.350737945687354
0.6914362973005701
8.047076242846343
7.98875481810205
1.7063638468711637
-2.3752237384685957
-1.2814829058619597
-1.8936421044992875
-2.6463671557274755
-0.6970593852461141
-1.1940954388818836
-0.019091618592852837
2.171577680241116
-1.6692912766552817
3.386806976063532
-1.7160525298450207
-0.5748314846971913
-2.0247879149561627
-0.40826296649960647
10.256416534512855
-2.4375154431371118
0.6760269967035166
-3.158401190503673
-0.5464064216872887
7.963714500793666
-2.1696811313255546
8.25253900833436
-4.148520292016974
-0.8028261024329453
-4.110700110418642
-3.4101289302883253
-2.919037839012429
-0.41158625800291815
1.0587661907342933
1.9096654335054044
-2.274123909880204
0.5206707154369489
7.631152876451378
8.573567989180072
0.9872332804781129
-2.2195586217281216
-1.9657514177232918
-3.6707530808045017
-3.6457405204666196
-2.108855339386233
-2.207497224833386
-0.7750265905921828
0.49732596369390325
-2.407412663946884
3.6305236394668374
-2.715190905224648
-1.16625442495104
-4.093616227485973
-1.0210487821478382
12.59657929059162
-2.1487995000101643
0.6591342973128842
-2.735282226905719
-1.3619468075524466
11.5638541242749
-3.0204106245495326
8.784227089140085
3.350376415164175
0.0708420720580784
-1.6225114184876128
-2.802781267520035
-2.3416616177206504
0.07771038335485767
1.9216131954594318
1.2777854975815857
-1.9926592290227074
0.8485932313103172
5.047922481297376
3.4576121743448343
0.5074990139762009
-1.196827933860587
-1.1924549020049913
-1.7660031318926792
-1.6022934684213235
-0.6969213875042057
-1.415549262576871
-0.2029966388051013
1.0333027652085447
-1.3068488948900845
3.4560066028593255
-1.2226899079328464
-0.29629128990919334
-1.78059625488903
-0.26465973455095543
11.154396744663309
-1.1672863079730598
1.3031397394936521
-2.2107518029681352
-0.46862055307866346
5.523486189286121
-1.9069702910885233
4.90885776632038
5.792117588921327
-0.04577130141918693
-1.6168138431161114
-2.5365814232965525
-2.7981360502366233
0.7039522748013206
0.7736621266881742
2.081968225751075
-1.4167445830764696
1.160284844704696
8.613025304552572
5.567061555345819
0.781229547962931
-2.4315463581576116
-1.674081955345916
-3.241058167622364
-2.960563331742371
-0.8182537644358943
-1.5990987576463218
-0.0202737797270497
2.3778529087377316
-2.0970748929800926
6.207562687947779
-1.4372354172297233
-0.6246844824369857
-4.045145242998617
-0.42080075559593927
11.105338516991088
-1.6259207533963338
1.8196182820672397
-1.9475585614475184
-0.7091910209630977
8.021967224221155
-2.012762047259464
4.513722696400826
0.9729233182596915
-1.25846185715862
-3.3098574886961414
-3.5964114606360953
-6.296949264527038
-0.7705613084493277
1.6611167122820567
2.3770157865937303
-4.170421446404769
0.7824621130135335
14.653276476249157
6.428238602569099
0.5642658230554208
-3.5222649964461787
-2.653078598892734
-4.512571960092611
-4.945005157238897
-1.8590778620129305
-3.4730212564456187
-1.2266712016794605
2.1827905911338985
-3.654895185837714
3.10314336797892
-2.5191269582037554
-1.9918293242538243
-4.172412063102472
-0.979689731563165
10.545106396376772
-5.1628779499353215
0.2997537192787863
-5.049419703242628
-2.918924989695298
14.525447647340252
-3.0703474372909167
4.594894162104889
-5.932413679617708
-0.3090832182502252
-2.36120522996888
-2.1843260922371064
-3.3067654892155187
0.19879830823759678
2.7697567224158153
1.672001876373995
-1.9875120723714153
1.3265676903265566
9.20205581909469
9.206277289456507
1.4142273375432184
-2.64992405794343
-2.2886926088411697
-2.578085146838799
-2.954550519944799
-0.8175531623108178
-2.6036685982152985
-0.2657493745494418
2.4635669319693165
-3.381106384885018
7.062756685598778
-1.9795825311532087
-0.7765413600669547
-2.349805031197641
-0.06620326872849677
13.781846368149445
-2.2902553394850163
0.5941402549426872
-3.0272366843594343
-0.814272577825646
8.119609222946798
-2.44929087049683
4.914172901980571
-8.85425726492485
-0.5319795489640572
-3.333461126482564
-2.6670118301612806
-4.215089889808873
-0.23224948186445385
1.7213421162689728
2.82856287750314
-2.070167585429593
0.9418167745996537
11.351541696598563
4.6314210417544235
0.5011072979954477
-2.136416862558737
-2.006190659044994
-2.4185000150281417
-3.8397268061486356
-1.226575491991386
-1.847062811451717
-0.38674280927534727
2.395410553085162
-2.4733504304962755
3.5331591979712553
-1.7871322950931279
-1.478700436812063
-3.4158355713309194
-0.6219795588159459
11.826454777844399
-2.2088882402188497
1.5837456541715556
-2.2539836821039514
-1.5819570460015204
9.807835615184214
-2.2809157080740916
4.663628362116055
-0.8358878881940747
4.775299466440515
7.591912014925586
6.530260913085362
6.083876043598857
1.7264923598590562
-1.201739079324439
-0.11926067306711256
7.74898725291182
-0.26023398395754427
-10.092710011845053
-8.948864948481082
0.2876485951612727
3.573810624677667
5.344907595697834
7.888094062975341
6.178209076700093
3.168607023938223
3.1589103408329273
3.503149742914588
-1.3772565681026518
6.058769407159445
-2.805523103814373
4.4046863261186076
4.017969828105904
4.219275405890122
0.7905653656415301
-13.364260525508199
6.2044929771241515
-0.3585690018813919
5.05302128363068
6.114391585808277
-13.237610149082045
6.063416639784045
-8.708123688294082
1.9712839354507599
1.0099740083770752
1.3805128043523744
0.19165682457777403
0.9894807809528312
0.5928654749938086
0.8351745147893584
1.2607238612396792
1.2902348570176838
0.007022895692596322
-1.2400669638924808
-0.4954359408013995
0.7149179500051641
1.4913242881437279
1.5481008967729533
1.166562685832064
1.1250082974416058
1.537439773559509
0.9197396591778052
1.4593132344977715
-0.02494993377668288
0.9858784938132337
0.7260962435789812
1.395435467651903
1.8726975615927233
0.36988756683034507
0.1286916251474918
-2.904801775508029
2.25701311939768
0.08678687129526219
0.23972742468381725
1.2824167285893346
-3.2264247742243803
1.212512651489364
-0.25216649373054106
1.4918122650279697
5.419607723536491
6.306079220005039
7.811745330071904
9.814577630274984
4.076850439731849
-2.6144614716748253
-2.186017375630815
6.508450507691921
-2.437876544357262
-14.073671264582355
-13.339259229637014
-1.5468441678557199
10.031150090932679
5.083643187467942
8.825208044983041
9.253158461050855
3.1187745293545475
6.894696836814386
2.196349719717036
-4.535698198360928
10.765806625330123
-6.348313283351046
6.508353764799894
8.128464911627814
7.339007586662633
2.1698642517423483
-14.265373941406338
13.251896155951327
-1.9547134554642065
10.025430517405118
7.970106296141883
-13.603768223033416
8.249685840566178
-9.820757306585774
8.275330786452678
1.4149180066872802
-0.04204834718995247
0.013446993822967743
-0.0396954604414752
1.7575484065594336
1.2306561335385773
0.5908762092526083
-0.0701446880398763
-0.12307711180878253
0.4314622172034647
1.7030369172838102
0.43845050521389234
0.5801261155153309
0.44352557863982983
0.21550659443174697
0.11751577639397266
0.8875144903644666
0.015260546439327175
0.7629259056553208
0.08452794575831543
-0.07503941822579972
1.4931975655525325
1.2265616950987177
0.6358030076325144
-0.4036020994932065
0.07187532552011051
1.6344719434279293
0.8343067537532004
0.3820116850398049
-0.10987439046307818
1.7422968118054436
0.48547535609001513
-0.013995312328557694
1.1909558112709027
3.665289018438383
0.9743071652062706
1.3079504667880082
1.382332171793769
1.8582213900866373
0.9516917312993936
0.4868896346410199
0.6439299026942382
1.0768523054836463
0.5318055464105947
-2.0227854022085894
-0.5344484320699715
0.3538770942292026
1.17173637889519
1.1116354480051347
1.2566941576092554
0.7260760676447978
1.376255244795234
2.5253349903027185
1.5759535279351895
-0.06244216500842085
0.6409703382100094
1.229920893521062
2.8392011808406625
2.214659627585575
1.163049948137579
0.24938796063027313
-3.3472367860618246
2.069790332574709
0.7737611237735152
1.178614448534637
2.9782875221734577
-2.3219355069922236
1.7072977153591402
-0.06304820278629059
-7.417405635149418
0.39802177304429054
-1.5607288242075816
-1.7644651665287159
-1.5362512470653924
0.13933759173171553
1.2327453451133732
2.1808079539285785
-1.2857059407521023
0.6089813963760289
7.0128446795222965
1.9997580762514053
0.7035238791413584
-0.8130386968531229
-0.9247587095664463
-1.6974054713482243
-1.399706448096189
-0.3726543116111892
-0.7422342965755684
-0.020550561637234423
1.0495602072929593
-1.2219795249188252
1.3114441054395607
-0.509783119701894
-0.040778072952164686
-1.644505556915058
-0.3113101255110544
10.414790823738597
-0.9826615708967611
0.30316379343266364
-1.5090900508851808
-0.04434805282452759
6.105390652782014
-1.3386307768540935
4.678306789074993
2.4446155659497553
-0.10366225884241662
-2.7548099588372947
-1.9327917463797664
-2.0934533527106707
-0.05831133557142743
0.8196430184921113
2.9405255396626866
-1.429482790553687
0.4287554777528022
9.772155925506596
8.932143281168239
0.967150592151405
-1.6819611308955893
-1.8383353960231592
-3.0186669775932797
-3.2625198888926796
-0.8686360537200147
-1.9285665646739982
-0.23478919221377229
0.4195679854414484
-2.0304151913684603
2.567758986436356
-1.1370750151634317
-0.8238232951291993
-3.615400222954684
-0.42463241464080265
11.883400240403343
-1.8255468516456537
0.5157135402740122
-2.4123082306432604
-0.6266024957975632
6.708640638804229
-1.9383673727164807
6.048813947124609
-1.684503858166512
-0.9576965186788537
-3.667159755253828
-5.020176799597045
-3.450917005127737
-0.40260580745811264
1.4243980480498146
1.3153457554479835
-3.533407467096308
0.5255281776090586
13.367670077524204
5.1267986936341465
0.9429549313179852
-4.654671540469078
-2.747270867862861
-5.636041879770898
-3.487394052633923
-1.4047888586512363
-2.5096780287280493
-0.7330136980096197
2.2399314165280946
-2.4911373423962546
4.547861471598078
-2.00314026925764
-1.3161577355122878
-3.9751749918064894
-0.7996273987923581
11.363528566529045
-3.181441105269517
0.6934546920730192
-2.9084672368319255
-2.0978179323876525
11.36530679156855
-4.385110469500322
4.28075079183959
8.306951123254072
0.718522957284282
1.4908404824210442
1.0467085267080305
0.2789814028036954
2.224582068225659
0.9301138916280598
0.5240163986056954
0.47407441418780966
-0.03636409999395281
-1.2203429247082702
-0.360482639035632
0.2065732125510588
1.6616060055431272
0.4724152709502983
1.7625786632922589
1.0210872760708516
0.8099022832732653
1.4337662179194075
0.9576934841496479
-0.2298729576738859
0.9949510610009804
0.6883906696563433
1.7795277303374692
1.7291156871706792
0.8564864848555988
0.4266860638745987
-2.8698351066793553
2.2918351943793787
-0.06013235946930873
0.5057835608428328
1.6352813822456123
-2.675850418242837
0.6400274778307701
-0.326700309248539
-0.19052630357888134
-0.47985384183520546
-2.828680391256571
-2.839787673030241
-3.096230684018406
0.28624369746555406
1.4382014766410176
2.1597027207825192
-2.392124818989756
1.0109645264751017
12.89039792871092
4.508530590892583
0.6779913858652734
-1.911928866075595
-1.6861868474513602
-2.25460281264937
-2.946109550834464
-1.010944011718723
-1.6421981422713077
-0.3527403179566723
1.9210839517653067
-1.9522081869756336
3.6066259889830103
-1.973155601919662
-0.9426006648545814
-2.6954535186812776
-0.5410293573796612
12.253763921412183
-2.3985635432428825
0.2517766808316872
-2.122679483285488
-0.9944207583687371
10.556731746131438
-3.711802098424639
5.653600791606327
-8.216666969854401
1.4677406245306466
0.31604864110443126
0.9385902955735547
0.22249112810270125
2.06799824059831
0.0935626675523376
1.22349610627663
1.0704128947391673
-0.10771825751081804
-1.0248366725148768
-0.21983633285677484
0.4452334521685922
0.6411741469122395
0.5557760176673252
0.627541889933257
0.40266593140185925
0.8258098389298145
1.3670921469496322
0.2774703002049591
-0.009568297948299031
1.4421923786909885
1.5232456369816993
2.3364578873630943
1.7407314543320072
0.411680394254134
0.23553682559500308
-2.569881846602228
2.0057783792942154
0.068225166871402
0.5639555273711208
1.7960130964126573
-2.3522188048968053
0.2738458020630396
0.037625889738252136
2.6228604346506175
0.7805950016454324
1.331851698369434
1.7283375820160303
1.9355001286978286
3.1948429536584255
0.9362918157471716
1.1234766504215665
0.849158159238432
0.5922982230528673
-2.2302133698978297
-1.2546295703367627
0.5491616796603587
2.4459694618330547
0.618293279421314
1.5375441647507835
1.23432370740052
1.1484633336119392
2.2467806838588427
1.768668802589379
0.07905291593960673
0.7144349644911538
1.7893078876763877
2.1156457889860136
2.635017066649863
0.4296306938780378
0.9969570359457756
-4.250802696112339
3.072615225838042
0.403786237886905
0.5104842303575048
2.0640055165431654
-3.5874551940589687
1.098079954149465
-0.35969814822557816
-6.855668564505098
1.9250717466070828
2.980242432015153
1.2262725800401502
3.8867776792456885
1.627197224593608
-0.49885005117852205
-0.32230062679081495
2.1810446405704473
-0.5663693540809556
-5.3153918541207075
-3.3653473402367378
-0.2939647981610374
2.264002251308946
2.1732737570901355
5.115165919990533
1.9676078931488439
2.5695518586996813
2.256472446282518
1.4054425217409794
-1.881946619540968
1.296444341600049
-0.5264731903339029
1.8472791740000527
3.606060926857662
1.264142545615889
0.3076285707129884
-8.27687277967913
3.641161013507557
-0.5246809168305115
1.3579293784453013
2.7768013194632886
-9.708610059124027
2.8205194765335873
-3.2436514996667754
6.264490223461427
0.37329608635885947
-1.2304077015574482
-1.5000891778440548
-2.3730632817437693
0.669823031636235
1.5191353174758222
1.3037415018424647
-1.0008112936531464
1.2108679602717458
7.806275839108367
7.602040339628369
0.8417252633836996
-0.9934409300552663
-1.37063144321031
-2.1137667069051447
-1.3817484656978993
-0.4145869809221748
-0.8576222802724298
0.6200883893287371
2.4323453663546455
-1.1842946291981862
4.438430130262145
-0.7013034123864901
-0.27497816725307267
-1.9394834779243804
-0.15638530988329225
8.008050659403898
-1.6425825201425779
0.8854718995199322
-2.141849798173527
-0.025424602241494024
5.3221358213200896
-1.2436274805850116
3.8693080493918104
-6.124571883825281
-0.9260134457531006
-2.522333214433996
-3.228676737504848
-2.978831406349548
-0.5758196447352664
1.1850975400562545
0.8581311020773184
-3.71458953609526
0.7993853482603898
13.462857022476177
8.951584135539099
1.4093416821745923
-2.373659486481549
-2.1616344884917655
-4.846282105973246
-4.67534625960126
-1.4771221219340267
-3.0711272922254036
-0.7173576161520494
2.173165391432932
-3.1697674396460336
2.4713393463235063
-2.8524503077376546
-1.6010763312519964
-3.830730630944508
-0.6193583000227879
13.928253140541452
-3.2174325508040797
0.3148360556202052
-2.5398446857913144
-1.872802226537856
6.216766569483332
-4.114468507877376
4.499105880135855
3.024488909759611
3.772840072631522
8.265944843959588
9.643336981402234
7.9562020515861125
5.365453464694605
-1.7639256918249426
-0.7550548799946292
5.38947349626681
-0.5924032170011456
-13.921125734551818
-9.65038736661968
-0.06538985267402102
9.828802061617047
8.402267969156496
6.49332871184316
9.717486194399669
8.157690447280457
10.421753931036267
2.588755041861788
-3.4185979251309964
8.9897823775526
-6.193838015970891
7.697294771900121
8.493056834299212
9.646755532352604
1.029867704182008
-12.407285916397122
9.763458295920541
-0.7789822957269473
5.9889040069221995
3.9801701913335923
-11.789292195070367
4.914803897181658
-11.748868263826239
-0.908486630439665
-0.12640929364518233
-2.217492444830525
-1.9823293269945192
-2.053454800560931
0.19398727151276132
0.7968061584057814
1.8818426890224502
-1.1492301332742814
1.1288242634413357
8.133062518027666
3.0762594987519174
1.5354540497407543
-1.5609910423359998
-1.3738395201581373
-2.532728568704998
-2.8178727566116417
-0.5824142824495646
-1.033113125061349
0.2356912251809618
0.866694911911649
-1.441988112828083
4.545250577174721
-1.2247530221488603
-0.37814244788866386
-3.3012363942508993
0.043473984580191756
13.05677133036093
-1.4289286610138225
1.1249137560289653
-1.8446114041106936
-0.3931924339576475
5.451658962510589
-2.0684254273557325
7.301062377344439
-3.1118625685394106
2.168515864775775
8.990305626885263
7.270487563416665
6.827584814521429
4.311433864659699
-2.357324119322661
-1.5726844681254102
5.7354259742364135
-1.4046463921700885
-13.24667706416148
-12.911681825626815
-1.3188788377297016
7.721948158009916
4.686133214072426
11.386903329200287
8.025086237662695
5.529781367508389
5.096187290125103
2.157338048097821
-3.5437516574521064
6.907290315085342
-3.6531089751364405
7.027599277250187
5.06493283927772
7.12495622512486
0.3520841404266777
-14.09849152250379
5.2190660942198965
-1.6903788308039396
9.708006915519082
5.44764105614061
-12.955887740572845
7.388403880877734
-8.626344563393536
6.67224087236626
2.220843150133717
0.10703087799289006
0.011681255583416188
0.2615570676938589
1.099450841094348
1.184943538585072
1.8168371595951827
0.2658089285475871
0.4810807976196481
0.16913321702213838
0.4328381440875935
0.23224649059422828
0.9759103770080196
1.10503249460282
0.3142125183574168
0.6321881821627906
0.8739791291590095
1.8470645404971762
1.0163156398830508
0.2782728618744469
0.3349638937821118
0.9465711272313633
1.814620374993736
2.224334911257592
-0.11482055669799837
0.13065517419703226
-0.04023860337859062
1.5770896022382825
0.6668258908850806
0.11725842270767987
1.998739392469876
-0.7365891280931276
0.2618043350093708
1.0034928171808182
-4.021971163989741
-1.6430043597394357
-5.765373187335458
-6.510690775509044
-3.2614793035449385
-1.118768703161758
0.8568433314339226
1.3662501818165602
-4.975787687008714
-0.27057127366548944
12.826507660585575
6.456694591895837
0.19262740837741688
-4.032040449296663
-3.534014380138187
-6.322669352844256
-5.816522948065731
-2.0453629799401454
-5.168674025227661
-1.398828505905273
1.0079481884558597
-4.393022357275649
2.843578437591728
-2.5460170127748314
-3.4000799621135576
-5.3813946229499106
-1.1572187202039697
10.162565256928215
-5.04170248119839
0.20724803215738338
-4.6419319798050225
-1.9999427698646122
14.957810109154885
-3.558048319833513
3.7937908180315967
14.862125630143012
0.18077457540500402
-0.30376883000225113
-0.6354774595236304
-0.7718570450621377
0.7425329462100471
0.4838136368584307
0.8953977555909713
-0.442009361414057
0.5777181099402584
3.7295017100121024
1.20265455464679
0.092023826300978
0.0967763626855615
-0.1606788823324572
-0.49623724195843205
-0.5537598408211944
-0.18623504477218594
0.05350832855531718
0.4414220396552977
0.3851023763450056
-0.2841429601857759
3.4297237053749425
0.5209731565385444
0.259928641034049
-0.8475219598764279
-0.15705665607502364
2.9597282294657674
0.268088566762372
0.2681459410559768
-0.4537532032368545
1.130111828533754
0.929673343501065
-0.4893784307656703
2.6333876875309015
4.232448436571222
-1.142527385450198
-4.5963096880872705
-4.551105021205951
-3.9254947980184896
-0.5066422521646469
1.8486514768193278
1.9790939787353712
-4.247082841208856
0.8247580133389418
12.593069405583792
4.609743532439902
1.1465805924991592
-2.4782615399472725
-4.032287747379524
-2.8517409618511635
-2.96572019166367
-1.6470437919529413
-3.0106571552809553
-0.8226165131484332
0.9383175139237565
-3.535082059417666
2.281868422026374
-2.163169237815163
-1.6571504678975986
-6.8039638504044655
-0.9349368605470212
13.691620910942994
-3.627710660832608
0.8917609006659794
-3.8119177784745193
-2.5204273369798886
12.193221547659604
-3.137607225817316
8.215744874595774
6.153578446971758
