Architecture: k-jumps
Number of States: 16
Parameters:
7.765569304415837
-12.287939615367817
-0.08758134487638086
-15.0
5.214184518453919
-13.140998295994894
9.99405546561206
-11.969585791042752
-0.09951243551243973
-13.043424373924868
-0.0944991392106627
-12.921776955067344
-0.12855631414104748
-3.3425947823399698
11.32145588902142
-5.323357409960557
-13.650998012522708
-0.14939933300883648
-4.38409113304565
-15.0
9.422212111519423
-13.76095928324534
-10.206786962586884
-0.5509676594171266
-1.2457031735699071
-15.0
10.786050923793102
-15.0
-9.12546741548177
5.358386487060656
-9.456041968342484
-11.337683961242883
-0.10479560644133253
-11.031873016362963
-11.636903503751276
10.606033951056654
-7.921723954331006
-1.7729368365195197
