Architecture: combined
Number of States: 18
Parameters:
15.0
-15.0
14.959462020033454
-14.982869004852256
14.929469635628951
-15.0
10.772619462343686
-14.759384624891831
-3.7663923921727203
-10.225722913840132
-4.583029933234825
-4.258786574652741
-8.774977259398797
-7.255966263178456
10.015692955564537
-14.404716341574652
5.696062679239915
-12.528682161054162
4.374226932480788
-8.433044984418654
3.0930247334031287
-8.110593107031642
-0.5316707325305716
-8.36541057535489
4.578290668533961
-10.685555958399997
4.3707038308714194
-7.318618013232453
-1.9047390148450363
-7.762437085020626
3.716828149778313
-9.743848167006087
-10.005717933084076
-15.0
