Architecture: escape_chain
Number of States: 50
Parameters:
-15.0
-15.0
-14.63704650375404
-15.0
-15.0
-15.0
-5.522448693797549
-6.171228005945443
-5.082655742795473
-5.086944539426383
-4.248860223136882
-4.383643484496056
-3.948124117816674
-3.060799553413824
-3.0610794988338537
-2.6212196510400574
-2.3141263998536883
-2.4814321943604116
-2.082783739814597
-1.6213951713838415
-1.8080380085349985
-1.7754212138162644
-1.3713910875861706
-1.1541772171400084
-0.818101069180216
-0.7926554545478619
-1.7278663475508016
-0.49965998574962395
-0.2880253659274842
-0.0019531607291086656
0.00033867078499116095
0.03668313393900667
-3.2820883171766124
-3.33625293605798
3.2647623840810645
0.6754622711082815
0.9592108717902345
0.19792666770666667
0.6525754313122551
0.432749057879242
0.8752819818632036
0.3635271711306999
0.6200511090415052
0.6562017265941213
0.5823994877443325
0.2594988018065756
0.04242886045498839
0.3546667783726919
0.43254336888151623
