Architecture: cyclic
Number of States: 28
Parameters:
0.0003063398973549738
-0.6164423889833476
-0.6009971247507947
-0.8895649405207303
-0.7904724094061443
-0.8989160364972157
-0.6902808293763262
-0.8010905548701329
-0.8406040250724824
-0.6549741196740946
-0.6376351689942953
-0.8402440987118669
-0.6002414886525824
-0.6252837763203786
-0.711856198894829
-0.6880201265588506
-0.6942389165759065
-0.6364775647744171
-0.5891055997503459
-0.6511237180360695
-0.6351463445276745
-0.6431916140268454
-0.6304115286760763
-0.8703158762013439
-0.8485681900770533
-0.8579118235944344
-0.8332520678949913
