Architecture: chain
Number of States: 50
Parameters:
1.8163760593142637
1.8156725064564083
1.8151054556729025
1.8160545436421105
1.8166872905351723
1.8167631070468198
1.8167083756046318
1.8164924028762819
1.8162910609229754
1.8167546537734238
1.8166251329136844
1.8170405603797881
1.8169754298243397
1.8161748123217696
1.8168820299305648
1.8167760716210781
1.816302184885673
1.8154357961039107
1.8154497950760593
1.816837671207971
1.816930482348168
1.816779283819251
1.8164547174354384
1.8166763712365435
1.8169621946080192
1.8167320860523746
1.816289505646097
1.8176217751679813
1.8169006645341554
1.8167170911454666
1.815186204866931
1.8166128695598591
1.816615317320171
1.8166396604965467
1.814885851158143
1.8169409450034295
1.814921721296505
1.8162099784215673
1.8165844936075302
1.8167050887689469
1.8163494356525494
1.816620661267625
1.8153039544801282
1.8163318555312873
1.8169014258018599
1.8162107905007292
1.8166290560762814
1.8157728110987679
1.816631285479738
