Architecture: cyclic
Number of States: 30
Parameters:
-0.003126785515525519
0.5922113153739017
-6.113584190646242
-5.205262175226765
-4.374812924137676
-2.635067487121821
-4.0276900502370125
-5.7307833645449335
-1.4412369580769797
0.4745078182823689
-4.550235657128682
0.4824039975833071
0.3526612293920816
-1.2418026927192414
-2.4128053989895624
-4.3455823981412
-3.9186417937454987
-2.653292365756483
-5.617111303004468
0.478716335019591
-7.875615102620928
-3.1552101298977653
-3.3871166499005105
0.4047196625583609
-7.455843978607383
-1.9965914537762544
-6.019843477218491
-7.099036220159882
-6.114569476923102
