Architecture: full
Number of States: 44
Parameters:
6.696734618021819
-3.7355860334646542
-3.926855264479431
6.734539920519439
2.6378178358996234
15.0
3.816119697402348
-3.0249074226871793
4.248066551982958
1.3056029921816716
1.4578350718459474
-15.0
-4.907569466610223
5.395524107728072
-10.368782359577818
-1.9881236118052454
7.256972037876724
-1.6593648208714809
-2.538943352855063
1.839560075229573
0.39541149426178396
2.8091379833455012
-12.019519656298748
4.868051544353694
3.6067207583650123
2.7302825928109664
8.966482201884501
9.152777753395185
9.01283419506098
5.944765088786163
-6.189896301839797
-6.450273065181469
-5.968729733199909
7.166890193882258
3.3247069229890345
0.02546119170899826
1.4340404225698096
5.045026055215305
-1.5223627359886311
0.42192126337045377
-6.047767009581661
8.944706703963684
-15.0
0.5629212836277462
0.6085331114710253
1.3728402025801276
0.3858718499090236
0.36437370151286486
-0.009285077745177603
0.03032672818693825
0.7166482009202975
0.9632867248581793
0.8711413778440594
0.23447405347778993
-0.8456796658083142
0.8325013451231604
1.0344496811736434
0.5292051866087651
0.7191842542550706
0.29798146916163865
0.9707471149817115
0.4783970486325741
0.07717393671320052
0.5081687210582626
0.639062089219942
1.0677058974574334
1.2333777230842973
1.0635008656364136
0.6383452459307639
1.0051389425644475
0.17264461951152466
0.30887925490658114
1.0791685361161867
0.3271459381283519
0.7484958791521059
0.7103697409975328
1.053603092463622
0.357385737165953
0.11134922359215467
0.5784948172067171
0.565820772311975
0.22943823001627583
0.6181331666246518
0.3318138916088432
0.4319902720310821
-3.778743231575828
0.4280042789517074
0.9075388355118027
0.13557251004006868
0.12871992109125027
-0.15369338527461562
-0.004205346802602081
1.1874048778752924
0.8868104393491956
-0.052982319890242026
0.615794798475964
1.694593566774146
4.2805388220995875
0.09299786284094991
0.46737747707617683
0.2649886667325768
0.4837274769671597
0.8066398098324471
0.749502879309918
0.1703868770255528
0.32332265588729536
0.5888609612812341
-0.18114687642430993
0.7777544231343844
0.15250812103535144
0.5941541700262449
0.5176443263196024
0.30901089068111154
0.05681257211278999
-0.21297106878917163
0.0008285439521937311
0.38010853637518976
0.5928085693488611
1.1707247557524003
0.2949493324569983
0.4697258555874153
-0.0018716396956699275
0.33368085400868097
0.14141387899208452
-0.04437238347398721
0.21403923825322468
2.0480087156712026
0.36392265779385535
-0.4931090577708373
0.5789285223562496
0.7627368972395007
0.8591155700810843
-0.07846826999167207
0.1784811376108527
-0.4600905691895542
2.5520649583002366
0.35789742484866477
0.07643944935007915
0.5044662368545609
1.1985659462694058
2.0267367747275746
-0.1298785498591989
-0.07921584965482069
0.3547728867345825
0.801156909556589
1.1002676087369694
0.5073158934028515
0.16425875528982717
0.06700343253617169
0.6100264724434942
-0.05750891712349722
0.8299401675824549
0.16236533382052587
0.008119497273009854
0.21560209271794348
0.5705863603702354
0.2156462029961924
-0.24309097298316568
0.2775265591771533
0.19984876887070382
0.9379391683933159
0.6669386204250082
0.2843084029690701
0.11732033173915181
0.4043464463129577
0.35287026496324875
0.07335195816872554
0.11233592004088215
0.566762803317915
0.7467661068741002
0.3190029247963884
0.01457614831432285
1.1726085102546095
0.13086038546940076
0.3193680591208865
0.3562163088656133
1.1408162221608371
0.7064341713111792
0.08272354365866104
1.2127350746465566
1.2740926754616857
0.17763218138001977
-0.6138126259740454
-2.1860279191345793
1.6108939078023
0.5916888435037901
0.6797426051931287
0.19138722090642352
-0.4824752874544601
0.6150643841175482
0.17266554779008011
0.9857373049390847
0.38318806104835607
0.4886920102652852
1.125179199547928
0.4620148734119194
1.6948739257163015
0.5432604541524849
1.14321352914595
0.6182863124520248
0.7749290693550845
1.0080905146242183
1.040357536619422
0.14173532207638445
0.3501960487069437
1.4037376460174829
1.207472435865982
0.44051138304642845
0.2844207267280769
0.6222088433872623
1.595659907749926
0.37908176275507394
0.04468126334098932
0.8078027370350007
-5.261082722798777
0.4146814773650642
0.5183515439928096
1.1546311661595254
0.5089630488390408
0.36931862996289433
-0.3079808720785871
1.4277147071054275
0.34329503853483034
0.5552298307165013
0.5174761076163332
1.2689580911619833
1.3588086215307467
0.5994494130677237
0.5892853853856133
0.4488341779344833
0.61602842913431
0.570646992637756
0.3176806602024983
0.6444103488127213
0.07226160847755066
0.839900210667416
0.15496617959119408
1.9441646322354837
0.4257668871463279
0.09290896165483087
0.7841678332755926
-0.07048857516196752
-0.046785544320673784
0.41978954330494167
0.2651087349989724
0.5008291941621471
0.456585409316348
0.32119545378148345
0.4117004724279542
0.46746039005597945
0.17391959677666569
0.41780026057901376
0.5359087957780978
-0.02114257884385629
0.19335071831720654
0.6801036860863371
-0.03790116560856841
-0.6994585064426824
4.36658880571195
-1.6511428129206855
0.028135384606483335
4.664233564165594
0.27927759158910614
9.70205727434128
-4.278560685636279
1.2642352267755719
3.243455768454215
-1.9433936207775668
-5.410242868571077
-7.793201365994857
5.393516796965963
1.540108116354244
-1.8882054542210487
-0.9277207524365065
-6.05386866150011
-0.36481668735527073
-1.2573390932650201
-1.2435155946349394
2.3335278699535382
2.429776792367206
-3.3243225236541987
3.3389549307216564
3.4315101329108555
-0.8257957052323779
3.7448835067231214
3.8436220958212775
5.650451824757993
2.154112895176611
-0.9980611873210944
-2.263513910024775
-2.456747828871974
1.2414750173625377
-0.865651993899484
-2.041646384167268
-1.2366301625692815
5.0808508611826335
7.515093583891634
0.6691327553859208
-3.7905885189766955
6.03838832162387
-12.619661496535977
-0.11966214984946179
0.11957016771175563
0.6104725960367572
-0.18244769823857182
-0.1793380930392884
-0.4379021268300819
1.1896364551870742
0.7696413644630432
-0.18177635110667595
-0.08052691441778577
2.7948628831326787
6.0504592596879565
-0.10759102440570921
0.16193946149586075
1.50338660655483
0.0532142340065686
3.8469696107835105
0.24587393303634428
0.35544843782958824
-0.0385284670105638
0.40560261884722465
-0.22480246397207929
1.7379623146377663
0.12181982683788793
0.24726349862148275
-0.11940060587094059
-0.20823704003287505
-0.2773874299749115
-0.08995907827259983
0.35836048357773564
0.4860528570924964
1.1346444451734308
0.6535879500245162
0.009973091668641371
0.3616832938035819
0.3484018790437483
-0.11101959581077477
-0.0014443576037158259
-0.3703706541069409
0.16775050047573567
1.4684186320066464
-0.34998183655958826
-0.6700984155129934
0.19718701159451443
0.14263756536630406
0.9933077105739615
0.7676582896455947
0.5273393348045594
-0.16608687627835322
0.6812388421646475
0.5148049768050725
0.09932480205602451
0.7774487168741272
1.2889553302739432
1.2795906322262338
0.7679177567608529
0.9574868871320433
0.31057503980405854
0.3541591315372298
0.21587369817890606
1.0833060827769265
0.15013044457418878
0.4447123089101749
0.4511909204829603
-0.042260623304039846
0.8219780887531776
0.12438631242164742
0.16808231750632002
0.4064019475139031
0.559788596497193
0.3089714922655406
0.4018405369914214
0.8377007551469118
0.4559379539033342
0.5580541091230143
0.6748677676800772
0.02742431246405409
0.8809639209864827
0.7658558594645969
0.4654622116512597
0.028487803029730797
0.43884807032020706
0.6973778072522171
1.526178940455317
0.2484490003121777
-0.7807973790521815
0.9138208044402094
1.0389287874974327
0.8140250031162396
0.7246641987086735
0.06211982655811234
-0.01089086655534497
0.55391098329536
0.9600189410898868
0.49053898150664554
0.5296303364563296
0.4101965638067322
-0.15074341345265801
0.3841804804401174
0.5430175546414471
0.5907710191023348
0.3579229268274065
0.33359858133346004
0.32147452030750145
0.10520452068695088
0.49379933069063753
1.1364120245772116
0.054554185346056064
1.3627803407584953
0.50721057854788
0.3076253978834001
0.41961135325419785
0.3742103743008852
0.3907038302234911
0.7121408356323221
0.7304388271562773
0.8470122058778952
0.30723362879554583
0.6068618113397511
0.6349190397814873
0.7232626305332079
0.817487867217574
0.4941207608693295
1.1278403586147183
0.66915913037553
0.9842378095341761
0.3738000456146542
0.47505552277173735
-2.341201016540779
0.606743283961036
0.6084511013251178
0.7886229197446571
0.04466710411759739
0.22230148500861374
0.05602172945492339
2.292418294751187
0.6205807261215994
0.2379278258611607
0.4006325282994215
0.7444526738688384
3.5477068985219082
-0.042521117157971855
0.17815830885337114
1.2862288647240927
0.9335988844156852
1.3019317800227543
0.6331157513006076
0.4711724434724368
0.10033559883491162
0.7294965411258567
0.12432200223427842
1.2784861391462843
0.3194171708729843
0.3725300131445977
-0.09338442068312452
0.01352335335291142
0.030452881832308966
-0.0589995124028228
0.32827810834640386
0.6414357223540406
0.1656758247634293
0.661863753545094
0.01911522441713297
0.1871283137722667
0.6749505516437387
0.5503631229085824
0.5936525083767041
0.29965651050464837
0.6592822364207167
1.7481881665808063
0.21698389248898212
-0.8458647912297876
0.042872390066250245
0.15354553209093663
0.0038431349325480017
-0.019022084371083284
0.07682541368595275
-0.49198525063460974
2.792263343524854
0.6598305734446392
0.08327152081390132
0.3547331240035247
2.7042907204795528
5.229568649030809
-0.3071930491414961
0.30044081629685127
0.5606928800194783
0.364051973863219
2.7810453591738256
0.7992178466352075
0.8255570791857577
0.17053336267845795
0.12919891777702522
-0.2882613158705096
2.102467344678244
-0.20393680557175586
0.1242168614096199
0.133580690185583
0.2047291475366165
-0.14889588362256578
0.009317436893296215
-0.21357411439646748
1.3170646604715557
0.7858986763896143
0.2754835027778169
0.1855815562312999
-0.12900676609775585
0.44806449086469335
0.0625661613983896
-0.1543346862584881
-0.35737690781091275
0.34287479367548396
0.6643547723771972
0.10677338399162777
-1.025498858620457
-0.16207281402898888
0.30492710845831683
0.29321176083298783
-0.46142331922022073
-0.15234447767654802
-0.6262827859430865
0.42948920738554414
-0.022737557869376382
-0.2753968834118532
0.05944635662832906
1.4896362627092221
12.216510692051196
-0.28210003640383996
-0.17933107883305446
0.09468230843533398
-0.056348694900679355
0.8403461320055738
0.25721764356297616
0.056182062661680764
-0.10597410503796945
-0.06180279492511847
-0.47648539363904696
0.4337170720075659
-0.2237022493437325
-0.15983855482477727
-0.04255005096905631
-0.18053817210181147
-0.2868096768404938
-0.4308044324792238
-0.23488805975017923
-0.017494284334699392
0.3224818854733905
0.5664707058322578
-0.28058509956491556
-0.39217695633489763
-0.018620826469097067
-0.054052405745275464
-0.08117152799419522
-0.526326400746671
0.059779468420073575
0.6671772223500884
-0.40620393141454786
10.456479147235983
0.9806088709542188
1.2113838361367688
0.833903552081156
1.67199951351473
0.7035377253501498
0.8269215912253903
-0.18330590841386557
0.5558715897480231
1.0579901461732515
0.37336190381387707
-1.0748228311873094
-3.642321972402905
1.3739688258847083
0.9067398148880281
0.69899600829961
1.3104153052489251
-0.99443695817793
0.44830634035758654
1.2410907304396899
1.115243030285838
0.5826921540699135
1.202348997744371
0.12798937796288426
1.697338072238214
1.7722349814542273
0.9083493868314821
1.7742469015267026
1.3403818861583985
0.7203095009226231
0.477508176811838
1.0521266722888547
0.6141952307345354
0.4526420525944493
1.0467925237954867
0.4271839583365722
0.3537239452071857
0.4057074545944152
1.0246018442954947
0.8468825861574831
1.4903314669986965
-0.2726686539157098
1.5157081163295636
-8.277555932212314
1.1396221550163363
0.8831157353279813
0.5923793884910111
0.6384735066276492
0.7620918735299029
0.31110724064489753
0.7874155861276735
1.0881273685560957
0.8513621251212452
0.5306907513442065
0.5176557624673437
-0.5898913401282595
0.5688176383682986
0.5767604954885124
0.5474249328732507
0.29790436799565817
0.5424783633467273
0.38645319006893003
0.3767048938353406
0.8208873150747705
0.37849878161058503
0.07796354212169265
1.0398978089129167
0.7178819742349882
0.4133264031404955
0.3043610772824044
0.24168004652534084
1.114955568288699
0.7243403513537426
0.802283587401931
0.3025544697393897
0.2055672034302701
0.25830780744285053
0.26287911995247487
0.7423348848490585
0.48399431487272165
0.5202379374937806
1.1679962926711573
1.0607262789707477
0.47249652842526174
0.44086070822883205
0.5578456141470046
-3.3905061666375884
0.11774483196100174
0.5883871654251557
0.5846686381431369
-0.05180169225825362
0.4780655273706975
-0.3349406675006944
1.7246846775407985
0.7078574433777753
0.5840559162976019
0.09644483932101597
0.7635660772725147
1.41900828834791
0.1153427576730052
0.6267257730733397
0.9556226890530559
0.3888151686214771
2.2046651833180695
0.8351162675571098
0.06239229129896991
0.7726032111505952
0.4228761698415778
0.0463360267513368
1.482565280020204
-0.07595154737211084
0.7051064588486993
0.16784838089107537
0.37420140384560835
0.26023347517413464
0.0917200549002712
0.33473836206367713
1.3577159887411336
0.6726016647464301
0.3587540485799689
0.09433331222207397
0.08840410800113628
0.381314811640239
0.5299412479666085
0.4395643549970174
-0.2314903386849402
0.6897772872157275
1.82000008445299
0.16288512389187634
-0.5449065938140921
0.10215549683307684
1.0759057075132241
0.6436637522996229
0.4067923736691051
0.49963238820047
-0.2332976762981657
0.825421238886816
0.2052245678725712
0.12048546281539599
-0.01163125557782798
2.2567015340486707
2.191942469526738
0.19120942142735242
-0.07266049685549597
0.3005433838747638
0.26488501348481963
2.4705907813293373
0.732940841005599
0.7468405405054392
-0.07662494246863435
0.7299240116250792
-0.19883504759524517
0.7748657862037208
0.001506229544575436
0.0007622017569061503
0.33801668799669243
0.10053952874840592
0.0925388247531148
0.2917772286294245
0.10998249882588279
1.2679502861174414
0.3416296130870144
0.712098588854331
0.2070399111794631
0.49083975160582266
0.7726984560554317
-0.07659331069857224
0.17233440359287472
-0.26025532967569825
0.728767548780991
1.6940590481313427
0.3675320483284159
-0.4119227191897704
0.17486479274719138
0.5392582636272404
0.1379429528766776
-0.28780307877583033
0.07898782486537673
-0.4117853559061604
2.9985879796041197
0.38556863336402303
0.19246419271177279
-0.06771816562674543
2.296383323456097
8.345752244987496
-0.2787360083457691
-0.1455711715747774
1.00877028845118
0.07740697167863436
1.5881258436308239
0.4035143280446506
0.2015205959931961
0.013458488159904186
0.30924272631270655
-0.2265447866279624
0.7163160872205422
0.05676613916564095
0.2649240966977699
-0.06546032175717229
0.17500019981054787
0.07618794048503783
-0.2750788106486237
0.26537604904624273
1.1085411939889904
1.1083324410036024
0.23141759198436285
-0.1732403056246506
0.1975149210742953
0.08746874549110494
-0.08707795766991346
0.27069204059676216
-0.3240384586753746
-0.1696118893457073
0.9274617438539807
-0.005828638556445313
-0.2382343397712855
0.401743538198208
0.9667019632432365
0.4044143558419387
-0.004513711737065084
0.3870352993126663
-0.0921098783397436
1.7267193062815847
0.42347092428832134
0.360739770088805
0.5033631217837492
1.6961023952220726
2.141391546983465
0.4403638696111876
0.6817559472522458
1.475666300221138
0.861703851926771
1.098442807285293
0.8874110818732937
0.3127629013394671
0.14308464137976878
0.4781081526023774
-0.12284775964552903
0.429036090888862
0.07736514604541908
0.7841993240382804
0.2370516991735356
0.7122333584967732
0.5134762635341175
0.41756816983219475
0.4271841863081952
0.7248023445198084
0.6486502083910034
0.5663311988480536
-0.08721654606218958
0.7099201039817958
0.12796819540647814
0.4504552449521696
0.9463321347757164
0.14226787857159734
0.4596240556913684
0.38603756891303986
0.6232928320451602
-0.9522444942525188
0.33546822006234134
0.2563089007414572
0.8052904301526452
0.05609973389394217
0.07365411161673147
-0.25034509078712236
1.9492332122368723
0.23638385900421774
0.5701426631062924
0.7234620365036855
1.7602740345585652
1.0356866793370334
0.6657352093429773
0.8249499182983753
0.8750174931409267
0.8566631940346077
1.268376936189112
0.5625676863359445
0.3177134861512234
0.6092862479754878
0.7504312165379922
-0.18786652521676014
1.72286664326821
0.6281362463303254
0.7730878978820674
0.6782614398400845
0.3927958430892214
0.30986042873435704
-0.12837064487114588
0.22489047673363313
1.4679568581905067
1.3735845733965153
0.9406932821440234
0.4900965952466785
0.035322930611855465
0.22776562740131162
0.2784978896716357
0.2701120000686492
0.3793744428568081
0.7683693896954858
0.4944609953948305
-0.0843467187968079
-1.7816351105382147
0.4934774477929362
0.8031777707422004
0.3608863933393459
0.0467649728249774
0.28531625639821484
0.03881747886212294
1.7576104790541769
0.784117246958807
0.1996284809452704
0.265478751464358
1.9054022160711848
3.1627621921063174
0.08428845738612964
0.02439646695176332
1.4534689480976783
0.44164588057010784
1.6392568886123782
0.8389141486614263
0.36470796866600275
0.5550685410503439
0.7257404257589662
0.1968118519319424
1.6465812145435703
0.45271927352479585
0.26772529294066344
0.6534640751963232
-0.10332542315667109
0.15027096968918066
-0.0929573454031372
0.6974824101019279
0.49726824445978157
0.467977692022702
0.28025718013683737
0.188281564083309
0.30349712470017254
0.21513259556546405
0.20040004015764384
0.04241423008490453
0.009396865460770431
0.6124862368694534
0.8841155339997372
0.20998259883106568
-0.6751151800572511
0.4928578608312056
1.1907833379945285
0.9568228930656213
0.3764279414783856
0.39786674186690335
0.16066833196878727
1.0958756633191284
0.7122600987810731
0.5888175104376896
0.4433625174720484
0.6397690512881156
0.42719116606862506
0.5524567734181945
0.6504488520987259
0.9707430816337989
0.4547353757705539
0.5637222170754516
1.1440433802158487
1.0143024604455082
0.5667365835772012
0.6052788645341285
0.18789818751895743
0.6446094480916505
0.6307833181220412
0.13598359734844437
0.53446862076407
0.2511726329230078
0.5156498498154335
0.14913231908715735
0.7701561695235464
0.3801755758059703
0.3134627584982115
0.947609638212743
0.7562454397155717
0.3644522750808857
0.5397229996881518
-0.011391912277402133
0.9176187675132943
0.056122494448918855
0.6891925818705346
1.2074525886946836
0.12379052387031492
-1.078149011973422
2.120965983681819
0.6166233368990836
1.0853318747134744
0.7760816672399796
0.4372073346953078
1.3491303661232896
-0.9069158267942986
1.0059062894488005
1.1086250043025294
0.8979776195072381
-2.1500817798415017
-3.567017520440962
1.6414167473151544
1.627941103459242
0.41560594442116316
0.39658267033562034
-1.38596181677505
0.47556592247454976
0.2519789720082502
0.7948563021754872
1.092384241547793
1.6212557328007642
0.2050115092240336
0.6435154489288971
2.188211019595354
1.1329266905528323
1.476180996090211
1.6571211921133728
1.195404683290713
1.2408981628598748
0.9757472657713316
0.021051269525905567
0.03286258719282013
0.7981080808003169
1.163280471867118
0.6722459380866119
1.1725847934133098
1.5278801140306058
1.3531889320464179
0.4673594699174009
-0.4035329327790002
2.0295447520584586
-6.350813839522164
0.11968665875787356
0.3720131445096161
1.0292739985495591
0.235555388351747
0.37841743307103143
-0.31930459134379424
1.0410854119174568
0.4421451088497655
-0.0022632088661113502
0.39368449573222014
1.6977375143481264
4.088932600594592
0.2320877417191365
0.6587311147661175
0.34299457641380715
0.8678976758623236
2.4814015648607115
0.2311761053255676
0.42477929546215154
0.5903187510120951
0.2850835890251635
-0.1944907425123185
0.4904477833365018
-0.14195255593254358
0.631913751247331
0.4697577778239356
0.0010583287593487192
0.24066145568928987
0.3008735790981153
0.14432641616172118
0.9388444242214498
0.8986981467873053
1.1918100082916148
0.25752352656158756
0.5560026062650777
0.837242712529978
0.006738434209790874
0.2871766163221741
-0.06878011561543454
0.5642193751443665
1.1375174156914167
0.36053817243476927
-1.0663354396036686
0.8327294654598727
0.5850623492717524
1.3022246271905575
1.0696913077585537
1.0170209958012257
0.07017640817283251
0.7438857162370865
0.5644608290560904
0.4658030329073929
0.33874172521307516
0.2513205624986713
-0.1691419649361533
1.0764900447284491
0.4941414321180524
0.20545403253495303
0.8069290616885956
-0.04321247564233277
1.0175045062588879
0.5216087551075064
1.0776715971263662
1.1274933709318449
0.1933666716318801
0.3713550962495397
0.07270908798075279
0.6949479243167341
0.690526273733386
0.7764235885664776
0.8890837679777912
0.8030091685584643
0.1501259233780702
0.49494838727470214
0.7980655612041669
0.447018444227829
0.24068163743229093
0.26981907279345096
1.0369270969990725
0.5125053924930228
0.3034465439810271
0.9120766242518066
1.1505698914152278
0.5075783788620598
0.7117639393323252
-2.896914792505907
0.915369588144823
0.48966066601578634
1.4083839168466101
0.4145177875833396
0.18020580811858308
0.25725549881435594
0.3354282763936263
0.38849151754257866
0.4598996452623668
1.017284861542121
0.4407107514531446
-0.7933458886779007
0.8159324211762363
0.3867619689503622
0.2111554725644985
0.8021056342333471
0.26513687815994236
0.2894894415351848
0.20031786928896037
0.8009502856949802
0.48805069843591276
0.33197980002859273
0.3173919373849631
0.7258110830958958
0.3340577598338999
1.080555059598812
0.3650808018698061
0.836809280549999
0.383306561100478
0.8443866097771455
0.3041666114587456
0.7728744374764105
0.7818636298382385
1.2188735035123792
0.6017986999635384
0.7101254151442393
0.902666475887346
0.9026134161118947
0.7785505943227777
0.45997674862557025
0.45552128004215714
0.20392470754565484
-3.4567856935196133
-0.10388424929400315
0.18366012983067811
0.8897956696765393
-0.14395584900591463
-0.04003759533490675
-0.12106708798951926
1.7192392922579796
0.16575620960041534
0.10437811176106118
0.07480445105127473
2.3227869650991075
1.9636258635244632
0.3672325554897607
0.23519992401423154
1.1361641041121888
0.31354816142522196
0.5398800606303432
0.21154593249110817
0.31559814869275
0.42329866859036935
0.23357830235946617
-0.17158901741314886
1.0351376492256301
0.5588305838460795
0.5799650047544197
0.392431746801587
-0.07536048505358092
0.4875112913155128
0.025900162634065225
0.07056977419359303
0.5330174748742121
0.9415653745299439
0.2872755080560611
-0.054349282607966884
-0.03491408827681161
0.2264783255569026
-0.06645086913762296
0.8833267189573175
0.042709606038337865
0.43285098507985387
1.5012573310899346
0.2883948782542431
-1.2030970327632282
1.2630127213862765
1.1467835261615444
0.9189021808806617
0.3267329223537778
0.49303732521618054
0.6475688554909956
0.016452734354318852
0.4607778294217719
0.5001619527616664
0.133693172501102
-0.1078568997136856
-1.512016636810949
0.815400374910973
0.6023457674652116
0.49250380498171487
1.193222515146213
-0.22786204251543318
0.19349534235546054
0.1524488964487343
0.5529286909678491
0.5400447304852785
0.48016319128197094
1.559429105011681
0.6912440914840414
1.239988757502948
0.907478640210112
0.9205555495872095
0.1768442408915523
0.4224724123547678
0.2698660498474433
1.26577096392917
0.2129002898842921
0.6679058170063724
0.3883082455853477
1.229733308300793
0.35571130157587244
0.544141946934589
0.9962314221943841
0.5757313436869105
1.0992163439145322
0.9670109718346416
0.5704685501288371
-4.356325835101824
0.8646667192127673
0.7398417647605308
0.8772690926918525
0.4291440321580179
0.4240681085675493
0.4614680605334211
0.43664396892878204
0.6326442203854709
0.5884523498588784
1.1509991418660395
-0.24324136707990993
-1.7642393279146809
0.8463039742538346
1.1997175858191078
0.4624365310092968
0.4187019872074326
-0.12043883175782136
0.2726704610738697
0.9600713752257808
1.0855022203456963
0.34503234165001634
0.687470928032306
0.8329237870769304
0.31219111603003386
1.0695794324907226
1.353363907963783
0.32222862578519246
0.8985524281151269
0.6906688730848172
0.4935136731790231
0.4402225644582164
0.3331807347632415
0.35932873936735144
0.6197213932441672
1.296524045333478
0.19016781792442655
1.1047390919323195
0.5771535479607781
1.0184476081851683
0.5272092109774632
0.907364854896211
0.605146441683494
-4.072851968047421
1.3291698724210907
0.7703828734439706
1.3412123988139042
1.2267007487639832
0.5902552501470794
0.45527581282790475
-0.06081768193251043
0.5153474555920009
0.19038583578905235
0.0329187444470626
-0.20569267917528278
-1.154368200986343
1.1971282784253272
0.24690897830292952
0.17572573118097262
0.26283169225999675
-0.21089171052984088
1.235703932295522
0.10999016234222889
0.9048415387897557
0.5022145423525317
0.7558852289349101
0.9002617955721024
0.9256110471104059
1.4167758596715712
1.007537775193489
0.3064304105376029
0.5468774075150461
0.10556710461825342
0.6277093177823629
0.9849012135807131
0.4803883358463272
0.17729104576105023
0.6195356708850629
0.7305587362175113
-0.07063893620661474
0.14781561116523434
0.24422108299841475
0.7726314590535643
0.16415524453467173
0.9184385072946776
0.24559432205374754
-2.9007393873244327
1.2397261464555271
0.44594398309258027
1.369692953670039
0.9023767273391424
1.0964836644107905
0.009483310287350694
0.4183836410486523
0.7997251294478672
0.10899507134659718
0.27681351131238874
-0.07042892268888595
-0.8926848698717398
0.46008196797860523
0.4986366191956567
0.6133088394798293
0.810513724478495
0.13838026125489325
0.7020528051199049
0.20550480971553026
0.24808280874246713
0.9108703878158095
0.9077138169166894
0.516443202838822
0.565577817564441
1.338061030934973
0.6320660593733172
0.8282047376462346
0.9541808936345387
0.11639113364856353
0.304261183391142
0.9016379554620385
0.38623897657922907
0.35543801321271384
0.15368834057036393
0.8354603373005459
1.1508698876318704
1.304925239418076
0.9937160713293326
0.8791007229991522
0.9813638797710447
1.0216093715922954
0.9810926453206024
-4.120796930288284
0.28674341533393466
0.3807480988232664
0.33683887543318575
-0.03956106206169017
0.3302862368490038
-0.1853088210833021
2.0247678064017998
0.06590300036436725
0.26350316202039914
0.01138271877700436
0.9094844240608138
3.823149357754303
-0.06551261242699591
-0.07923214465278977
0.7689204984526801
0.4958121682619458
1.3285277324698046
0.6242138938366846
0.32995051369567363
-0.016972901469359224
0.11972481456500497
-0.12230644596083541
0.5599522500286891
0.11851861280684499
0.5958792173731597
0.16259789742173628
0.5551870143476975
0.3322070606173609
0.0336058421230639
0.1139632707576205
0.8177531861996288
0.34632882606788323
0.5816406669370741
-0.1847651301561197
-0.09293978556730477
0.638795667939129
0.306948411537788
0.37518263080391595
0.05098419400868707
-0.05246655706929015
0.4309209202764952
0.38341064540045106
-0.13205113468539723
0.14321811329640738
0.25813366610121324
0.8847107070683228
-0.0704702396297142
0.39472326041225564
-0.04173789458624168
1.2800889136691507
0.6399103775025919
0.3512471790335382
0.4352404948355287
1.0622376644637508
4.6918570920428415
0.02202459980916053
0.22028248614411858
1.1138273304122732
0.7952709792874542
2.802299846578395
0.2334475015037173
0.7864755501012372
0.02561744345834696
0.5935420107586813
0.0625731375333609
0.4736618381631395
-0.08085652496363005
0.3064577286703892
0.6140779735487653
0.45515730948277805
0.22843580315331166
0.22829712507873595
-0.05881854375825503
0.9196032512724528
0.6400401375605647
0.23786948428012067
0.4233011991550539
0.0881112412044851
0.11276119284119226
0.058816375866193024
0.35480685106569904
-0.09974715636548924
0.6335998594291109
0.7006781193525657
-0.13017680666951878
-0.16905442508186336
0.11405933263817963
1.216546688134783
1.0730086137083512
0.20132310671800344
0.47864531059322635
-0.06015181980693792
1.5947628433744248
0.7320901863388789
0.017540085758734357
0.5462081734761705
1.882029847722605
2.9629180891392948
0.24219248727788295
0.21601504319553175
1.5377709390724896
0.31643647043437456
2.921638985164043
0.3380338992511712
0.2188278288432415
0.47958037831212647
0.5767782173332768
-0.1721277435692704
0.5714912026079896
0.017401826166688006
0.013044190022659356
0.4611630068470276
0.29479896199670597
0.3940906202885904
0.07411910844824549
0.604632740211444
0.8001018660829399
0.31317635216064954
0.4684785041280414
-0.16905474779077193
0.2009852844277036
0.4646643090152118
-0.02366372562547528
0.48300373156945353
-0.13721820717902763
0.2724621849767998
1.1026275716494782
0.10849617425604778
-0.7161418755723092
0.24283238313607644
0.2871055925522388
0.6901824932049512
0.430987955839112
0.30127726505689884
0.22091618651015352
1.472794531676054
1.0776895615102113
0.14472705578813033
1.0260994564313586
0.8369647746215602
0.24440546463756355
0.27156208658329506
0.6550278600511291
0.32854773613915284
0.08535132018821773
0.3852857450486306
0.30200834382084557
0.15069883813219231
0.22159900294466636
0.148852659234251
0.046482684869629205
1.4793661006551238
0.8718718799952085
0.783171154423344
0.9943825999879906
0.5732937798082011
0.20429958364431797
0.6051972553589051
0.3122202727039415
0.5000387271963026
0.5291457207757283
0.3715332711281009
0.5029173631006909
0.9247074869925243
0.888489088778195
0.9039004198439332
0.27667771401923186
0.438921760749156
0.5790834291048723
0.6713701224760765
0.15366757096725792
-1.77396131135663
0.050267925880254555
0.475852600526283
0.6195726375871972
0.24698943332940068
0.32662792538920077
-0.13064888370299538
1.7456851344484092
0.4322781252089327
0.20388868479613192
0.40103287046432723
0.9546598006027127
2.6600348361216306
0.17220536777758663
0.6875620210539667
1.2158486194701732
0.3682555792269989
1.6536783901979466
0.17163422734218992
0.43781645624024873
-0.0016955305473910168
0.003306475561557204
-0.014250614472619886
1.27885600055571
-0.07449652263682449
0.5428154182355027
0.530550164618823
0.584866790223899
0.1484322490253081
-0.20750935971044693
0.23572462761500126
1.0604698111837958
1.3165853064034287
0.43614849432320274
0.0960535462038846
-0.03990184435768257
0.2508286953104337
0.07432221898256927
0.11843223822571533
-0.0073547706628457445
0.5331644885744444
1.3331842923164763
0.32229967288232114
-0.6767311477220674
0.23780461339049228
1.0263932250852195
0.5258989257741451
0.19254366444044893
0.35697627445651503
-0.023136481276247876
0.9557500307665162
0.5488849913115758
0.2769093185584747
0.13203430438204988
1.4611282460209634
4.44725542684776
0.13329032313101857
0.3212703647116209
0.45320817359881166
0.7294601102821314
2.2842197841662557
0.6595062052521625
0.8954017766773704
0.12755694851959132
0.6218189241249679
0.14513933422321906
0.5024821668557383
0.14453450786687133
0.2502169121746947
0.5563439516814672
0.5119759726845148
0.18963886671071128
-0.08637050384035429
-0.037304130197101604
0.6321981172601802
1.0585105551655098
1.260032261725065
-0.17664630036242598
0.505374672642934
0.4174666084386777
0.5446692643129076
-0.009781669193488073
-0.011517864419295046
0.326272339594743
1.0691347007059737
-0.05174581074872164
-0.6838844390663694
0.6816000789677601
0.6646717434495301
1.1772612290205624
0.573382497254735
-0.006587393699547949
0.05576611592203833
1.920025737616668
0.8698545118726496
0.23433887668551234
0.36811366554037034
1.1427495813435475
2.478163739903941
0.6612619926876877
0.8512216418137997
0.9164059009847862
0.5911541281899771
1.3659577807162768
0.6066219215094139
0.5618661131003636
0.6374244375558411
0.08729593720583483
0.35101101541511087
1.507684893909049
0.17994731617299958
0.8734538050998448
0.3656862570750865
0.052367474956807984
0.3458992267489555
0.425328457309545
0.8210799113783943
0.3664449923028645
1.3182719333072657
0.4192704615199375
0.5061488437870583
0.6577217251252948
0.4396639863320687
0.30636307447413375
0.8644450118047606
0.4404411868656665
0.16364459128549802
1.352599728628986
-0.09226358527209277
-1.1568163372839722
0.2379595641467329
0.42983225471650033
0.21348182647555639
0.29380621614217456
0.5818478665055017
0.46903212158368834
0.34631663030999027
0.9026344954558504
0.6726841167746002
0.259445615873248
-0.27544365755409395
-1.0056788282266855
1.3743975641718171
0.6001771223276687
1.0568102943895847
0.996956449414439
-0.019032282330557124
1.4175879740024258
0.6384723119364352
1.1713131128269034
1.0871285080709985
0.17025260371556897
1.2653471470683866
1.1068527495889122
0.21014466488145608
0.5350344853967844
1.2575827357858518
0.7011273295555376
0.2999585153124672
0.5429703913579437
1.151044236612262
0.8920436457293885
-0.0188053547952043
0.23792687069514976
0.3201953016929768
0.6390904283520136
0.4256989017758082
0.22992128652808091
0.4860076010809319
0.1878128797410177
0.5677398210054424
0.9930924482996666
-4.004470183479829
0.5162033456178557
-0.04784056071549657
0.8106077625542927
0.8449286096706426
0.8576191628829828
0.4094238879724871
-0.4895505337354711
0.8186909668643167
1.8632053266775508
0.4037995260510515
-0.9332171333872936
-2.09990466306795
1.0943942686354313
1.1526599756756255
0.8932879269771868
0.29982332257961897
-0.9526485908959516
0.2592040897637725
0.5205516178455385
0.7438881819268252
0.7100591423765024
1.8016304963981122
-0.01926224037859934
1.59280115781142
1.66114096858755
0.3181220183054175
1.080511118786773
1.7751484893147398
1.0887236499416229
0.8289716107476661
0.20306417131713717
0.17580486984685167
0.06280064742533525
0.28929109577858486
0.4765245576236694
0.05245328995520697
0.4058861958595798
0.7463529395558671
0.706769468176837
1.1360674184027413
0.014942892139923489
0.5786153984798461
-5.226522682877995
0.6931325319058821
0.34061109723109656
0.8762704789278664
0.19804417062094407
0.14326018444862204
0.0005409630135804061
0.7544551743841041
0.3901860427314672
0.13347018475358524
0.2818503858823021
0.5409817900381142
2.234627082866562
0.3690677169013651
0.47739177293207224
0.4782961764687992
0.7546936292431776
0.44649770403561884
0.8303844894385404
0.7410782814247415
0.2300083295950764
0.13153221783071092
0.2622768658448422
0.6096773517889582
0.3736562283594067
0.29862322214721343
0.5986349901306661
0.4528428340703004
0.49943987111798444
0.3345034028985192
0.6775433110038511
1.1778411717314121
0.6044922882401864
0.28661465394204116
-0.030443555006837937
0.0018984097234876229
0.7441126718324963
0.7409398769520213
0.168223775502041
0.2796362690548749
0.9713638931977268
1.151843196677275
-0.06956052910381905
-0.9887237600691317
0.33921943548146827
0.5261936190064807
0.41215222499740817
0.09317591181725476
0.32564031213867783
-0.42415895780993107
1.154416131320007
0.7456891342987274
0.14048181832730608
0.724273757413194
2.089516183606158
3.0372863107982324
0.08866357987781082
-0.0702537195073061
0.7432580546355021
0.11762018731368612
2.628269427833168
0.6345774015961461
0.3987055590665314
0.7187805045680699
0.17652311217721084
-0.33313489273426994
1.7768999761814583
0.2588922986666373
0.4435628481570236
0.3572439389067776
0.30248994832407383
-0.0236367771235901
0.0055844037251114404
0.19077711073789996
0.21224271153751603
1.3253325937058695
0.5785797556626153
-0.008124740845820452
0.2767060157368923
0.614149510051876
0.30171378013549754
0.39461646932842087
0.03188139748716028
0.432469047385787
1.7516154633496557
0.28322662913581254
-0.8038453146658083
0.773148133401268
0.23749920231452096
0.2350413175721173
0.9504436904150263
0.77414706918914
0.262969826867672
0.2399483573932337
1.412606231728378
0.18618087056591343
0.217183169860662
-0.3751997076670609
-2.0837031702414692
0.9794486536575459
0.5375823202636758
1.2126241713670896
0.6949638247294335
-0.3531132530236295
0.8044158347120586
0.29906663514948745
0.9994893451051843
0.6239432454041566
1.1367785098206091
0.7851117683833594
1.432113318450873
0.3026647318061042
0.6740021750991535
0.8999538555760594
1.3997130685982104
1.093551859330473
0.6886065584547376
0.5178070050956137
0.716573057370281
0.6729294068582294
1.210432947364183
0.7787446220968931
0.856203758101113
0.9503441473009467
1.5955033492386244
1.0629234240764807
0.5591291469127643
0.42222954896859133
1.39206056079854
-3.480632186439121
