Architecture: k-jumps
Number of States: 32
Parameters:
0.4209825955107496
-2.022411706304167
0.39318298278389086
-1.8791535948058933
0.43322920432679746
-2.2693416015434025
0.2642941726820418
-1.0770242919555395
-14.99999869695336
9.793889944725118
-4.534134980736719
-8.41246304095094
0.8490823209850353
-4.0718006943813645
-14.806361050970022
0.5909277435496517
-0.3796408237135287
-13.031187930567379
5.57903043298668
-2.3836707122976057
-6.23016828669834
0.4392782317214568
-0.35245423639816714
-14.999995401513257
9.996266807978907
-11.329174416747149
-6.097673695376254
10.337556646185993
-12.855385712602171
-9.248049475926265
0.7901429648730015
-2.843154635459277
-9.370995132886803
-1.4630034771856428
7.183195212206896
-2.747477011881503
-1.1103834617412303
3.541707011429243
0.06940426274734392
-0.09464640208363341
0.8159157629289868
0.8639170245211556
0.6113318671150271
0.5399569531681523
0.12428816101575159
0.9601880028228635
0.44664365985409854
0.7920451543162512
0.5464925871980582
0.14779783271044544
0.33230334565197633
0.6258092392412098
0.9255930409715858
0.7144188496247608
0.14400838719665318
0.631302603801859
0.18663658516582823
0.17648128766784232
0.8898491881224196
0.7522844421444044
0.028781405533999216
0.027005198652268025
0.8623248986359042
0.7047113607552551
0.1285570935483431
0.02396874882158906
0.2798966494195336
0.6383017768350056
0.519856203257698
0.7389531012607616
0.27440773162456855
0.6844743235156224
0.8340130612519723
0.9478978889389218
0.4331414608905284
0.2047765193341271
0.1576979703689052
0.3031355027373146
0.07754417858495055
0.34129705652535536
0.9640586352517475
0.5171335628862724
0.04860288034844773
0.21073914278839978
0.9648209951261453
0.9917841915759849
0.05431518639079602
0.09595758308716584
0.9962272683615818
0.9581431305656031
