Architecture: combined
Number of States: 20
Parameters:
1.4528768569837383
-1.3453868252406038
1.4387909153799863
-1.2722341276020335
1.4447520980956545
-1.347922840977392
1.3903210351130544
-0.9626836214437283
1.480663068094556
-1.2964889877809938
1.587051857967686
-0.8277731414084404
1.3669680610269404
-0.3433326857923487
1.4968220226580013
-1.5245587373820233
1.3713174769596543
0.05453010112508138
1.6545840287395608
-3.661070745397793
1.6973415199710455
-0.7414761793315255
1.2116856978593995
0.6829018451166009
1.907666531445917
-4.258905037998678
1.3174745334823412
0.3639238887385948
-2.003545149065209
3.7885393809296195
-0.23070038124230888
1.9255737263134767
0.16505904297392388
1.0034431950827254
0.2843578978551329
0.6522163992064492
0.7151829276727478
0.880549975338602
