Architecture: escape_chain
Number of States: 30
Parameters:
-15.0
-15.0
-11.998931415118253
-15.0
-15.0
-15.0
-5.534189896417143
-15.0
-3.92990852689615
-3.550197620167525
-2.872671970775416
-2.4719817830753805
-3.006764943961195
-1.428973293249569
-1.3734678937575984
-1.3998324681080003
-0.8272039411539049
-0.4742424506947914
-0.31289297227969926
-0.15633709570441004
-0.8939520313289769
0.8098494874936598
-9.125904779984822
-0.7668806642259307
-7.708516597510165
0.10399334739861713
-4.601506850089456
4.6537152045753905
0.09501650380733984
