Architecture: full
Number of States: 42
Parameters:
3.0234771507652365
-10.685799498237374
-9.088969924193945
-2.9524835952851
-9.141241515737576
7.516322839707389
-2.3300808448904022
-15.0
-0.31566222048035586
8.068195707280417
-7.460691044976844
3.0347402951634073
-1.935557063609849
-3.6112979193985484
0.5419090345257227
15.0
7.643267858892884
-8.15479503598809
7.781148044270584
-6.547638057030224
4.758716525597064
10.786773477929513
14.995539555029449
-10.54341522792604
-8.027836015489235
2.0886113646594846
3.220181940649962
-15.0
-2.2056874385168355
4.424437685479523
-9.39371737375267
9.187298921243713
-10.09704789206694
2.5390969299683466
4.700404579266397
5.467569618365697
2.495354001835696
13.280492826262602
5.582338370693543
-6.276916471898345
-15.0
0.085100761554096
2.715495622533157
0.833414165007945
1.0537334936620755
2.5805786466941703
-0.14067052714895353
0.12057890032768295
4.060346038659163
0.23176114795429723
-0.12017378408843618
1.0384341598833828
-0.039849547223057
0.6189437641157918
0.7581412827044077
0.07467525054984755
-0.17095245796917197
-0.07320815914934437
0.5389839642989704
-0.18831653453037162
0.9797962909802561
-0.08456586038711555
-0.3105836898240074
-0.3009695622759563
0.9417045626926234
1.8540869046426363
0.2660191686990723
0.32021815342216653
1.1542079940871894
0.20436728940240456
0.20270369741729521
0.8271384928704196
-0.4899901748256829
1.3000389098545515
0.5246444235031547
0.407842682096494
-0.07538364053483412
0.2421824617512378
-0.3690671174384332
0.20509372351879587
0.8948630533118269
-2.135413979224151
0.4068984214154873
1.8522521093430417
1.9049599394963759
1.0698195274882327
1.6049753797636115
-0.3594859912871637
0.8893833206421816
4.528133154595057
0.11933655293842917
-0.4676361867671734
1.1052241927471613
0.04354571787826561
0.8880608351664391
0.5249334180804968
0.15773586994742572
-0.6394631234674987
-0.22158889379120397
1.3835149884222768
-0.2561905582312641
2.3005475674969067
-0.05918799506064645
-0.6930177286256363
-0.753322998196529
2.8413808797678497
2.050953654536496
0.1685610538580798
-0.0030951134144948118
2.461755077747903
0.6830380802656278
-0.27142119905954554
0.8763878144376921
-0.6983492412279851
1.4171080256023403
-0.05008271195513245
0.32847981437108953
-0.17601326989278274
0.019914383522214044
-0.7572252009064394
0.12139782110134423
1.3735554618824783
-3.268892439988701
0.41609416642788766
1.0152589748890377
1.18435771543249
0.726673174862534
1.3780108280070504
-0.20811059656656178
0.7306654842937078
6.119683434741081
0.022171861047660342
-0.2655291670763071
2.0766480054452776
-0.03429633994738148
0.8683532207625184
1.2434025488536224
-0.19122383503457233
-0.38740600589926927
-0.2818049128047311
2.1536513098821657
-0.1974400767468885
1.3425848413998542
-0.20032904782723127
-0.5581558720728135
-0.45909645709591207
2.8006793000318555
1.2621677362451258
0.39539331193487853
0.13560284937863093
2.2235832121658636
0.7377253019076905
0.15992508062169233
2.166820443183758
-0.5316218052128632
2.118114604489516
0.249842174423161
0.24071432522527658
-0.06674585103501908
0.26483957266176533
-0.6029753667519143
-0.19887289767987804
1.7348643668974042
-4.745375590013687
0.3406194176310617
1.507952524163436
2.2206510724913198
0.6528172094827277
3.030703784253058
-0.31850824179556225
0.17635988181212867
2.247189052918043
0.4384043363071036
-0.2855694451322086
1.599224567529256
0.1440074816891783
0.05733624265451475
1.177391329766362
0.34525171698984797
-0.5055961004173456
-0.13963229501394464
2.0952890676200835
-0.17706484086181548
0.4389161400777277
-0.2691567754072937
-0.4657131581791515
-0.4893850286206491
1.8301537192512691
1.9496804896789262
0.24881462281471947
0.2117352043720894
1.6559735619518994
0.48935847502162283
-0.19759998530233727
2.3910276231359737
-0.5114065708563343
1.4330768026608547
-0.10688345200655272
-0.14520489325195035
-0.3248627298452344
0.49374807079140587
-0.6147549754371688
0.033674848828257754
0.7245751012216178
-1.206855094662717
0.21977809844754959
4.078530477210095
1.5276880275385405
1.0333077336417942
2.9456475559208246
-0.46703226983997403
0.4992510217095089
2.265843836633234
0.060855454053120386
-0.5176938598050937
2.141816630121389
-0.12052390981945406
0.039095042014081344
0.9690118549134947
0.2477684929530138
-0.6430575615430956
-0.38587428694001813
1.5850367738675801
-0.4020418077964196
0.8188307836199447
-0.17356766336802526
-0.7417504814903902
-0.7052149149747087
1.128032000655824
0.7702372666007854
0.11430426248802578
0.029994051581542055
4.112315886781046
0.33920486604880246
-0.15001311902088624
1.4643653002157477
-0.768970281936989
1.7722213815074794
0.27025851195757955
-0.2726142678868787
-0.4034071222801297
-0.17188606024853417
-0.7835856183771589
-0.21398435343776714
0.9917292834279611
-0.9584836680720995
0.09356093811228067
0.650953903630659
0.6445105186071358
0.8866593696243337
0.1491985185184624
-0.008810383584694919
0.37914787798658534
1.1809106271074805
1.154603966624641
0.5516004733008278
1.5743853901008715
0.4521755869093764
0.8103215890353883
0.3102167995164165
0.7018309468991788
0.3529780203405232
0.1829132944437318
1.688299156997811
0.6363694875104621
1.3089209891744393
0.15780793413671043
0.5459041305293467
0.4032672949962371
0.29274571446265907
1.1617379411690665
1.020949418066706
0.18549062009187942
-1.022459931822224
1.1973074367114616
0.8185192502148699
0.46931853395240986
0.26912623724785645
2.0082963685374144
0.49527667816027887
0.46038538312639504
0.7112307305019021
0.4387166848196704
0.10017273741134863
0.04026782263757436
0.5463419227255415
-3.734986272543683
0.09367156531935969
1.1174517835444882
2.605826175877769
0.510551774163294
1.0303883702335903
0.17467899784776977
0.26687355019419606
2.8432391638690975
-0.009976737073226664
0.2501105876368707
1.1717210562083005
0.4359237768474567
0.18577837960672142
0.9018561448473916
-0.02812883957970555
-0.13070683481336914
0.27077627215600125
0.34658104185529404
0.35182551040322396
1.3080274769632356
-0.03872637343598612
0.05671395895917283
0.012074158371686045
1.9489673250788417
1.6222350979026519
0.5201194162567583
0.588300403073925
-0.33761324546839366
0.3720752370313771
0.014432304005064312
1.833205314506477
0.03162157502523447
1.5638024050569985
0.2286684697996419
0.7891458922189564
0.020792446567700712
0.7926413860879246
-0.40290841817356826
0.6106218799222568
1.3530303293683574
-2.493187112463052
-0.3108555244845441
1.5637119875723295
1.343992554992937
-0.044644739126709465
3.076523710422785
-0.7195898770333778
-0.2121674519869161
9.080791539500417
-0.010500763117498507
-0.8439810015601271
2.2274700050214524
-0.329361050455614
-0.16341427774424042
0.2919502158385046
-0.20641983042859982
-1.2587702591142464
-0.5602187692239667
1.0329666885941948
-0.6466172915601547
0.79499699187767
-0.46202101124593525
-1.1771007766010988
-1.223593224476521
2.5107934349344414
2.1463363313868054
0.13140524070622095
-0.26894140457513505
6.665661372252773
0.7732144842413349
-0.38748121266839963
1.6861720948136014
-1.0730194399045363
1.4345409393186082
-0.27057257930372436
-0.3202328808193429
-0.5414874991725704
-0.25509399769484353
-1.4916680267058522
-0.3897738183484979
1.5065136116129079
0.06782861659047923
0.13442275470432757
1.8239078259897812
1.0304087023775033
1.1675401697988887
0.97391636259259
-0.08147128191380394
0.9131158464239549
1.9869668981606803
0.1690507061255011
-0.013133366976982157
0.5467623519667524
0.05687187202513688
1.166470341289836
0.39499561069219746
0.1217882806681934
-0.19672425114143266
0.055645642507360156
1.4859010592742656
0.29023849801098583
1.438060527129598
0.21728588347677727
-0.06206367280585369
-0.16794293772618532
0.4997740325746274
0.9987851449829963
0.1796942741522637
0.08342988042631833
-1.328699224968004
0.42623441112124555
0.5853954120694175
1.3154537262039718
0.1661541093851178
2.0740459319151623
0.29376561928914974
0.4250575198099861
-0.13055267606109597
0.7613119079334584
-0.21442074133299405
-0.012268351357866861
1.3292126293890842
-3.7504405690082883
0.9550566797041494
0.13137023787820587
0.7670356736274918
0.2314598422281314
-0.6988030245126253
0.9551513111819041
2.0036606528838146
-0.2796662488123436
0.4877456168926926
1.536075784076695
0.46574864982014613
1.027109982099365
1.6039689571258062
0.17727337151579356
0.7572060947489746
1.087307625738855
1.3874343850979585
0.9905005134753461
0.5187396782956497
0.7173470358400545
1.237882816164424
0.8141759579675213
0.34589865185584534
0.0260629895818653
1.123904498164001
0.9690163815151488
0.2663278640978054
-3.810844023720775
0.31819140977402693
1.378317333705298
0.6628009531826667
1.2775097363768289
1.5095822290921315
0.8584140046755238
1.0666835345888233
1.041874700398497
1.24283270370155
1.4283385295886994
0.97317081568241
0.6823485116090713
-7.311448886633084
0.3799765625726671
2.179533687555058
1.7787426406506246
0.3953699991568946
1.1907219866701917
-0.3393908177849523
0.028277944202727348
6.7016632745957425
0.08484649997159766
-0.49875795798710065
2.095189182511416
0.057490381206475344
0.8184112870527839
0.8370581131062073
0.3556656681883564
-0.4307121181511522
-0.238261323453898
0.7327280521910206
-0.22162138752662686
1.6850508151250772
-0.004955851094011771
-0.4892438852387439
-0.5898771672427789
2.66257262318903
1.0593044706768768
0.15203627281010704
-0.2851515074044116
2.617815306265276
0.1515045759525645
-0.20521210629724207
0.8210120261131709
-0.603910152296962
1.8041374531626437
0.32257809276602945
0.25678631613310837
-0.09280025795236851
-0.09379507512568676
-0.598983476698991
-0.07830948508335413
1.393874780475457
-2.93344007585629
-0.04405124577244832
1.9097508845550184
0.7868872720877818
0.3835247028680547
1.6271344552625533
-0.044575500901552156
0.6828629718040167
1.3087518933089948
0.7119480842372629
-0.20197431098144597
0.5932647257812772
0.22738427611009426
0.7116547723379792
0.8695794772753266
0.49935524771813966
0.35797416539774557
0.1919055891223501
0.9926844009189604
0.4428447916066704
1.2599146406469983
0.4865001335595156
0.3741254209131885
0.13952003271346813
1.0978260022604858
1.0879576011367056
0.5213827883209625
0.5625617846681245
-0.5430281493693878
1.2876799533706846
0.2631443694201868
2.5447701975405272
0.2369364894871371
1.7471872262626096
0.9249912044625266
0.11735598324769575
0.4690921977440319
0.39769681230645954
0.2973552713029797
0.5323095093431582
1.8469940798152118
-5.488478276371847
0.5168168493175014
1.818176748486417
2.410697954110278
0.6277409316455012
1.3632747526086992
0.07781148296335377
1.008185069830161
4.266527658688442
0.3196353823280494
-0.0747561697243627
0.9621572897746308
-0.004403302354259679
0.829338059353138
1.2330361493653832
-0.05408273762145016
-0.1604293681255661
0.26561803613951457
1.5112524078180796
-0.1916948372575001
1.7660055195102842
0.3013288488402097
-0.14334415494059677
-0.010022116027687794
1.0036483611337101
0.4854381552550587
0.8099447465246212
0.028500576564947457
-0.03642182739601588
0.47692141281079564
-0.021197619459102902
1.3761680005581194
-0.15207202620113314
0.9898835017330794
0.04398197490938995
0.5379034816757134
-0.22140926370722588
-0.015891825490679117
-0.2500716680762188
0.3518478091148569
1.4119693723251068
-2.4147872341290335
0.0465633416999797
2.7291875251071467
3.183445517517342
0.4985355759317925
3.3812170541475357
-0.3023764375942481
0.4344664768474396
3.848807108860484
0.29388879217242203
-0.3254477918545248
1.66777662911342
-0.14719556833594682
0.25323158798228085
0.774112710950167
0.018480410471517612
-0.4658556025198288
-0.18953916987318176
1.1295071077296575
-0.24881384631934395
1.0003494211046904
-0.23305944385785163
-0.4973610813063897
-0.5181557216925852
2.570105203476642
1.171335429711193
0.35963307260333655
0.07631282644559778
1.6826021350481668
0.03573755512371601
-0.043810405450366595
0.49041417562743633
-0.5341477473309592
0.5149041359169957
0.43414125724649966
0.07161863030154351
-0.021704399461893863
-0.0019181674693713744
-0.5817250289483433
0.11364614476744433
1.081747671979514
-0.9069635335625068
0.6114403691599363
1.7185089903329436
1.8293239462702444
0.7692943456252958
1.4019759679375705
-0.09250482684810285
0.9619815815802609
1.6841889425855692
0.5084047670860263
0.03214695209774647
2.075773143475092
0.4244190423363793
0.6486348469758586
0.6942020047000245
0.6558361532153487
-0.3246755048278496
-0.18825791698224678
1.7789828357896909
0.14290673613932603
0.7543203525771789
0.1608427478684029
-0.14304538555267285
-0.007368515143103702
2.27466367869333
0.9039345988293346
0.024773681236991755
0.3206117161714464
0.37713684917932716
0.45379380209621867
0.32408586083439805
1.0764951496273252
-0.21876616091416687
0.8955517072158758
0.533393615892402
0.46682544927991687
-0.07621193967608934
0.6925140265147158
-0.1328394377986432
-0.0487671524526949
1.590915924583228
-2.3919293950923146
1.1272158358566373
-5.934977590470802
-2.554150504596454
0.7822418294208402
-5.798053834534171
2.0428078635592275
2.6485980303296515
-9.727026465528024
3.6930084763669266
3.8179344464496494
-2.5315536749564393
1.9645099078422181
1.8094904280416142
0.8198431441748686
1.564021866077983
6.963447535303293
3.67463890490074
-0.8270855145800766
2.3119879812301867
-1.338516788098616
0.8785849009500608
2.4768690565458495
11.526813414828636
-3.510282513703614
-0.6036397368726022
2.9615809989333606
0.9381347030256144
-14.236895798588
0.1429964609796354
3.6559483300404887
-1.5220749651307972
5.195178795276648
-0.24724632409781488
1.4460413028332986
4.132790044005918
3.608203014876208
1.51845630719205
7.194900133468771
2.16418838005861
-1.537411254715074
-11.232492912948912
0.06646527706770261
1.143136406171114
1.6580895289040343
0.5019367608681471
0.8557087407565808
0.2735202295743005
1.0678285471057474
2.8881091995822294
0.8415117521931194
0.23554979765807837
0.649071838874184
0.4783640355800254
0.7897394919182004
0.8099639987391097
0.5896469910043455
-0.0852821212213997
0.5766145078224403
0.996232041238256
-0.14522456169517267
1.1394391075090693
0.212364935029212
0.21241436457483714
-0.10075940113706308
0.48141429641204164
1.0691970297069542
0.8047151629226745
0.24352800755783885
-0.4784602777032212
0.5756163751475782
0.533359957499609
0.9475710829533975
0.2537906663743739
1.2070337628570997
0.3567746524265805
0.904821113966715
0.5300116212006073
0.22878320417632095
0.10515203645461169
0.14972797376911728
0.7236651389533386
-3.501879060738633
0.10330057012361288
2.4950399686349547
0.9478566717276838
0.5804846157757012
2.6143678531845134
-0.12013842990848039
0.45999968429261895
1.961582564384845
0.47872602554599286
-0.38583393865133525
1.5064371965141246
0.28899447610772316
0.9868026778837921
1.4314561062131623
0.29606930601794923
-0.23467777506497106
0.09621632306474598
2.149060728120782
-0.1588324166364066
1.9821772256975931
0.16027464980704742
-0.5088439580897838
-0.329401641364044
2.647865704250447
0.7435884301550251
0.3702347459411488
-0.00016094127541629605
1.679167121220956
0.18116075214360866
0.2533671544399319
2.1289671046884284
-0.47953097407855866
0.9552512858261283
-0.020236915125480436
0.4216564510041067
0.15670211290734018
0.5881776118883644
-0.46989113650955716
0.4350291161483679
2.434018063663994
-4.119575284708626
0.6914493959014745
0.6115357068587924
1.0927331566619036
1.1397329928318474
1.0502628094550126
0.634889189572644
0.2748249163234767
2.4020716222445078
0.817177887174997
0.7513033772877016
1.2866870348767174
-0.029328208836863205
0.6026983535508774
0.2520231029403449
0.7828599347643881
0.6708320238158071
0.5643141978526593
0.6862863263862771
0.5182431286445739
0.7606397807102672
0.43199017675546947
0.010494989125926408
0.6508644302476335
0.5409327532109128
1.4487434912846693
1.1359974776694963
0.4506276208072117
-1.0563432638413333
0.9877633619545859
0.8722934515753248
0.811742621136112
0.4140443607455398
0.9134653484611055
0.14100491366366566
0.3148995557309524
0.1415393259574899
1.0620114998027805
0.6059082815227197
0.9894992885802398
0.9744841695155644
-3.9540937901044897
-0.000553140242738755
3.298303492439879
1.2000621630511608
0.593105590594883
3.0523619337106562
-0.48111975105908844
0.5188467973869657
6.977470768075861
0.1682781323615643
-0.5226935966189071
1.4959895445758995
-0.11879151302527899
0.2705456560451792
0.07338501293095526
0.13864959865228044
-0.5965208858161645
-0.3392940195244327
1.6533788678612182
-0.45396376171820235
0.7598965057959605
-0.17004954995970667
-0.6311367990699542
-0.6753435006910616
2.053875655867103
1.0633886853405694
0.09363479563769414
-0.3248659942515266
1.9535818502365652
0.5246917444707835
-0.421939489694116
1.9964665520741565
-0.681620703658376
0.9480259117608506
0.07769249957475596
-0.302688002292688
-0.36913986764594486
-0.17804334451882947
-0.7574018087703719
-0.34470173563088313
0.9059146535695269
-1.5459267295723347
0.1487446488428988
2.2173833372743905
1.1155803055819855
1.1412002544939917
1.0693949106376004
-0.018155541467397562
1.241005011603252
3.5495580498106607
0.9267420781891632
0.13288102674603783
1.5291354814351503
0.23889941743576137
0.28305530040279514
0.3792606260545003
0.3883877838208051
-0.025753682375918827
0.41421286622193215
0.9023734890339459
0.3625239183121716
1.276541200456123
-0.03970978728474384
0.30020322183839115
0.39282993097276553
1.7828861723187803
0.948382857859986
0.13411100712512158
0.2677149210666955
-0.41128747976793867
1.1982117588902959
-0.09316343446770445
1.3664305899985463
0.14844999967169542
0.6047811564957675
0.7363988502398872
0.329301067735754
0.4620753414410569
0.14135366719849493
-0.09736062751923141
0.7150088435732943
0.4809325095740104
-5.024133065747885
1.0085843682856723
-9.62687680774058
-5.96015371377874
0.05835903717444653
-5.522744964569115
5.854312280803994
5.106419673797946
-8.377565528529436
2.6925318397236206
4.554408553943516
-2.4455309381337345
2.6952197718361424
2.6971126845027387
0.23529793116960046
1.9348244101689815
3.247349197006239
2.327805192190823
-1.3367770662255494
1.8947371132181576
-1.6529790332279437
3.1596860006455914
3.7285717746230174
3.5266966165283105
-6.271493319616372
-1.5795341231486062
2.2952333744886886
0.9205010774139556
-12.445489903127921
0.2324239919204368
2.0615683254107373
-1.9188326616067553
10.13452790523041
-0.6603615556177731
2.567967251044886
5.919055228099572
2.1109168869805464
1.74008078692739
10.031297661608082
2.3287337806184127
-1.792574342196014
-12.252431953884727
1.0706815139075416
-12.321185498620189
-4.468759409805453
0.3803274732500807
-7.519807285083583
4.576590250165432
5.204641007426431
-12.583621969857164
4.1747248247844
4.503194973626927
-4.780922112544225
3.423258230808082
3.844180286851203
0.7517940878480984
1.4485444537245273
9.345418415692013
3.0926461805082304
-1.7868748414782005
2.4425210171441587
-2.1655214583605833
1.7100383264280836
8.073420316536154
6.3475162984732165
-6.054847533821547
-2.411668598055586
1.5548306041775946
2.1350541623124997
-15.0
0.5231071157244114
2.980316085861273
-3.479333640956947
9.45367558034555
-1.9647777948912442
1.0263494548327203
8.303307139119575
2.4990104322678337
2.1344922984093344
15.0
5.000401599457469
-4.414612897334547
-13.004951106460762
-0.1772710567628188
5.3446435420026885
3.0298568093049316
0.349675827339346
3.7781047104179
-0.5397329527951471
-0.0907585884943782
2.368685085752372
-0.030785462718650482
-0.5887500493994564
0.6884754204278067
-0.028770917775314563
0.39830028072155843
0.7675584529869722
-0.05386643982150088
-0.8118676200828081
-0.3386722198934559
0.839052454840746
-0.45014079070778357
0.6405819009303868
-0.3613072917232987
-0.7165719546268943
-0.7401294075210464
3.716868566691293
0.49263464774946925
0.23515135491238698
0.03553871722273487
3.1796680378094244
0.3721934793621806
-0.1917257997642731
0.5883857033679736
-1.0022727809086425
2.326071244938692
-0.04469121068229245
-0.31343577435692066
-0.4106003331198326
0.33953762657791114
-0.8473211074604667
-0.2315701569402045
2.3831963355243944
-1.8448487608280042
0.06378647491327177
3.0493472728255413
1.7880897244909668
1.1283570631294186
2.0440527131853408
-0.13861903940678594
0.577415576479093
5.167714828653797
0.6425641524607284
-0.07794246749423239
2.3625894941878594
0.17773274896446775
0.606191347572674
0.3955451881248329
-0.05381384522124357
-0.30455877388004166
-0.08629152724072037
0.5911672506642027
-0.22031695392383377
1.1806379614728855
0.10007669678309698
-0.2485627378694843
-0.31257979501750155
2.489085436829626
1.272449653503401
0.009123039512188699
0.14332600231268494
1.5076530312219982
0.7924931924758593
0.11635429977887471
1.2370489496303396
-0.3228648209264675
1.3871653880051047
0.5331711012216167
0.28240831345404444
0.20910525269338498
0.07874477216048499
-0.5586574088014334
0.43071509542514785
0.7148557956479621
-5.706326836954521
0.05133933011925961
3.138698151019751
1.493990310716132
0.7794061915934498
1.7088206007948201
-0.11526031236698682
0.00900488514632761
4.364247496496436
0.4113974942790127
-0.33064186477929214
2.0679211260672563
-0.16590570308694236
0.08336273230353919
0.6163209890110914
-0.09997810212742117
-0.2148776170766843
0.043313810041398705
1.3749955162692764
-0.3144909552640825
1.4127079278156762
-0.08579821203266608
-0.24354677323771684
-0.25222078838030565
1.8062917005723187
1.5866431743287126
0.5139701376075321
0.2344315608909706
0.8698009990078367
0.5188952330188333
0.15906434495966001
1.7671470754928535
-0.28806635321734975
0.534570748211574
0.40888511315648274
0.01849110688401432
-0.07287602595318794
-0.12648996718757866
-0.39732474783320676
0.09124431501385796
0.7598739794899072
-0.892385403797651
0.1477871364209657
1.9278506185270283
1.775301000659101
0.1978217298009914
1.0804879104689062
-0.08047784447357398
0.9993172412525466
3.357815619135566
0.42050229372216213
-0.018611323551590567
0.9045007016213082
0.20476664739885533
0.13102982959873918
0.7935672163544022
0.5091035871057193
-0.0031140068821458727
0.22153725336465147
0.4854294244221772
0.17678576226487402
1.1066421612247552
-0.1044946137549577
-0.35356823625247824
0.05364388936470295
1.5508107943414704
1.1972079049717843
0.6356400163614252
0.42193515950631716
0.46578321759191993
1.2607072912964727
0.2626007532373143
1.9357675419106035
-0.1581255391056749
0.5802848036633361
0.4012842888741758
0.710873586901635
0.1714649987452199
0.5919901757270158
-0.35632522551210943
0.2729373142535033
2.1489774114112667
-4.511031419791831
-0.39097200927925646
3.2611148648084742
2.3041637476857795
0.3736553454228247
1.6374711843856837
-1.2050973990501972
-0.1106266843963768
3.5726598860484935
-0.47785218290890313
-1.4032090549534035
2.1125543495680206
-0.6052609167416134
-0.01660623415232275
0.8205488760729173
-0.3628594311294073
-0.9592346038138003
-0.7930445875537372
1.6120891957890084
-1.1827726021658374
0.5854066519188111
-0.6847624167405963
-1.4573167054158613
-1.024735180244367
4.08673702250201
0.4908400576865586
-0.23588109574493202
-0.5988522152755599
4.7483291285356755
-0.03944412793172658
-0.7901249069434355
2.6133995797507197
-1.362448402909249
0.4161694252052327
-0.3577167430721447
-0.5187909222170751
-0.7997788629389553
-0.40114417326582824
-1.1051879601307566
-0.6191676064263131
0.726947732006161
10.512452896773144
-0.020687068698186734
2.3720877663279762
1.4226977148864202
0.23294089232670623
1.7596641236379993
-0.24211783281124594
0.43964690360695924
2.793796210823451
0.3577996313164252
-0.1190325428000973
1.3861433206053149
0.07147724961712923
0.9783473027384596
0.8266443725049152
0.3363463317166818
-0.39599592771775544
-0.08812918153366792
0.6608864583672729
-0.2834760839303327
0.4269041584388562
0.16336929176080917
-0.48613972724638443
-0.4716702637843839
2.024873635192186
2.3729036383690647
0.045510727694619335
0.17544801816595407
1.2536807408933832
0.5176720191185366
0.04489791797740217
0.6518366251104374
-0.3602727074261048
2.3974840451099224
0.29447333785057983
0.5401066423093003
0.154663134738852
0.6017398472185733
-0.4277603966136054
0.222964961133175
1.5427841796798651
-2.95394957609226
0.6112525847202642
1.5657013231492802
1.0062664578433198
0.61014570834848
1.096316845937592
-0.34028342597007477
0.6596571683229472
2.617701674624406
-0.0597655742237613
-0.24684869431653036
0.5096703018396306
0.17979401749410778
0.11663362448852312
0.7383881017308985
0.4969869926500504
-0.24513059046193622
0.20827130150157822
1.4038899501586097
0.06230774254682012
0.881042407596381
0.3009685961373222
-0.10383830212390584
-0.18997722508858533
2.0392618810868224
0.5378472055878214
0.8047860957045118
-0.05556554590318997
0.3085896186285709
1.000230773860147
-0.04589765550013371
2.396471172933926
-0.23621652553446415
1.0695118051887358
0.4962102989033931
0.15815599032875305
0.21845343202798867
0.274188788705739
-0.38337789527348015
0.42125404103517383
1.186597955627522
-1.078759021421029
0.4861237013156132
2.008930435537227
3.172514136951369
0.5543891474606344
2.750849736889033
-0.24995767774100047
0.7257212268270152
3.0427394491595456
0.20793157838067378
-0.406507558017416
1.3976275358514512
0.3375399751878437
0.8721684025592553
0.889623839114491
0.36053887627043224
-0.464338464495273
-0.28586099189399183
0.8741330341587635
-0.2561403137981082
2.522568798239328
0.27009244947665806
-0.3617395321491411
-0.5418426669990711
1.6808250672680012
1.3428603634272815
0.813601379666228
0.3807660081447082
1.5343120584372725
0.48439160854484337
0.2724655750300858
1.3622213482780103
-0.4099747752036149
1.2832974523952465
0.5770914219455012
0.16062828511956478
0.0076823565507104195
0.4069382804464191
-0.5029162103596485
-0.048136485491344236
1.6810036806247082
-5.684830975500905
2.1459913041227923
-6.845934535883686
-5.864760435851
1.3350149761927104
-8.376607913057791
5.745126470488931
4.006976599189103
-14.109020793076533
1.9483883410513707
10.525012022304928
-3.490274568133146
1.5669128729070405
2.6029234061390265
0.8055958244947693
1.1524338848772508
5.351104886160633
3.015933500132622
-1.038395722739393
2.572003221684541
-1.680344375576521
3.424469802828124
7.015459622176548
5.656676593458797
-3.867754654284314
-0.9057417038079378
1.613607313615789
2.509659891964826
-15.0
0.8778252667658794
4.1693697377886965
-1.3075027659809413
4.989317285564632
-0.5032405650175316
2.1387525996486394
7.146838365438718
1.4934460869747743
2.005019901089409
5.249289939583302
6.326827488679619
-3.371723168106884
-15.0
0.27703264962900337
4.09721383280351
3.2844631022947484
1.1202010909022673
1.8286060330368743
-0.3594593837447976
0.47647087687924045
1.786362696224951
0.09712651101479301
-0.2826605698958134
1.8600851608835742
0.346019696870385
0.585039069115704
1.0720050891130704
0.24148610244673022
-0.3537238002434152
0.11503251374602134
1.1167198436939911
-0.294337561040558
0.779538576049658
0.15736415580086904
-0.39506910701365155
-0.415801332549911
2.8864277943873606
0.9312558406416969
0.8443703897270928
0.216024242098131
0.9186178025075108
1.1825451217039167
-0.11062463249822621
0.7155044430722576
-0.4168033685871087
1.1239755691555005
0.3731377797309554
0.30796726358063575
-0.2343449321255698
-0.06395506305814848
-0.6058998710099828
-0.16553137791278077
0.5934061621152416
-5.582086049168666
0.5923035117728443
1.8010407193495406
0.7802454794873112
0.6811482377705951
2.162531135615247
-0.062397651917060065
0.9199253841721294
2.3993619666453383
0.7669619986323458
0.04591116742213187
1.9877971653257263
0.577627279605027
1.2871681168258284
0.3878693300617994
0.5679679769289112
0.37531735367239255
-0.025259430885664236
0.9491155288834934
0.3219940429375456
0.6475223758429672
0.35057774976644573
0.09048796754137958
0.09232017567798298
2.2170745649885033
1.7934216303175
0.11903095980985631
-0.04260584967208531
-1.4272113202797243
0.7103132629071915
0.2028144905787253
1.1854921889282053
0.05523051627267492
0.687173484175387
0.8778874127332134
0.6361345957527649
-0.07687441135565298
0.7683351782279283
0.20156497464094603
-0.01903905263686105
0.7777063834466711
-4.789217644854945
0.4524366381221934
0.9447719709570364
1.9108636186612937
0.3188118419058239
0.266757320201944
0.14171901250370264
0.6778224175464036
1.2952434593641002
0.8672417487439634
0.6532015206255258
0.8483089896672686
0.47277930987988576
0.3845243524612075
1.3016569067722505
0.10780394239986124
0.3751029717778211
0.4155067602394341
1.0935681253838667
0.17951698792141205
0.4481766530439554
0.34368042586087505
0.7013156365398222
0.3012217417276204
1.1576656260231082
1.2112649525605073
0.6005033247297231
0.9816485536475741
-1.516488470181605
1.0868453502148387
0.11669183653168046
1.6034153448991098
0.06825127017757288
0.6540493147405115
0.8904707927197391
0.6847979928352413
0.19418661269803772
1.2418093942114898
-0.12690071843171893
0.6946992299386582
1.1075895011446721
-4.021644615125442
0.8244091155714832
1.2895081685429497
1.751669895306503
0.8727307399768093
0.9738843717385696
0.5000538393430528
0.9344388560325789
2.2697382192131754
1.1165491737665165
0.39905959137600233
0.997253884158339
0.4153732175895333
0.38093194737771024
1.4279563199012648
0.15359456108713118
0.37384692429739314
0.6376232169444539
1.222446452375787
0.3007408780247893
1.2345686936454645
0.26555808792021995
0.23729439018716583
-0.030982882184513068
1.3239940107612709
0.8902097520761532
0.4901081818563778
0.08785082063985412
-1.2373581466074033
1.3071265089824806
0.38181418443779136
0.6616995527461039
0.5006609527041014
1.730741946354741
0.3162511201096894
0.8149412826713721
0.4577794136247363
0.410699683249691
0.27464477908445756
0.1885671799695562
1.9374692775404894
-6.245566494561376
0.2119873471240626
2.4661306345287572
1.318933333718603
1.16864799874563
1.6302316968186994
0.060037980956151565
0.30399658206832786
1.7585252247210823
1.165847738538846
0.08992066119543216
1.1293728981541968
0.5116177053208243
0.8042827789930697
0.5970928043381192
0.1920550505288549
0.20379943305233858
-0.12525902176060558
1.8382039156981116
0.2529034988335934
0.5361308257401576
-0.12801221068424679
-0.0899778695732081
0.19284962397446287
1.0773854634182858
1.652819411942321
0.831248662270711
-0.08549065416230005
-1.0381931416244807
0.19478968288244145
0.4654579293544351
2.0315906466198923
-0.20409181963400205
1.5865189620855664
0.8574267782857555
0.3185187825763083
-0.11092961832075288
0.40825692609707165
0.18750100145585633
0.676370561556971
1.084566617076335
-5.94787999066427
-0.2522819241331338
-10.427541535168928
-9.422061644838633
-1.4426226682027772
-12.475176467691844
4.657720153437911
2.420058779627926
-15.0
5.501187793854758
8.594557532301195
-7.2833239383203505
2.387864965692098
2.267954936160377
-1.4996517030111345
1.622560511896309
14.833895712799643
4.381738205712541
-7.373313538568668
4.901524139610302
-5.449563784477486
2.8961515257082704
15.0
15.0
-10.082137728825412
-3.738075719145707
0.42801433305887876
0.872291383175632
-15.0
-1.438114977469564
3.1126259133171663
-6.341354637182485
14.851913979854636
-3.1285092910639993
0.2030574569224739
4.019097927302442
4.318763435852557
0.8575874179394024
12.116654420516062
4.2280029510977615
-7.532015393820019
-14.7241426554452
0.6736975645550402
0.9979742112349058
1.2613749824734186
0.15875199810490642
1.0587822261005133
0.42074537390288824
0.807026177897768
1.9928243223271906
0.26289360676747336
0.1934361504726754
1.2522316949216983
0.307506619831318
0.8937405738571503
1.3046398773816026
0.34140306296142114
0.21637596919408347
-0.0013204043225020536
0.7867678542337642
0.5023486919707024
1.5966461044251614
0.10970723857030965
-0.1035545716045031
-0.02253908979333565
0.8158063919671958
1.4533195431314512
0.7271089203200471
0.13415721029777658
-1.5083063654874016
0.6229110419638055
0.2534851640382188
2.1322461791369185
0.4368449338872568
1.7580293615157998
0.03959689128506749
0.15404479024884507
0.22930763988264893
0.08622218495206357
0.3239017823241831
0.9473360655008423
1.1347041572516425
-5.033687352137384
0.32353451059355803
2.689085160069554
2.905400312113884
0.21703199861528014
1.4393858761666842
-0.1778784826913326
0.9330474182876333
2.51942878906874
0.3015550048091093
-0.18769236647672466
2.0988579515127785
0.3108208197800239
0.9811817886989774
0.4202758359708431
0.3922162860085322
-0.17109840537051854
0.20023419668936024
2.0818971350782145
0.06878726375179287
1.710538182317653
-0.011577023608079454
-0.42779393652930486
-0.31224375424341216
1.5841098294391427
1.6252029998036055
0.6433300036221402
0.26835739465645453
1.8185286033962904
0.2737544772595272
-0.15834656313922565
2.1628277746847373
-0.33352384323038253
2.025680964954084
0.5881499008128246
0.3146762521344092
0.21984283938587776
0.16353534106889642
-0.43641822641536954
0.2351597416333569
2.229988143840352
-8.18988066441247
