Architecture: escape_chain
Number of States: 30
Parameters:
0.4522561743847957
0.7146468775415546
0.08994112254523712
0.8598089015687328
0.908803831079026
0.27800104110021284
0.502923065409662
0.8454332048106479
0.44706506517207634
0.7080910271360988
0.5608389719969826
0.4012233859664275
0.41019782452954767
0.9293849005685756
0.15038586714383595
0.4744944492556523
0.8621647138399082
0.9514967051842981
0.40624999196893286
0.08198200817597567
0.5485365035000824
0.2644378054478619
0.5177764078503975
0.6340387621307795
0.5312586160791147
0.16807413520426995
0.37792233564928523
0.7161017149348975
0.7999420490082798
