Architecture: chain
Number of States: 36
Parameters:
-11.290972307192897
-11.27199883052746
-12.771985212947296
-11.401223977278914
-11.313188795061615
-11.285179081984799
-13.333643582871671
-11.26528004100744
-13.962592596652998
-11.880900150893325
-8.75937564776763
-11.611607912938155
-13.43402168458583
-11.284031637993397
-11.346189169266427
-11.27477248793964
-11.506524035477536
-11.228733814021371
-11.221149965843683
-11.938421006836727
-11.245939664963048
-11.310511799024317
-11.301519225482162
-11.311140966892061
-11.903578729505716
-9.89932090497476
-11.362533240006266
-13.682915519297687
-8.749502533504142
-11.290812782353807
-11.19056748819093
-11.193158088666781
-8.924138457300986
-13.521263063414516
-10.538834526083228
