Architecture: full
Number of States: 18
Parameters:
-15.0
-15.0
13.90309563338234
2.820317992328288
8.516225899757073
12.73557638771339
-6.122295198133243
-2.7664915672914443
2.269778281815902
-6.443658835727047
8.870438506234454
7.3497921412770015
-15.0
-4.120244743231089
-12.510117485132483
-15.0
11.238570919271352
13.57794842518346
-1.4100009518293197
-9.809321649518738
-3.1889617307330083
-6.939901530757814
-7.7042740525044255
-4.137449151451684
-4.545264677052364
-1.717668414147581
-5.966981010676423
-8.232569236831205
-6.728341326418703
-2.332433458863365
-4.145988623450499
-5.935170295980781
5.221740743109499
14.228282455242601
1.3846884576376863
2.9988742371408863
-1.326067965817513
1.2185276643988279
-1.2955338943920016
-1.1769290340747238
1.0404268404424302
0.13930745436633574
0.5540726193512454
0.1317891001668425
-1.7444749516617026
-1.8102806879815738
9.11828174975679
0.9624051860667517
-0.007024967915483915
3.0667986627042496
-2.355300086014944
-12.501034318767376
-2.380332778323693
12.274439020706948
-2.1338593103536247
-1.676328218300275
3.781958882245532
0.16592675184199585
1.815515409547768
-3.202011754895818
6.769998969633082
12.366493426083023
5.099396880755738
-9.978725035818412
-0.6881914160208465
10.894718037719807
-7.824475809280752
-6.379887830484361
3.6491160912161673
5.453571749793343
-1.857384581694194
1.0301719413987631
-1.6248711584234903
-1.5282986213827165
1.013601183001631
-0.010258828361572853
1.0786721712517986
-0.08704218588662514
-2.4339310424968925
-2.373471059710673
5.905708477180482
0.6092358021709133
-0.23936274208555822
7.938014826562108
-1.23383136162202
-15.0
0.6735434958502552
-2.959661232211361
0.11281724808846431
7.020563664924723
4.687701055070516
2.569742114832795
5.233764674713537
-2.870734368316241
3.9235185666348116
0.336348282002507
12.506540867616762
-8.25238705517921
2.0985926488806697
2.815244169845513
-2.0545327046869146
1.9428380100943352
-15.0
1.619362385526952
-8.467061030052141
0.09194582965735701
12.9574658786688
13.029000501236972
3.2925532788527554
2.4348678457653254
-1.902255560316567
1.8624432934530102
0.1626727690026534
4.278204860448709
-10.046400553655564
2.6344248029465227
2.0796896980781856
-3.9829675785871337
12.36052707261134
-2.1026436924026215
4.700630462900109
-5.07831804838753
5.620206948235642
-2.2880796966952945
-2.534010565473341
11.248994390789742
0.3175017165979616
1.2080087895771097
3.5951372823897687
-3.6125107943507477
-1.425575040365637
-1.080034611656039
5.336195136065218
-0.674319100994681
11.883483706740956
-3.5394765748384103
-4.042928698137101
-0.5189063933738453
-7.103941538120503
0.6921648062948961
-1.308959972778364
-2.1337282591863147
3.4194527350921176
14.214574239886709
-0.350921132926003
14.828359980121908
-4.315206600604585
-0.3131524495348009
-2.3742962479362903
3.5835013403798
-0.1103018261311819
0.011316692725834222
-3.1390911464213
7.0325195323131435
2.1676103830800737
-2.7905052530854957
0.32239703683844023
-2.2000091562128503
-2.8279791286200213
0.15769114737425566
-0.25744902371203676
2.3574681995669513
-0.9539087521805967
-2.2072778643027604
-3.3657916656603475
10.069991287031076
0.09993831488018033
-0.6772708261153975
10.016338088890961
-3.162536439849631
-11.227371497229726
1.06584817251885
-2.5328576627371704
1.1628012825064642
0.693451058953631
-0.4984782258279567
14.913050319750365
3.7025164941690183
-1.4074296831464106
14.300552380464671
-3.441731183574536
1.1115386103764078
-6.54076215786156
5.243555444783889
1.0067066522815522
-0.713141167991557
-8.160757635004135
-11.592470559103651
-1.2360294628370534
-2.7886482835193225
-3.4963912033974713
0.1634572586522583
11.90766045884414
1.3712726837133935
0.6197816014115463
-3.8721274514526165
-0.03513666142920336
11.84740522960404
1.1888120133898237
-11.589284527315279
0.20909777886168654
9.691305804428234
-5.157398850778966
10.050589657051843
-1.873041632409078
-0.231209940726226
-3.221946942356734
0.28454285171515503
11.237869909262823
5.029150772717559
3.4334874314658483
13.983387822173775
-0.6144765233239582
6.152595045980224
-5.368964954888965
2.2953370729649043
-2.484743751485476
1.686524473070597
4.637249801963474
-1.5074377632284603
-15.0
9.44894027260115
-0.6265588309650056
-10.089567117763062
-3.0795920360881475
-4.978318065162234
-4.941415271767569
-3.1528116959831793
-3.8769812381404627
-0.7226933441781771
-5.5421371055283695
-4.995500457768691
-9.146030004915563
8.809794684107471
-4.318617413736521
-4.07080854483059
3.244789623912073
-1.7635446562171433
0.821691222161347
4.0924219092010805
-2.037722518551795
3.822951714979163
-0.6766943020892983
-1.0104323934878634
3.6804094856174356
1.198892306626623
2.238076826578731
1.1927614247549558
-1.808635225823374
-0.9749554180715113
1.566992603372099
2.0423863751153566
0.5997677780086492
8.243383467798012
-7.663165670023533
-13.134438919301113
3.1577846911271163
-5.297248964917188
2.1053637228378235
4.615289449100307
3.096877483376666
12.422338660929785
3.196892395009851
-1.0242101802581474
2.7152638691319106
-2.047123886258819
4.027636996917395
-7.446414039383135
3.729579322886818
2.7701331130018336
-0.11251035312443966
-0.018370967248830868
6.541197889966623
1.093581619380801
-3.9653053549115627
-1.423952063830321
-4.538971641197842
-5.825283550249099
-1.7644038230457095
-3.1115041174828004
0.5735379164283293
-2.3484889071873245
-4.0629958475780485
-4.187821466219482
14.997723448951238
-2.7092931578388733
-2.020622958046495
7.166863774607779
-6.1480829966691255
