Architecture: chain
Number of States: 28
Parameters:
-2.4837035723455103
-2.740954038905699
-2.4919947753967313
-2.6142987414955634
-2.718219603880664
-2.508415535588654
-2.671568036583558
-2.6685154996252964
-2.7298570616964284
-2.518053908318249
-2.5158547124696664
-2.5736562039756867
-2.711872319430482
-2.511104855754173
-2.5197604788735126
-2.618284854641555
-2.488177968678806
-2.723839921707769
-2.5038437741928483
-2.499108008727633
-2.491036594550826
-2.4825455339599087
-2.4798903173886226
-2.4809383542288113
-2.509759143447825
-2.5006660121441033
-2.4834797887408024
