Architecture: combined
Number of States: 32
Parameters:
-6.171422616754461
-8.049934465149267
6.021454165163709
-15.0
-1.4716650547803956
-14.99856714128065
3.327812152166011
-14.999966582053684
5.087587717563729
-15.0
1.5642679890412856
-10.252150661944373
1.568655625323047
-10.403416426919627
0.8445853561130944
-13.071506286022313
4.821599922286402
-15.0
4.7587796933965825
-15.0
6.9327346748722904
-15.0
9.285787765286386
-15.0
8.387568937514288
-12.854029041313794
6.912213714792028
-15.0
9.328896188462336
-15.0
8.395667958237919
-15.0
5.436378476234051
-15.0
3.4697153480936818
-12.498617634193973
4.179410450963296
-15.0
1.907320516910185
-14.999899264050951
1.420246277725378
-14.999880051840227
5.935249988599312
-15.0
5.466816863358705
-15.0
3.3967957667074287
-9.227088101522236
-2.528200786118594
-8.97882548662845
2.843738916606985
-14.999872199126472
-2.4403819293374416
-8.800544148448376
1.5054485755379408
-7.759335013483105
1.2785138687640405
-9.683879347795873
0.31478521913482793
-4.6252110115510465
14.49424612994852
-14.529402068739438
