Architecture: combined
Number of States: 26
Parameters:
4.636767261241889
-10.89129423186342
3.8963358991814663
-13.053680687234772
2.9228623619999494
-10.950593199142064
4.71749843635704
-7.957578861553268
3.097791578968203
-9.30684764952851
1.5286642630442422
-6.259294103939829
-2.31611399381558
-12.267379923165032
2.8221625289205985
-10.21738272831445
4.525414980690206
-8.966606887377397
3.899883539285314
-12.237009639990923
-2.362931353702605
-6.717580746681416
5.281496130789078
-8.707035094189827
1.0791651843002787
-14.976344915336778
-6.0410048083462815
-13.629453687939737
-0.8595844007994956
-9.04195466850276
2.932153329582175
-11.110683781451982
2.092262830185224
-8.00176448318945
1.8793900342633394
-9.107392965352664
-0.8690916871852403
-8.177391671949707
4.2583636818401205
-9.889333203099033
1.3877113536190488
-8.584352357813572
0.7898296688671078
-7.622070698589431
-1.664697315655558
-3.6389138199989532
-3.7481982488171663
2.7000573080475783
9.324852262049156
-10.46570828786198
