Architecture: combined
Number of States: 26
Parameters:
1.510295393652788
-1.2344423561494546
1.4473159616781026
-1.2227140989070047
1.5010824787420967
-1.1081766322513322
1.4851881824187572
-1.038830667378055
1.603000946898786
-0.8635913134539448
1.407648654332693
-0.9056191181860668
1.5684297117569619
-0.9412108086631782
1.296484206334859
-0.2968218221370594
1.7628116085683776
-5.6542000351760855
1.5558554348049471
0.3191656116313572
2.792229858182425
-6.739473936195884
1.0641423415372078
0.6325353548370338
2.8103867942066825
-3.192215103535988
3.587147435651442
-5.039126633490239
2.668548305014418
2.0985148876152175
-1.7621755335261131
5.1751894744397475
-0.8545792688496386
2.648200074177239
0.023780598510284783
1.2185853753198295
0.9262715966504509
0.007056493827553948
0.1774712137190162
0.6165054466537968
0.7032872190616115
0.8050439815060091
0.5244959854659795
0.8880481305372996
0.7899751421135222
0.4624475535424928
0.12911766166268263
1.0498329430088305
0.5803347091358635
0.5190295762277713
