Architecture: combined
Number of States: 18
Parameters:
14.936261786669364
-15.0
14.933176003582052
-15.0
9.018881570132375
-15.0
1.0948975063752573
-7.882294921180194
7.100821281968039
-9.339459509507522
-2.8208933059391783
-6.424828407761902
8.128870355851369
-12.302366669579264
8.553255405319149
-12.03986942212174
1.0421034819805879
-0.03921270431839155
3.131259662309934
-3.4513233386140114
3.7821714093617946
-3.2668798679183206
2.6807503371460055
9.985950169208158
-2.9092161132929344
7.591373899015938
-3.6480646991618766
6.926203144119957
-3.1313823589704466
3.5372805241500025
-4.459277031917237
4.877571291255629
4.504624072915147
-4.520704475729084
