Architecture: combined
Number of States: 14
Parameters:
14.935154942979795
-15.0
14.935693893401057
-15.0
14.927780272677438
-15.0
10.478585177115807
-14.230945197925202
6.167293555618979
-7.244002161459647
-0.11766279183477715
-9.786102032492368
-0.13373610728592278
-4.32161978393026
-0.12680085552309162
-9.942708254956408
-0.1506735951790919
-3.7621136324155895
-0.2612195769859786
-2.2021826046034256
-0.12107070247242059
-3.6018538234132755
-0.08929362144004029
-5.138357183187676
-0.08546187087980008
-11.74317462926812
