Architecture: combined
Number of States: 40
Parameters:
0.2367972997184573
0.37833303235087057
0.08614241267960943
0.6037157606467571
0.2668261418532024
0.027441052829332957
0.08950828061850924
0.7243767280370866
0.33450735083772654
0.11411657754797855
0.4559682129082806
0.026836987572294357
0.15216575914971509
0.7668542055147206
0.7894747536452239
0.29372794232793964
0.6622861906291851
0.17013052316683897
0.5681329372241448
0.46789939230121314
0.33782476035558484
0.5032690535216181
0.0633443595296369
0.450208581687764
0.41883288273744745
0.4577238374885676
0.07567526713666028
0.06381680963981184
0.09878218255417048
0.8400790940486531
0.8691977284889196
0.9924178288927847
0.9467539260482231
0.7200971572164307
0.07350338641039944
0.9379694440151815
0.9139257599380068
0.00605022716093373
0.30565692176155024
0.7683077863904006
0.06471597346104074
0.004136836363276886
0.16932589966335176
0.7909638887129179
0.28744200747691273
0.8226420030535059
0.34309874789009587
0.30680569883773134
0.20383411179797928
0.34155225567241987
0.10324470783662842
0.582398313515464
0.23564571092779962
0.4807713402909213
0.09023501567460057
0.34995189611561817
0.17600464597026855
0.1870994503336666
0.003799951258557699
0.2177114846018512
0.031255883341612556
0.7491004785636666
0.9430624537477641
0.22718050121716982
0.6501368420462263
0.44514695337204857
0.17137985988836701
0.4429719601606954
0.5621119789651278
0.17733613639125823
0.46007963878300384
0.6793723359242394
0.8448260844947221
0.2999360456933001
0.2343151259612274
0.6425171900116019
0.2658665666852841
0.6762524199647224
