Architecture: k-jumps
Number of States: 28
Parameters:
0.716507522276109
0.8687681191487839
0.36278503498100945
0.9588216641383374
0.943793880408561
0.7069002816470213
0.9794220559868052
0.6038887803358151
0.4065230599458305
0.6951895567284699
0.41546369217478063
0.9734604135010636
0.942443635248451
0.30319203182315235
0.9850101530463357
0.5156850951486515
0.15004645291359386
0.29285065687878775
0.32132482329935674
0.059372712262537375
0.1725407937106025
0.15122237013180684
0.34939961144006015
0.307310787600089
0.18035890643066466
0.25648838530112605
0.4854921210390887
0.5067363768769801
0.9989400334117082
0.5014488926264854
0.23062567643591514
0.16329607291534043
0.5853594227151552
0.30621692583843396
0.48166768069904187
0.26473727201000075
0.2694540218488296
0.8282093405877439
0.9274765438735284
0.8680435310830321
0.1521873174713586
0.5396790261418721
0.725898782112386
0.3249874812265089
0.465931569322651
0.4767133584431207
0.9457304566592456
0.25872576639735556
0.3064173903398144
0.9853674400259222
0.1467501964137743
0.2001667599203143
0.02453317090161844
0.9201511780864847
0.3916355884201155
0.17368239949583997
0.1774001562516493
0.08768446130013885
0.5845088328932276
0.592910550162605
0.14468495314954521
0.5969183533054712
0.406493592000032
0.9040323309392589
0.8753558699398328
0.77994966790972
0.3721815597757798
0.9055490451552926
0.6907119217337361
0.8371478670239195
0.64526879743478
0.6434575028398973
0.7684062359556171
0.7992147390591672
