Architecture: combined
Number of States: 32
Parameters:
15.0
-14.999595716052168
15.0
-15.0
14.888457516911787
-15.0
1.3756062351663818
-6.218799598072161
6.531606102133211
-5.956578844997028
-6.076195276883822
-13.675185565451354
5.9413727004425105
-12.500123827457458
9.552496608878325
-11.357590668805814
6.141159470300285
-5.935575852143777
-2.39443085589642
-3.990928393820685
-0.9049922327927614
-3.699394619135262
-2.0507158265044856
-4.875646202163873
-1.7758858807097735
-6.611155731419371
3.122541900822599
-1.4429868572977569
3.0187640972266374
-4.757341484401601
4.694823769498835
-2.204468604050385
1.0143230053003942
-1.1039998490661325
5.875416915700208
-3.066509770680249
3.4461934324076826
-4.103718947129185
5.4526583252599234
-1.6050465878310507
5.172549893231274
-2.556944680896215
-2.0298643053335717
-5.1164354542317385
2.151422821910195
0.7921044228794275
-0.11519592841937296
-1.4178634590677759
0.4062555057965929
-0.19596570322353743
-2.9948446538881117
2.4829005081521416
2.652573493380681
-1.6794388971933452
0.08730182434725285
1.1691653897286776
-2.5658572495131517
3.5828636997668553
0.3602012108886946
1.3269814827127258
1.4047716477055563
0.30083013087516586
