Architecture: chain
Number of States: 46
Parameters:
-7.2676822350033765
-8.661472970106914
0.26078079488298617
-7.1603422820881
-9.409567490310582
-8.904649568461767
-8.18470349852601
-6.514956819671543
-6.883544952392502
-9.177946368378413
-8.719003689374125
-7.295117493782444
-7.256438567847305
-8.718396785968189
-9.864100701594772
-5.312595596868119
-9.643116119101146
-7.49165076467731
-9.865561842200268
-7.680371203031842
-8.241946465583542
-9.51912865955659
-7.0296982036379845
-7.300100233021547
-7.151029812206283
-7.528070418306932
-7.478337622454387
-7.081700924385333
-7.280839522870886
-7.562360061781648
-9.354673304312197
-7.037973744820587
-7.676774331910145
-7.49558016902681
-7.34015765358896
-7.139926394349205
-8.670684525327657
0.28546396936634294
-9.495219284125785
-9.719503537135202
-7.256871818200829
-7.314664625609268
-7.634255344674678
-7.6839683629539275
-9.856334489034467
