Architecture: combined
Number of States: 30
Parameters:
0.840705650149169
0.9409583552900119
0.5459574660947993
0.7445389202117835
0.6410199475033399
0.6402768020008335
0.7042995575087817
0.9012585648064465
0.8190961061323871
0.8458977177644772
0.5318432106480552
0.6917541786588499
0.6393324241917271
0.3217831490296933
0.3534755970725044
0.8813616576201523
0.2931839941648492
0.2992803706171009
0.20164441888804852
0.5705721813505044
0.422461202390057
0.4661352010625146
0.4381259097055743
0.11605637422375215
0.7238876489073994
0.9096283767682325
0.24348161946885627
0.8300089845049525
0.6392899099683094
0.5099607176775524
0.02408171401585646
0.2943735020787257
0.6494557738423379
0.4752736814019568
0.5555359072528216
0.5037655542649262
0.6860591369571865
0.47893779161467775
0.7387402903627209
0.25627508551566114
0.31381210388521186
0.6151803883037571
0.9473136405991993
0.02711451294042244
0.4870135606494511
0.2840360375442901
0.9057082627822625
0.665137909731223
0.29231490885792155
0.13742055196254643
0.23742894603768305
0.9256860306442602
0.0785930947235769
0.46550708584529743
0.17397085943680857
0.9613909448218635
0.8053046958876047
0.648212516598299
