Architecture: k-jumps
Number of States: 28
Parameters:
0.443878286005597
-2.005175366781041
0.390838896515301
-1.9255230000499834
0.4481209457237461
-2.0157398347717828
0.2978466978107834
-1.3017088577061768
0.6253396054498053
-5.614460130773512
0.3573935693135946
-0.9895099008863447
-13.072106410421608
3.433155194945995
-2.5401337292784127
-9.073676978909827
0.08185796259645566
-0.3528918510487933
-12.150582600779654
8.331132875825716
-3.6952759857628683
-8.376330242639805
10.450825915254123
-7.286411288254277
-7.532620792128962
5.322022076149742
-1.6197861026620861
-8.510102303863036
13.765336951386164
-4.704477532083309
-9.128668323429178
-2.5370486917351425
9.272928435524104
-5.623749155948419
0.06192640052635134
3.742280736862041
-2.17911743407634
-0.5055873857469964
3.2958565415407164
-0.6375482842737226
0.5736514355570902
0.6046630740744419
0.7084739545514052
0.759546009568672
0.878899969304469
0.17443406283813728
0.9643217028979526
0.18738733861332937
0.9020721276472394
0.5948605748184255
1.0112457031467317
0.02961191652338409
0.038661874868771574
0.40395614398923063
0.339223435839931
0.5410600212841474
0.29772171257732016
0.3658293525226589
0.3903829975728117
0.05653463702003969
0.7940146353824031
0.8783252620900448
0.8012567857204118
0.5179961085111294
0.48969821852766005
0.3913303504954305
0.44075341900551634
0.7832918825482619
0.7673396956538381
0.9102817206823401
0.47746152636455186
0.7220269898490682
0.7128205460590615
0.1999334553483555
0.3838108889845838
0.5732730572012099
