Architecture: cyclic
Number of States: 42
Parameters:
-0.005695650966289838
-3.2413615606305255
-14.51831366694239
-11.217498549746981
-13.313060907761503
-15.0
-14.96125451787755
-14.874213896244294
-14.50949576500212
-14.491436791022265
-13.532613932401073
-14.814294280727637
-14.456280742966042
-13.834855676544512
-14.193189398297429
-13.059736128169767
-14.554316133566243
-15.0
-14.250270023222571
-13.41350309116237
-15.0
-15.0
-14.187318118405479
-15.0
-9.217800146405514
-13.309441366000865
1.0611071933768976
-8.9785692705067
-13.245326779528277
-14.663114303851746
-13.88348669558158
-14.267751370123557
-13.550457509121184
-14.576361328219251
-13.751110956286189
-14.534539751769236
-14.033444912093596
-9.849119957665
-13.256215490325266
-13.35115176257073
-13.091676157188305
