Architecture: k-jumps
Number of States: 14
Parameters:
14.946795554896411
-15.0
10.309388001065441
-15.0
11.61242181368507
-14.490561219546898
6.988537270721263
-15.0
7.737352522999828
4.1735116286035545
-13.933314491789563
1.2926814415463954
11.113376907589384
-15.0
-15.0
1.5026828900956495
-2.802765284361043
-12.041110555569222
-0.30419948078108083
-4.543673123501616
-14.999997707471143
-0.5274627552557963
-1.6947267362270662
-10.29835517564555
-1.2141809094107405
-0.7667859291839253
-13.43095115386642
-13.246858293098777
-14.966235070356412
-1.5305222000737837
-12.214568179763537
8.763586876769041
6.076980613754565
7.39870566489991
-14.949178303770067
9.498784461577525
