Architecture: combined
Number of States: 50
Parameters:
0.9264362149732899
-1.6867191785360827
0.9365187465659485
-1.6028802202877668
0.9551397021226163
-1.5108216352885238
0.9500202014638232
-1.386423788873157
0.9038342796390737
-1.5099652855666101
0.9135437421534222
-1.0058434700852166
0.9053468703263797
-1.2281768505108857
1.001343960392986
-2.583247786968208
0.49893969195404253
0.02720344404392867
1.2162987999590666
-6.612666433009319
1.1598452428446018
-4.314540702439556
1.158178115336123
-4.115165801361591
-4.614853062024369
5.205432964210307
1.309283409001392
-2.4778078098911616
1.1085103162461911
-2.156351169687305
0.5919005953365016
-0.8626378192821
0.7857640466906711
0.7844208557383585
0.7008670787664778
0.5753736143970277
0.4947861683930183
0.21153452326646868
0.40331168269580026
0.7901787143866782
0.7783795810538112
0.9635098959392725
0.4736177076918765
0.23096835849682604
0.2521817317655708
0.0948565833997482
0.6226806490987057
0.7191632831414041
0.7567947082024709
0.9396743330980376
-0.09753115590143727
0.3139162693267709
0.48533251537306077
0.5019867848965124
0.24369530232993955
0.4051102756035306
0.7946388656172632
0.9354206525014003
0.06671052064125323
0.9183610618802314
-0.023798302154812597
1.108844845157104
0.8157314025413755
0.9586904977196483
0.268347137098818
0.41415672398051706
0.5738596673592707
0.4630553570012135
0.1378257061607984
0.7775251335464054
0.7071636194854274
0.36563624401473266
0.6103317103641601
0.9591618136872309
0.761376466528162
0.9147802160583988
0.951706573985825
0.5462994638312779
0.5582882639241056
0.9509298575715317
0.5251009915530034
0.833413363812185
0.7025942840427641
0.43387496539392933
0.23572303359697278
0.43600840144726694
0.7457692784156977
0.8575702888892605
0.5119192861504152
0.2585182608614499
0.25293529193494535
0.3064803833301372
0.8288835031822307
0.6303212595974831
0.751463370042802
0.2354986014746064
0.8224156395817246
0.5950246502973895
