Architecture: k-jumps
Number of States: 28
Parameters:
0.6110559831303686
-1.9021785276941399
0.613939105234718
-1.7887449995238185
0.5868435236714575
-1.884826117087286
0.519930148558927
-1.284646447233633
-14.999985195708284
10.744348873729288
-7.690886751881535
-6.679613670100825
0.6214296292909971
-0.9180549674909538
-12.430880757181672
0.7410218250514469
-3.0011345639915925
-15.0
0.4947129845444373
-0.44095988545322923
-12.707619903118227
0.6290555643411877
-1.3608434789218424
-12.064848110438163
0.7180733407662004
-4.4108364382238285
-12.091766784667788
0.7161572617059734
-7.95673907689997
-11.399538211460943
0.29445119079199583
11.775705400757928
-11.136166852356574
-2.336085869880793
9.019097086542754
-5.735250761682843
-0.9167059443835885
3.446470609517692
-0.3641792780271801
0.162882181993935
1.7944462222070825
0.19024878383462335
0.7331283913910532
0.8946006881206859
0.2457644441735286
0.7495949112314451
0.15842537131019857
0.5401600454143958
0.7524463355951646
0.49851442265032014
0.12287387893139758
0.2650491830502894
0.16369266535465432
0.9118946327066795
0.1278551555507054
0.1540138477550824
0.569853008828398
0.27287570818453477
0.32896995675122587
0.9494336937051644
0.9399445045591074
0.1333331125507904
0.7067789659478193
0.7186803718657625
0.6202742807930854
0.8769514759403289
0.05658208896407679
0.004593145314307101
0.23739989311012866
0.6254939207360869
0.8038744989397937
0.025697246802625195
0.4858818007914001
0.4295117691501601
0.2592368436267253
0.4333694782644305
0.09232430393234436
0.4648509972608996
