Architecture: k-jumps
Number of States: 40
Parameters:
8.881942486493008
-8.440372525613332
7.0342972419717125
-7.900590762482409
6.654155662453
-6.596854733559433
7.069948432834795
-7.939829338576094
0.853027994242702
4.898153762628816
-7.956865047178497
-2.441995984779152
8.35183060148349
-6.889225592137879
-3.463687848781284
5.207343332450046
-0.3052750387755304
-5.259142516383244
1.880440607162198
-4.213807374655819
-3.3613707691102275
0.5508377150741004
-3.9936342966499625
-8.339349261005554
0.45628795590707344
-3.998447063624966
-8.477946297332219
0.42993201832703065
-2.783463709025106
-10.506642226486393
0.1949838396383343
-5.744525543458492
-9.208566661167525
0.038913044988115646
-1.2881397493269562
-10.772192948044722
0.17506003681946747
-3.681701553598371
-13.107141145173992
-0.5296905957064401
-0.5998916476578819
-13.093283726892755
0.5184179459830974
-9.350716064884322
-14.4889464121633
5.471657028264478
-2.524187467248937
-11.267586676267541
4.7795324135126345
2.9937948026232566
-5.440781499872676
-1.570374945872983
5.7986358903323225
-2.1180827379240745
-0.5133509994945856
3.1886379371154083
-0.2601592635691981
0.5179089712350731
1.395783926513757
-0.17183242209526484
0.21686577883007555
0.9621942315666709
0.6048109668020829
0.5067394509604753
0.8951326525829406
0.5828404559332977
0.8949246499728268
0.12587780041465196
0.0657847520579793
0.40900657104015914
0.33343578149873404
0.20438555968555286
0.8010606733985209
0.6575029466877724
0.24633901581614545
0.36303010676384073
0.06367678648317397
0.33280185703876314
0.9241383211404622
0.2566391483009226
0.3970469310366292
0.8462074979336907
0.5125517783820371
0.1364228005711878
0.374124299249039
0.9844687268264988
0.09675583934172782
0.44536665403376396
0.12888840051630865
0.2769137957995541
0.945076641137778
0.8173569083786771
0.541256761151854
0.7909889425038111
0.22199972736073803
0.8501394089507137
0.12864213685508585
0.5764335242665135
0.9368853921214715
0.40501220997412346
0.20853275840439722
0.8241488965764638
0.7580074648874405
0.3326754187809873
0.6949840370512232
0.4758187115650516
0.04537933696144103
0.5579964818500023
0.14714442071289047
0.11372509754002891
0.4801768069031327
0.44058472522050607
0.6484394330236677
0.23611571098775486
