Architecture: full
Number of States: 18
Parameters:
5.951855561098409
0.049441058174562305
-0.6431066750404906
2.3838636879521964
0.11540499762748162
7.2955617807482955
15.0
5.25929779966016
-15.0
0.32759413907465956
4.397824490873842
0.3319856466856139
-15.0
2.1618955548624967
7.336621093900967
-0.20254913749234268
-15.0
14.86426618213008
-1.0447044144810753
-0.03344538076920898
0.5060855913825729
-2.117322049624427
-0.02435467445159675
-2.0147081255665427
-0.23572805397538713
-3.9875002763878906
-3.5579987414160175
-0.6996942921681941
-2.368258179563575
-0.2089390531079942
-1.3610667712545925
1.5569591910965275
-0.11691429539895935
10.40554471742972
2.7502704296312817
0.09719937318545759
1.9863120605673776
-0.22599740365466844
0.18727102190804024
1.9730493863387033
-4.831428228197812
0.4432102443572992
-4.179568935953628
-0.28306104227505885
4.797778706697073
-0.166992596497096
1.0284578730925724
4.398091830058504
1.6567145565780605
0.39515459328367014
-3.9617355072431613
-1.7559584631373315
2.5355641413818537
8.940826234052674
-0.7722931108359753
5.848551382986386
3.4192818162840286
-8.688908404983557
0.6455289154473661
-11.133386065950804
0.5844477298083025
-0.021971674979227602
3.574346954128089
3.7182923661571503
-0.729396764770943
1.0220207474836722
3.279682379140938
-3.7728084789747016
3.0435613220404703
-0.5351500473494799
-0.03521421277707351
0.8912211316711222
-0.8305795827654827
0.4690388187481346
-1.7339769953874462
0.6096028923583078
-0.3388483405206994
0.34434429366525293
1.0440134556708272
-1.4102147907663625
-1.8666453685318594
-0.5449515625755078
1.2319875453391929
0.14744519103158546
-1.0728448157740167
-12.836959115795567
2.213360303286417
12.18810026977384
-2.3738761728503666
10.104780846300475
-0.5241637422189525
0.5592841658630573
-0.557023012363227
0.46282822860913164
5.412977470152289
-1.4174928878952135
-0.5705233744710264
1.8825906613319048
-0.7069355118938481
-6.3369491610251405
-0.4630964621721543
-3.153202898030787
2.110575886981198
0.9554387211580363
-0.555378428938232
2.244157102263269
0.07526261149484399
0.6743777372270695
-5.897260314760944
0.22069946912877011
-1.0006104156406541
0.2932247159622128
1.0988706560440322
-1.2123917808758815
0.8324037331353059
2.2456268350853374
8.489239483708083
-0.3587379820470576
-4.829536219070684
-1.1868973036128874
-0.1725254795111777
-3.7520011336729278
-1.8291975616400737
0.8140654699851834
-2.071935389458678
8.986477633384748
-1.5542714279915022
15.0
-9.844148039096796
-1.2360553921492679
-0.9069998012735677
-0.29912564194333463
-1.797930204646592
-1.9996346279391306
-0.7617091574107042
-14.999513826911791
3.208476544112581
-0.5848885937654072
0.28954161080365376
0.15892647742738905
-1.7237883469605937
-0.5029670446519893
-1.7303543089672244
-0.30595530048117614
-0.3880286819263291
-2.6041152113944346
2.013382033842251
-1.5289954256890095
0.630629072613685
-0.3341488770025632
7.376632782308019
0.4278277051440286
-2.6121512725572456
-15.0
-0.8870015265271506
-0.35733468621305664
-3.5535776230908103
-15.0
-11.703644657141353
13.002084691419151
-2.631942856580847
5.450994462686667
2.735116320012089
-2.4971158048597983
0.7397057681720868
9.260138706642135
-9.897861831420974
-11.508285036041805
-1.4682521558370487
-15.0
0.3967819903488723
4.199075941454106
0.009095833780400806
1.7338166007783136
2.0785182622856944
1.2700182545527168
-15.0
0.9536477575105907
-8.192214735432357
2.026767231948346
2.888490615809484
-0.03841556957844401
0.29318183224610506
0.7955249926811897
2.2998803354405744
4.267138192869842
-3.852316903441797
2.760484620806904
-0.9453321968928606
0.10764839031496674
-0.46850694029737117
-1.4034260223970951
1.0555467095904787
-1.5704204871159566
0.5400429775458446
-1.788281371480094
-0.18455539017296282
0.19935375564824512
-1.2061905840288527
-1.4023208390344364
-0.29032616556114127
8.474763532787508
-0.4554577936751688
-0.7613093633577365
-0.14165545729452855
-0.4685973427430302
1.7163518083388491
0.2646030971880514
3.2088439425240773
0.5701526233966514
-6.6683866101445695
1.3256160987797314
-4.960341013284939
0.8516090381289577
0.7981458256141573
-0.13079548121639803
2.613016648998142
4.101293631696891
1.4514098550779375
0.259037333339747
-3.58777570365908
-4.539963657649562
2.9444630152170004
13.312412696984849
-1.8177456241075727
2.377224129228562
2.1973224960201816
-4.953724948340014
-1.622944018087456
0.5555564102821203
1.4669304687199738
-1.6995642155945478
4.799813556571258
3.412385149777226
0.37888366419054814
-2.004063756202252
-1.0858379856483202
4.600683783639816
1.060843215123321
0.11235507205084384
-0.5432800170404908
0.15937318625683577
0.5347229976215633
5.4909229021569566
-3.5878744137882617
3.7936661899900166
-2.3633462650582957
-1.929840395159139
1.4007114958565692
-1.3701909705887816
1.5621443988241506
0.7801731713353078
2.5764728695956793
1.8034406884790577
-6.637350445131195
8.762195691807674
-0.8565947102643586
-1.1033142496166024
0.4968883511574757
-0.6022852452235762
-0.14850403717399144
-2.8099446085021076
0.15325173369521863
-4.925343795694872
-0.1415603531610237
1.514556761206433
-2.5519395312465996
-0.6986904340819947
0.5953584043064585
13.188578480857855
-0.7862083305288221
3.143304014167545
0.23690353827617713
0.15655908299550803
1.8912087840905272
-0.5337796237419306
-1.166428047570198
5.336666855054138
-0.7673730476899949
0.8796344625190698
-2.0475075036689403
0.8106016032557022
-0.8426766576869809
-1.714949681756679
1.1408693508587027
1.2760004161443157
1.613195413296937
0.020043069556071384
-4.611003868635593
