Architecture: combined
Number of States: 44
Parameters:
1.6466444276867085
-1.1194276879985023
1.6420514603496583
-1.059203460955998
1.650235589711593
-0.9858111168678069
1.6397476121609709
-0.9219275499936347
1.6384457624728026
-0.8423865487407205
1.6709716513427473
-0.7451308954081751
1.620611565514907
-0.5965855917020678
1.6426097863934812
-0.8779766059281375
1.5007650317004633
-0.007498916677128059
1.9607175903291905
-6.5214985069722
1.6946126260113408
0.5682236635770981
2.721563568878861
-0.8418030827663776
1.5240865973512616
0.9624866778511679
1.9310804986015095
-1.83339464671429
3.1937425095658254
-0.211627277923419
-1.2918255856811114
3.7828174981027347
-0.8510822113763051
2.4470686666601265
0.02493239861766288
1.1863981583329466
0.1040885762386338
0.8785556386124259
0.4812584841845121
0.25203369443470997
0.81564778593172
0.3324696922461648
0.6677290207260448
0.850017875786855
0.915053816258725
-0.023083186812159068
1.1777546257404259
0.21783882313582184
0.32193557067078227
0.5775094554234363
0.3070986235127273
0.5158147092527455
0.514990156140681
0.35694076408006786
0.874420573240159
0.2953221780776048
0.46140320705611093
0.6689168416109381
0.003119492311124239
0.32226310325569185
0.5052863911291807
0.7042599532612566
0.6341611230969342
0.5597650056955882
0.22397121746526252
0.2029986032470199
0.4121969952250222
0.36714702743944483
0.7073735987541092
0.07940457654669811
0.7451144158702027
0.21672490145787243
0.21411752837306017
0.4780372766472676
0.21106826030402648
0.7599157382950824
0.7271794659664383
0.2703511844168452
0.180797900786997
0.3742600363107192
0.835354972125404
0.328141980417647
0.7235082123660747
0.6138924526373097
0.3002741712700266
0.7680126082548178
