Architecture: k-jumps
Number of States: 14
Parameters:
-0.03933855650347851
-14.644461929833955
-0.03921271557416928
-14.028738597496437
-0.03628315885103548
-12.887322507489184
-0.032608224141522986
-14.35802252234264
-13.606355655271873
6.066274796001162
-10.36956824131085
-5.409998290201795
9.709366155725789
-12.837415099829144
-1.9790268057244298
-0.09213781050278708
-3.060607030152079
-9.743985659992994
-0.10720849218955827
-15.0
-12.334432835814763
-0.21962739468672757
-2.2838614213339836
-14.999974424545954
-0.11676942714787353
-14.99999290839832
-15.0
-0.11667947617354758
-14.999976025828191
-15.0
-14.88135760797356
15.0
-6.577135887094665
15.0
-15.0
6.387059988337809
