Architecture: k-jumps
Number of States: 44
Parameters:
14.99999908477427
-15.0
10.838419409157652
-11.265406646775158
10.034167211333111
-8.04350435734208
8.292929062320379
-9.597772058178949
9.100592953319364
7.082180537699045
-7.662987262490535
0.09720264217096167
12.55193664831847
-5.306415158628876
-8.213631226092275
11.130926948435524
-4.846481193407555
-6.922459241989435
11.254921607053058
7.276731911923505
-4.047437558759481
12.953656293170688
11.078394449820863
13.14900800311977
10.195574656358744
9.838867463119886
10.553044690495476
4.865530721547893
5.177226170233165
-5.60771109932039
-1.4577833479237
5.525101480459592
-2.699204879195895
-4.9765035938400395
7.8690862166465685
0.37450820167364346
-0.9175136696250392
3.0542870891560265
0.8080174002408852
0.9513929694075357
-0.2938066223738852
1.0910894663049127
0.9584952849299836
0.17875096487142633
0.8770514627878357
0.6398809389630037
0.6262226420048367
0.18775438186362617
0.059929749379959485
0.17351460605078856
0.8768336163845312
0.8064561637611694
0.17076211086322796
0.3572892709339225
0.4798299515268917
0.864517548490635
0.5942570901422166
0.13154845836304785
0.7043915509204446
0.6371852102722144
0.694860596994542
0.06966595520352112
0.3178771720343601
0.582671085743195
0.23745286215947553
0.6235439620263827
0.5654121383760082
0.2762251589623929
0.7597158422811902
0.6439559245872606
0.9606255047532133
0.5159582935612289
0.3927283058029731
0.7325497792561405
0.4705890078767472
0.04184625861251434
0.7281404732263929
0.22008857483690247
0.06560283199516204
0.03719168122945165
0.16750973356506205
0.4006886306914109
0.15770998658980362
0.2489095411458463
0.7283707620414509
0.43612564250450114
0.9804733162603206
0.8652508776846286
0.667188346534784
0.04756320610218634
0.232071897540704
0.7264495562840348
0.13362963591015686
0.834376315253844
0.4485074695197028
0.802235131744343
0.8088963670895672
0.04831730393835387
0.6171467142269065
0.352439115993905
0.572422686798253
0.8755904529902041
0.7440710336187863
0.1884605486263634
0.2991013306164455
0.3111196463990802
0.10413823491344543
0.6670547715289054
0.8535672095500769
0.8810497500461302
0.7303816622998124
0.981749670207286
0.22764088778185543
0.6545621191333271
0.09840236472979169
0.9399529541058136
0.8658660265030619
0.737773954675491
0.08792168869138861
0.9015047008659379
0.6246977450734268
0.7109972999456131
0.8990659293184442
0.00302350294456033
0.46364464588517507
0.9865778954625659
