Architecture: escape_chain
Number of States: 62
Parameters:
-15.0
-15.0
-15.0
-15.0
-15.0
-15.0
-6.204636354642901
-6.197848296242746
-4.697353297580743
-4.399560041945625
-4.092800815918663
-3.3662130091719433
-2.9982463876611694
-2.5321046495652295
-2.4199580707564476
-2.3219455452388806
-2.4176295372130303
-2.470402678117563
-2.9426208671686873
-3.04452516027174
-4.049310378603285
-4.031415503443055
-4.836187174080091
-4.826546365025231
-14.128437795771903
-6.191424364564688
-14.012707881300901
-6.183045004141323
-6.190131442786889
-4.813733034675622
-4.389322810474431
-5.06904252200693
-3.671155555901354
-2.924500166788149
-3.1710793546755602
-2.6617447389399826
-2.5515821158726033
-2.1735430679185175
-1.9666110287457577
-1.8737794530372305
-1.50891938999722
-1.0479669960311644
-1.3382374091467308
-1.5141885176254632
-1.2657587304674915
-1.5213065628543088
-1.09669006395569
-0.6041579632644785
-0.9013136364883966
-0.17652967960629234
-0.3401510213245703
0.28333978159956785
0.8224488968130511
5.16306690605815
0.33478343258085286
0.015009316204781853
0.38331588765986935
0.9707234858698858
0.3035956531687012
0.8666067854723232
0.49915220441143526
