Architecture: escape_chain
Number of States: 24
Parameters:
-11.57737756138108
-11.562476867838416
-11.562239795541776
-11.560982984746772
-11.569192897171023
-11.57493178253355
-5.5019819725472034
-11.560731252406757
-4.460222737636347
-3.514822952265276
-3.134351351915109
-2.6441097299581204
-2.4408511612533803
-1.5254114786565116
-1.404166657005329
-1.0065735419234703
-0.847381516715852
-0.3448611813926995
-0.49895012535348887
0.19711372380689893
-0.4347000004646976
0.24720711626832875
-5.583974815185854
