Architecture: combined
Number of States: 42
Parameters:
1.6798549576719328
-1.092848689570351
1.6636620040920425
-1.0432590869090452
1.549109513046691
-1.0739665566744034
1.6958352574053868
-0.865279367055186
1.514510303880569
-0.9620029195677482
1.5036324090704378
-0.8125718015191539
1.481654643019384
-0.9941081360557436
1.4391677268192913
-0.2513048445438587
2.246876287487068
-4.948660935045944
1.9618121410727534
0.7892952046096829
2.0645735629754256
-4.858968657737269
1.5975669656283897
0.4208078005635894
1.6272547467311131
0.3825207080907564
2.029641771174067
0.35130842265993684
5.889645358579516
-0.8508114054266417
-1.8986353154248565
3.877587913251292
-0.3985490432046443
2.406661240606568
-0.33033816487402407
1.9079635893996025
0.6450676718303937
0.1448226232000464
0.4415891518055113
1.1044655184982295
0.9281449207229757
0.6518310848296622
0.6567611757069578
0.20484848596649832
0.585115843129483
0.8937405197111118
0.57263325016414
0.785853975038594
0.6947805095781759
0.4586199349078662
0.6655476841813741
0.42375798117101443
0.7423918627481646
0.799866735990703
0.22886121957659097
0.17825120932223765
0.7093893345045863
0.37699369857149123
0.9460558506615601
0.09936045886971366
0.09651932888677903
0.11721476314328638
-0.029153761646554838
0.7192926714929453
0.16950886700189244
0.29350679531766033
0.13109115175084773
0.9113102006270785
0.3651351437018911
0.9486925147438812
0.10350598616853579
0.12517890506527263
0.23777643665477735
0.874922914442207
0.7236579254647106
0.9465736011236177
0.11673420607343417
0.28717431569786167
0.6260794723592935
0.26414642301755903
0.19191854782628656
0.6513430826722272
