Architecture: escape_chain
Number of States: 28
Parameters:
-14.80730682356643
-14.808601017706213
-14.800664514814379
-14.78795433596335
-14.801281770237434
-14.775113189313565
-5.507880060707765
-4.455847581760942
-4.149823634033668
-3.6281007747983245
-2.91388586203441
-2.5009417349416565
-2.4520639784151994
-1.6896157977511423
-1.0433557013993973
-1.1739280430991492
-1.0254915156377713
-0.40103201397388527
-0.16406816276709946
-0.04277772430563425
-0.8432296662511916
0.4543744060622697
0.008835492758360737
0.721966684733244
-3.8071680546211164
3.525446461128172
0.02594471077508398
