Architecture: k-jumps
Number of States: 44
Parameters:
8.53175710605562
-10.463574652505075
5.512496449565758
-9.368768555846582
5.46990503838443
-7.974300830786025
5.408288648499918
-9.843292139142472
-1.8203774932519825
8.119296891840682
-6.364622137008406
-3.5325268114805417
9.968112299147831
-5.255081912920493
-4.853009549710954
5.034888719208842
-0.4577380041770863
-5.821335473865924
1.9721870465644964
-4.136824669081739
-4.358486548879209
0.5295078634977768
-4.025657758570554
-8.616827854920562
0.8081816113643594
-3.873938170870084
-7.346190016723969
0.7475005751209397
-2.5386460918134452
-10.899526131114873
0.2651863356589536
-7.385150563328519
-8.615804943539818
0.25754901140344655
-1.5353444338268094
-9.64610496827992
0.07909728659512133
-1.3528028943932275
-10.006744837232953
0.3127586429951012
-8.051786061169452
-10.238908443883089
-0.29664782873574236
-0.28440008106819475
-12.60898752721296
0.16466773764057274
-13.539498093410685
-11.068485703651609
4.878842221937248
0.5624030774097502
-8.235238096008288
-0.43434546527494144
6.905621880414814
-3.5955435934209756
-0.8326358096296737
4.078455818382528
-0.8346273333376094
-0.15486905403597348
1.3312458075718145
0.15750048551935925
0.23007638257198315
0.41011230343305816
0.7251741014504717
0.9030870901447823
0.326283871473589
0.02852832081604623
0.615666935290569
0.7974063597128916
0.9150593966319737
0.30620955904252933
0.047923946564762454
0.7293252281697151
0.8487978250938945
0.7081656464216974
0.03420593076504235
0.0455113158208679
0.3338923883370612
0.4887779297985969
0.4275723596004824
0.05656481747250174
0.31647407489988433
0.10986547731780488
0.40640021297673223
0.0017151799079929988
0.18845655632143377
0.16533864068800175
0.735139328815601
0.1789368597133315
0.3592128570368426
0.1584376710287877
0.8873169591497034
0.5608836217413843
0.7453107697383002
0.2393506314039494
0.4280345655238308
0.6889873466278781
0.8460463093355495
0.6343985614096475
0.9037013237106437
0.8942504035140426
0.6870757579830793
0.24225714512266172
0.0066496725618661046
0.7369486721674543
0.05131276045146482
0.4270724474234572
0.7682890573416541
0.6309788029493921
0.9352643898886509
0.14980562674463593
0.10334935777765908
0.26079913882733197
0.25414897997030017
0.1604997642208137
0.6713126058279281
0.026654201147298662
0.43547242224353544
0.08136125167334218
0.6608716343415264
0.4302372540444924
0.6477302847334763
0.5646756249350882
0.4952553847916219
0.9208019279072706
0.6078835226455429
0.89108220095823
