Architecture: combined
Number of States: 32
Parameters:
14.979583472764311
-15.0
14.9780268556034
-15.0
14.997923779433133
-15.0
9.466660968831139
-12.89743569578161
-0.2859289300799913
-15.0
-0.32631022512093094
-10.05256551498186
2.0450625997698837
-1.5549820751566983
5.709287686317375
-8.158913404156866
5.915642071307874
-9.064547024361758
5.479196624000349
-7.711159409839761
4.943172691494406
2.184095062443291
6.21844749967123
-1.0505014323486805
3.331917618620842
0.3752728430224728
4.926390683222834
3.2453832201623567
3.222396805921471
-5.2413761433406085
1.2204569526040017
0.2953758523673792
5.4850321448194395
-5.932686772906403
7.374682618161041
-4.367369475847438
7.097052105271093
7.348857943312064
5.897110375443512
-5.682603164590119
6.777945922350482
-7.695044160292683
2.932339222526096
-1.0889036963699217
-12.196671687616833
12.713271888216987
-7.326469749373622
12.338180265537309
-3.87883097827125
7.301426988998711
-1.6815854636228686
4.331940868215939
-0.9828346622288924
3.0929272332122
-0.567943139605202
1.9871277851970148
0.16876379104573982
1.313017661337727
0.5244016409711888
1.1866610876939558
0.26286866874593684
0.6709313861137532
