Architecture: chain
Number of States: 30
Parameters:
0.5797881059058572
0.8353035642603567
0.19514984703623162
0.3056325590662744
0.2895327077416866
0.22070039236544126
0.9391412173542735
0.954084482505948
0.49214236962227054
0.8765657768188557
0.7190376568277371
0.9339157152542272
0.1836909267350132
0.39575933506015804
0.7279054461535185
0.7986870630003863
0.21561472349962785
0.9128409248279516
0.7885854780086629
0.8048870162728574
0.5999844190165405
0.6853497641649303
0.14731850016692405
0.9460857320216255
0.8119574826626883
0.8052814296539058
0.6356291961786331
0.5919308967646398
0.6844858953622737
