Architecture: cyclic
Number of States: 46
Parameters:
1.098316608770611
0.48589091829688963
0.48659600124351265
0.48234482158306025
0.48439790422543116
0.48326003547160507
0.4830120495792523
0.48553112533742343
0.4832649887392423
0.48262206806879054
0.48491206416418803
0.48771947750564726
0.4841361671070543
0.4836296574929116
0.48658729501304265
0.4813205236431581
0.4878044746131769
0.486903702439227
0.4844211810836079
0.48550031819870715
0.48443427903597713
0.4793259494274945
0.4862771902970731
0.4798929087605268
0.4860740120812035
0.4873080790771231
0.48252707940192996
0.4869144410371531
0.48529611767565806
0.4843994702631845
0.48628311625718523
0.48645579548441026
0.4837098938948358
0.4832504934119241
0.4864958396896451
0.48440363171752143
0.482453019267991
0.4864660514847275
0.4832759943941192
0.4869774462244343
0.4869485436536143
0.4833751519438518
0.48459406988812476
0.4857888505014527
0.48629953088196637
