Architecture: k-jumps
Number of States: 32
Parameters:
7.055818364573395
-10.13212654655374
7.49708302931134
-9.821579730206544
5.510432938951846
-9.751110797082424
0.5903965644669019
-10.427220559653783
0.4740547191309314
-11.659147045011446
0.3807658006788273
-15.0
1.0732125637007253
-3.173027190774145
5.099240343471734
-5.145469709371987
-7.479006886281362
0.17343866121766743
-3.294134594749456
-8.264072116626563
6.567411068547302
-4.006191586301995
-5.545886666605005
2.626212778721115
-0.5114280430001482
-9.71568418572328
5.407387210880323
-3.460087277864167
-8.993120849843063
-0.17749671338410247
-1.3711518412523902
-13.625061770541233
0.058784738974598266
-3.3935238022678456
-12.638184232333108
-0.6285752708016028
-0.6011686744531173
-10.436884143876442
7.019401216731037
-8.977733231506914
-8.070303467706204
9.824472599711983
-7.700096400085743
-7.710547911088942
5.253316939432021
0.7277238074001858
-10.653713009396117
-0.8351318112775412
9.592799034540445
-8.050937748487524
0.37667642266233814
4.436258338245066
-2.87892995870097
-0.507343628236643
2.8165473780989547
-1.1825020231203542
0.020401880291623983
1.5481784939183227
0.4231860202336816
0.21988545304364837
0.6390656146578647
0.6292485738001254
0.8026014376564592
0.2489265473358185
0.82684463306318
0.8064072179800821
0.48518498505147445
0.2719704870435976
0.5956639916176031
0.29545258860207674
0.8475564119028494
0.6129051246235004
0.07702259190896577
0.5201802033865733
0.5389119907931296
0.18623599871046745
0.38728142855154096
0.4657728068991659
0.9865810390178513
0.7871602865277042
0.7021331683519217
0.9000582640914928
0.9668477649554453
0.012392941259755633
0.7986132377157785
0.38099490653810186
