Architecture: combined
Number of States: 28
Parameters:
1.0892178540883257
-1.5658581342954596
1.0969310701958626
-1.4898824411779334
1.0809121085534905
-1.4255285265788553
1.0350087595531972
-1.373282600683909
1.0437772668638852
-1.277348687542492
1.0141588176756542
-0.9870365678180419
1.0479007143757941
-7.141215914270364
0.6027905313674102
-0.03428174467164919
3.0246518152157744
-4.0522648665158405
3.890922042262806
-5.649818779223878
3.776558597432354
-4.927916015876395
2.57145140675352
2.361995988820407
1.7358821061857364
-6.688058025859834
2.3909522572347868
-2.5384540835440563
-1.1628914003232567
4.054553487539022
-0.7313982290914225
2.4090773512433232
0.12956115908368657
1.2494488162851491
0.12552776668972185
0.8364329084593196
0.40748240870161256
0.710417708725222
0.6736776302101862
0.9832103936067175
0.4818734164123512
0.04489928489315583
0.9860688151038425
0.9363511941070161
0.4458930715453148
0.9801566031433262
0.2599157705364409
0.7766714950168688
0.10487642572332984
0.7686297082734261
0.4135007986123696
0.25232402856751174
0.5639759734265569
0.024084726897665165
