Architecture: combined
Number of States: 14
Parameters:
4.312143288200621
-6.392477931555178
-2.4623420735009014
-9.073558317122329
2.171592118612746
-4.678889384952651
-2.099737163089263
-9.521197811981754
0.5829534755902988
-6.644517538622314
-2.2733391101111993
-8.555442824697238
-6.04088725464017
-11.491174646390306
0.4816830086131166
-2.678135989652471
-0.1910566067094927
-7.333628160673513
-0.24429365914862214
-5.2483470077164665
-0.6098293918736098
-1.8139377842355942
-0.9890718938825193
-1.0812594041508832
4.462133119262297
-5.372027517226023
