Architecture: combined
Number of States: 20
Parameters:
7.5717822911738395
-7.621872542266735
6.927752087824824
-7.916485359946731
4.38193928321466
-10.053928693282815
2.0075564877394365
-13.900141026339762
3.781521127556168
-10.015740661180232
1.6869909552764166
-10.501835307985179
2.006081801863676
-3.013623145879497
1.476159716181588
-8.382492249938656
2.320966591151567
-1.8945838823483543
2.0255222883521222
-7.040215788942494
0.6971904125694992
-3.074672072650684
2.650008855188689
-3.839095207191481
0.27885898086333577
-1.27581188654775
0.16977738081216306
-5.406620465857314
-0.2210732303450439
-1.1628364170616365
-0.23122658419003012
-1.1348550443334755
0.06482997326541087
-4.3529352521330855
-3.6998147760762783
4.145426121129341
3.1483861452858233
-1.6596217490990919
