Architecture: combined
Number of States: 32
Parameters:
2.0785441886863483
-0.7489857728002594
2.080231215461606
-0.6864620186327788
2.0665910011401203
-0.6340778083901893
2.070588999811902
-0.5604918544324493
2.05936544327909
-0.49684430577252037
2.0653211038981074
-0.4089846674700368
2.0644426984716113
-0.32974324694899404
2.028730118193026
-0.2519345521373377
2.039324509344479
-0.16756277913885523
2.0599119772879253
0.013513763141788636
1.9919928612745434
0.026425614871267905
2.1739296770183967
0.44349798534121404
2.0812390830219036
0.35137578682678944
2.013516299461237
0.7444301374311351
2.864534047656068
1.914937055135054
3.257311566132515
-0.4613034500290416
-1.5913105593591812
3.907479323719498
-0.7448163327093112
2.635770764611605
0.6426024941536848
0.7170487965736019
0.7813794232101102
0.7501880296674437
0.3300112498586407
0.015118488099981064
0.3428618188897278
0.4470787616132271
0.3267773720473428
0.2376745553954981
0.8466707888415208
0.026663698957944848
0.266170938058907
0.5672143253952724
0.8147849540337787
0.1263307581412918
0.3269500215644491
0.1430094691699173
0.7059549907406234
0.5183242685361065
0.37556680211754645
0.8323769535271832
0.6498206935591375
0.21819053361015084
0.15551038709980525
0.6753560024005968
