Architecture: cyclic
Number of States: 28
Parameters:
-0.0002984588036306977
-3.00698143938665
-2.868996563248983
-2.954220146947535
-3.1460496449290174
-2.842723569396899
-2.8441259648239514
-2.841238834787473
-3.010061981023082
-2.9119527706510038
-3.0287338893197866
-3.073202495234978
-2.856264713576315
-3.034845489024906
-2.949173308670772
-2.8412485609150644
-3.1231386053418557
-3.107659707865772
-2.8461513055261327
-2.8398026177598847
-2.8560086890635428
-2.872737267292222
-2.921653206523129
-2.873735207485734
-3.1376363923027037
-2.8404507610211773
-2.880683503030756
