Architecture: full
Number of States: 46
Parameters:
-5.172202699248304
1.798365412972986
0.7396714958945552
-0.4853194768578967
-2.2264066221053818
-4.505647468493907
-2.987343043159831
-8.320925041189069
-10.117613158098203
2.822691428168882
0.47121396625463763
0.6584305010577973
5.1227338003705185
-5.480684470795791
4.346819836672883
7.564610396843387
1.1384438507944874
2.9006535265401876
-3.0357601276948003
7.777771444304564
-2.5694740840653423
8.083698411017583
1.3778359904647808
-8.04360639027945
0.637904284069995
-1.3323600920992917
3.4897039870246584
0.3533098010468581
-0.6567990332085493
-2.252788343593036
6.719629376484798
2.5627622604282285
1.779323153361041
-3.0288090572506934
-5.171633854092897
1.1250932120375838
2.3974804739859144
-2.8831922017572893
-7.98193146883803
1.0181655570977057
-0.014398869209964221
9.263673350879927
-1.8765106544069257
0.4275562768323487
5.9223831980380846
0.6891848386392788
0.5321076458688202
0.42136420501899313
-0.7918152308314154
0.1405795030023564
0.5956742201868268
0.3970246535261385
0.8097142408772862
0.6952388182437684
0.9253935073590216
0.749201312437292
-0.07772642163784856
0.46760153792776227
0.08750917146324516
0.018129547925809085
0.47038627755316403
0.7858318064228486
0.028021519135125933
0.17331387230358228
-0.1202526440211868
1.2645035054767433
0.20886206936962945
0.20688703521317764
0.7701828054155201
0.8084907764204775
0.8659048138669497
0.3885627813125889
0.36776650714644704
0.23886055271915985
1.1333547842629685
0.3944848777998235
0.47469141466767567
0.885054763155991
1.3447952419696492
0.7838226554562094
1.2489832165633026
0.25254284851966935
0.6871772620785537
2.4994685676225115
0.026513767571845467
0.5980423113994068
0.1096019195519775
0.4720005162366986
0.30897235098733666
-0.7149732616368236
-0.04832671254266198
0.6852413393719902
0.235945534081651
1.8776375645767316
-0.34497731794818615
-0.11051655256470952
0.04366799071645353
2.513696789934079
0.5633311441554478
0.6925388433029992
-0.11437704217631753
-0.37266131643690076
-0.17298207023491746
0.05821148723580439
-0.02166860575571356
-0.4485889744007792
0.9326581239457687
0.26556612425097276
-0.03185872788174048
-0.19065758786477238
1.8268579069675683
0.22926400354795037
0.641192880942947
-0.26325318516826113
2.292549972118344
0.12605788436740595
-0.13343482702933493
-0.385636191928164
1.8902652289746191
2.0137828872668018
0.02388801595514256
-0.24706072717626434
3.652373222978673
0.7576096575107946
-0.024886316491531064
1.42606117943141
0.3510351825813438
0.018567845040731265
4.164907566889782
-0.123960409885333
0.2008919585977293
-0.6083687864816041
-0.3290254930481448
-0.0140208277261045
-0.40834884570817004
0.03832684594759747
0.864439273615668
1.1204439196368479
1.051793457951312
0.16965325648107568
0.16207667791802258
-0.1736367210773321
3.481234665552799
0.2040273062210188
0.3622219922035078
0.1575614234117519
-0.09621384373959459
-0.12973054445438334
0.5007193584210499
0.5490943797690826
-0.37447631833016204
0.9947899965480547
-0.09079630470988134
0.25809842266108707
0.11836307774445409
1.1047527691238639
-0.1558299055466122
0.13277038428674867
0.25129716325329776
0.8880655231873188
0.01139052044479909
-0.2315474836537292
-0.18324785401528573
0.9531911838258569
1.184828056252453
-0.02974983052224923
-0.26046790304750855
1.716707590411028
1.0870367471754174
0.36073292933520124
1.589589820345693
0.7355932051569439
-0.18385129380183887
4.848670413146803
0.12928149926529597
0.06565161077258563
-0.3512291850843762
-0.2740142457027493
0.11630255601745113
0.08779985550413646
-0.4469098511799219
-0.1266655198072403
-0.10802883377807522
4.589786782733369
-0.6696548892506722
-0.5483107162825032
-0.5429178001248445
2.14837958639528
-0.33591666758916744
0.16880182916782166
-0.5609194102565594
-0.7341559876360962
-0.5777820525790177
-0.5117952651669492
-0.10782619388012549
-0.8450373428365415
0.9292639318773878
-0.2782017371899142
-0.605171130017719
-0.5202533866467367
2.3526448465633405
-0.10501118336245056
-0.20224610107354318
-0.6012881226601875
1.096995520238223
-0.47833907651808205
-0.4497739092287865
-0.6790506642770371
0.8346729147342091
1.1281096702616553
-0.4362148254596166
-0.7127471304411304
1.6240192881370232
0.6350621634684862
-0.43937942677975117
1.0381377498009248
-0.14848896530957584
-0.6068099702692221
4.798781642111636
-0.18515327173658053
0.15308368403050662
-0.8462162697913381
-0.6412603028709503
-0.1253624330581193
14.869838748979546
0.7330584784384878
0.23000608352112337
0.37232852253515536
-0.8415832904338072
0.5428201354056241
0.6951636953890572
0.36569536293158666
0.37157094850774747
0.28702976147701353
0.44409556814342505
0.1514934423169955
0.4434918414793651
-0.06976823583664853
1.2151024994822024
0.12897492941326044
0.2156947138488239
0.7330049792845617
0.27816540125524164
0.4295897535424397
0.2541364156304859
0.5778700172045411
0.15886409813537003
0.13651892818139463
0.2660885773133357
0.48544765784437205
0.6034779729081945
0.04471510155194356
0.7681116206715196
0.9242568312153984
1.2211685066692346
0.4930747342922313
0.5112841603800073
0.6041521700492369
1.2240029285624388
0.25338390046787257
1.2334436142043332
0.7552788453310088
0.9789956090930035
1.6125677170798272
1.07906037926584
0.48586511674657407
0.4185123873111784
0.2877003806192324
0.8351332379233226
-0.6346674419271444
0.7174107465236301
0.3077692312791318
0.23071603004742314
-4.657930534032105
1.4976513646459664
0.9255785527404672
2.0783011082796143
-2.7244179942009557
2.69902294898038
0.20019294006272434
0.6972305372025858
1.9363979548884975
1.6173844622767501
2.3989126389580635
0.9790162270339563
1.920275501029616
-0.1935229073537712
0.7800668510759269
1.7800128659707948
0.694510077540959
-1.836109980904852
1.1650988026526092
0.604796283959265
1.0881144461914867
-1.4139609951611207
0.5697234277525802
1.0152240018357064
1.9881330086491467
-0.24559558555045966
0.17593507258946306
1.7514063806010216
2.2498142233918825
-1.6535068130404764
1.2270145678945603
1.0851726163903999
-0.7061969624598415
0.4709569855983414
1.4184992308834905
-7.659925068784393
0.5563166747757233
0.7761404118565979
0.7237440213465307
2.109876847380348
0.5829063396539044
1.6270701129301637
1.333218748379301
0.6455769916433394
1.0630928061561118
-2.712279063954636
0.43709648473807783
1.4838032717708576
1.3867181239337092
-0.6526914125811594
1.187086576475408
0.34597705824744535
1.3053387864322956
0.890836648923446
0.502471840683567
1.3453052934923575
0.2486383427373021
0.5958878533812968
0.37699346653094223
1.1745885126784583
0.6115927903799779
1.0092280096973476
-0.1741580249358701
0.72170816032996
0.582874595666627
1.134200211031601
-0.10656760877076576
1.397143640281792
0.7879035009600679
1.1018505421772282
0.47445396553552216
0.7389421900480817
0.36284364544605024
0.7929189503864431
-0.2735196930820209
0.981170190318577
0.40891522767198124
0.17554861663496193
0.781477236464042
1.6234977412475542
-1.6654916270322688
0.6768034594953583
1.1115491690142805
0.18752403594633932
0.8059454638969498
0.6131760756720052
0.4178960831844993
-0.5925855236872191
0.2729560884474922
0.00788460902990527
8.718624275911838
-0.6998384359479394
-0.7518682365393812
-0.7313268218750351
3.941690042717032
-0.24822786465317506
0.4330659004927424
-0.7240992248769041
-0.887519611994169
-0.8231812215984916
-0.5424963716322686
-0.3988275280798684
-1.1181569296269112
1.2356109152567316
-0.2063118824759438
-0.6776373307127391
-0.6724413865318607
6.722471205166154
-0.1845672405075236
0.28250649467922695
-0.7225121097902378
1.888239147172906
-0.47880908524819965
-0.6000822010276907
-0.776010863028939
0.8181099852017889
1.6330542465557278
-0.6425760986139482
-0.7319043828518914
5.671542138789167
0.6720565634244551
-0.6060858238110058
1.8549475921196967
0.14855234107806653
-0.728255324933466
8.28554146060316
-0.41569410982010563
0.7386992521330507
-1.0169784533420114
-0.850114720088962
-0.21903129992975637
-3.784196501425404
0.7913701276433524
0.25593866038333735
0.41423802016148714
-1.0133863015823679
0.732474053312002
0.7496343096457538
0.09910770836297977
1.2408674140431084
0.5474683265379648
0.5748479006363962
0.3849533030433273
0.5165206563497705
-0.039650755064609244
0.8138037804492191
0.11158143967225793
-0.06593824329585887
0.5618945793218679
0.9838823756234533
0.7472061693283587
0.39824403703962113
1.6322897073213536
0.17464569982172085
0.41813771024193064
0.21811700048840396
0.9625201066782628
0.4446330564655036
0.1608546479834532
0.565358223796926
1.0964112991682486
1.1128336845462865
0.10406992528197381
0.17000030729805846
1.066115102909645
1.3271397353451508
0.8742700803826996
1.1202306695869861
1.0266322315828866
1.0069574141986115
1.9618179716476458
0.6324417943575821
0.7596751387413397
0.40304561685865187
0.15078231587497282
0.21418615037698294
-1.5933380136899693
-0.1364228977811751
0.5554671584311293
0.6248320875763401
0.9408864018407643
-0.058343608602487745
0.1822920165667948
0.04712025513290855
2.015754291761432
0.7555896172148432
0.5529963409313297
0.13460731033006895
0.040823448092231644
0.015026037945918704
0.5099946683972676
0.22522651499597254
-0.07739253016699356
0.7846463604615702
0.304808972594107
0.2471693563156759
-0.04145235792218202
1.2737949117824396
-0.1900374128218339
0.687502746004664
-0.05039522669412986
1.4221185923788293
-0.15153133562618043
0.0010501822496463455
0.13028573474254168
1.161110847961508
1.3298732360584944
-0.20281225148710091
0.020407064243063554
2.242957753267465
0.6858026292220409
0.16511035540366054
1.3489301414521693
0.2775330720079309
0.14206908335277219
4.089095257500375
0.5842107606896366
0.383389825234197
-0.26856974091697494
-0.05613642777678603
-0.12382066276870933
2.1823002572154544
0.6190591840491625
1.0474193186794691
1.020482126908226
-5.39512387187301
2.282854452013318
0.7676798996937112
1.0355071379736127
-3.6808054264816383
1.0389275917956438
0.5208699575953158
2.364940866763456
0.6904967671634021
2.0741334434579697
1.3704546122545127
0.6736848111273693
2.6252973482433277
-0.30783591517254477
1.289823043888761
1.4638452125740602
1.7986275087604768
-1.4368645165351528
0.768605798877982
0.017328833720688254
1.306261524794263
-1.3125028127029268
2.0378343653323014
1.928689739153812
1.1784936963585197
-0.31468097102433445
0.19048798552504012
1.659551471899038
1.1148299188555237
-1.8196312656541413
0.537161780811578
1.4712549523166347
-0.6532957879244479
1.037704994945592
1.2555923116244405
-6.955569677132822
1.2592439695338362
0.3153294457626287
0.5389362638725564
2.432180094995741
1.6127447016408358
2.4789869721920565
1.34450123860413
0.8951418572609792
0.4374116820943238
-2.6739733911175843
0.7286520005366464
0.7014173723078154
0.7884723963367075
-1.0869522951268227
0.7421240580521071
0.8076067792249898
1.671196137706482
0.8274088273630166
1.0060729640008672
0.5613622928738842
0.14389690569640512
0.9106275504046302
-0.10487196072120886
1.012877874886348
0.7035440207304867
1.0909683979603932
-0.5391105891735493
1.0142021247444377
0.16040688767387018
1.3326469248966584
-0.28214144640681127
1.051195304270755
0.22549343914374934
1.0701841626315478
0.08596281550522697
0.32314425239528954
0.9012028563791641
1.1132319961957562
-0.644777273006944
1.0088105778090313
1.1589059372237376
-0.3726982152295634
1.105043523801067
1.7837909894942718
-1.9010856079238
1.1909389832999044
0.08131580844032542
1.4049201045944253
0.47770097034900105
0.8207202893266335
0.31325087028980086
2.6879401946407158
0.8251612543291045
0.6845630818131295
-8.901274932712074
3.310747686587646
2.5262089160713264
1.0751475059368498
-4.364125542907516
1.5225797108834227
-0.012857450950177873
1.1811942637344477
2.6362720699813686
1.146385551007699
1.6152121662223655
1.6463257968547635
2.4382254278617035
-0.896676878268746
2.023048609456396
2.4433485182041266
1.246322039077075
-3.091213821902537
1.1596140257537708
0.23151951263653367
3.018217244996292
-2.120784429868773
2.0131707493688675
1.150366052196811
1.2803235774085555
-1.1579647521209242
-0.7098245216054372
2.4398282006161014
2.09995656412066
-5.010125969754273
0.3351898631817052
2.831300912055408
-2.0077010360900154
0.6493352159710973
2.800337386042413
-11.74641358315725
2.526222110994873
0.3591014501994084
2.066733310735062
1.9520506344917519
1.8118859671948575
6.225407509626039
-0.02865519980995323
0.6916361014614024
0.154468031247697
-0.007864972328124692
0.4427884982455992
-0.029365415608247042
0.23095490106942212
2.235304913413903
0.8409652115690164
0.8490994778722004
0.31443039673438294
0.29340810174225923
0.3350487962217572
0.18214114174607432
0.13678825999001235
-0.06222141955726383
0.3676939517884626
0.45320112805382795
0.5536675734973243
0.42014612126470463
1.7475056076036783
0.15647119069864532
0.2718093784455538
0.2807938216815424
0.7098858119680808
0.5924996503332649
0.04264763047943657
-0.03303564200467967
0.7359894347164684
0.8772416137831806
0.27511321907820907
0.07902152879972868
1.5155674943715867
0.20032146573199067
0.18927131286524776
0.95386298392563
0.39800317837385557
0.4932723527781331
4.618792553779139
0.8280870957170232
1.1740900180003173
-0.018858937787219927
-0.029029616160397512
0.7246021761204021
-1.391264313560322
1.3394524337954794
0.6757126663372901
0.8987639714728741
-0.30015397375850134
0.5958593236636536
0.2128881366584077
0.5351955233502717
0.32898821591918004
1.0161709854198158
0.690310684795943
0.36143331554521557
0.7976356701945702
0.8234197035490506
0.389574614679246
0.2849975223389189
0.09452255878585723
0.8272881971557272
1.1125129110571355
0.3675423557359295
0.15836879728005893
0.05341010968552868
-0.005677331535126055
0.6606072214768606
0.41912717426194207
0.25165927562146784
0.23696335444962563
0.6000431681093324
1.0023856656586527
0.49507311449688496
1.213324177502988
0.13500828060215056
0.7589375729038921
0.45529014656536965
1.1749329678776403
0.653288311342816
0.8778436784488377
0.14289443276686603
1.184909941025274
0.05334841799325594
0.7263031871352517
1.1082201179121995
0.2523526354900346
0.7049214845819304
0.8718668907315573
-2.3043588369753363
3.200837086387568
0.5807855601150003
-0.08482858905027346
-15.0
2.4515312007730823
3.336642577770757
6.084617324146141
-8.745939408849933
3.866664589934666
0.4329539634461453
2.7167633511304516
5.8756209977861245
5.936250715264763
3.573546837346633
2.6275809016771046
5.655095382212507
-1.9334261732507938
3.002576928657339
2.3778471994134924
4.680397556215758
-9.925940008801605
0.933905964983849
-0.23125175627542088
2.6204487235734835
-4.5611669633176355
1.9734661085401675
2.246391669062908
2.439744833804297
-3.041015135733023
-2.1917146753608425
4.309426585810628
2.274214009999463
-11.391854743602371
-0.3030238763163304
2.532357864240665
-3.954862267553981
0.5662466382841336
7.06242447676628
-15.0
4.245476689296265
0.46420922277613885
4.79287281958127
8.667711168032024
2.579664846346581
5.124328761588905
-0.06868383250438152
0.6539486899535486
0.7688980454612224
4.638936511174834
-0.23160157022241862
-0.2633537711475516
-0.45029130709807047
3.7303272480347793
0.07261525528606648
0.7492573139439997
-0.2289166064242979
-0.4494230030288695
-0.3321592905552462
0.1282245588660489
-0.11281401551071021
-0.5599558308831413
1.282164971898382
0.2325544165496535
-0.1768878640218781
-0.3193505657911553
1.2599985786023165
-0.11727719389429869
0.5150705061794171
-0.2106157873906565
1.76693222080754
-0.15981155866632346
-0.15135468033949792
-0.30822102517226113
1.1104133388221027
0.7025488818285899
-0.21200504562968264
-0.49205412884673133
2.638534703509769
0.30543781534669595
0.017579938670379568
2.334432299944497
0.5083238708803
-0.18600075829270135
7.64224974560509
-0.008870439673537112
0.5992054948802414
-0.5953070278865339
-0.5311893766531577
0.23565704449657943
1.0160949958923309
0.20414584010393924
0.6604454837229677
1.0865686047015821
-0.549193850084802
0.189139240553247
0.534429086253957
0.5021474812559245
0.7855379906825432
0.6964489226967018
0.728038909277069
0.2905190535960779
0.9268593448474984
0.39631582204861526
1.3056197589356573
0.06645235464915526
0.1364012484495109
0.0027848658661263235
0.29457398254082146
0.14061511555076278
0.07016187429438046
0.901153378935628
0.7396359954495139
0.6504864860862664
0.6255806499904635
0.18748145775127412
1.0176364817256192
0.6002488729285587
1.0238942939473945
0.30201248841447526
0.9916609093008608
0.23345269488352977
0.5909016243357638
0.22679970110570577
0.3166346672751087
1.0305268841941335
0.3491569545442377
0.3547431270878012
0.3674077348624082
0.6448386007273431
0.4519740693835762
1.250185571894169
0.5739888346955855
0.04121071340126123
0.3139469892458643
-1.1575501437344744
0.503157636706818
0.5987502970471354
0.6299012645686269
-2.744711458746003
2.0975259853727355
0.4963388157537623
0.9419010128750461
-1.4097053574751102
2.423962357803645
0.526425049666343
1.770955305330476
0.4792032362966992
0.3473764722419764
1.3092256810217697
0.8884306263968227
0.6351332791062976
0.23035680314045176
0.9309324931467357
1.5543379197336997
1.3046867552587473
-1.107968474084502
0.9123254537049592
0.2902950461651507
0.9700529306311833
-0.701224399188941
0.4343573998387853
0.5046967437581463
0.5432555787020338
0.17551927607594775
0.8960963583528747
0.3071487632324107
0.38134769933211504
-1.0875109280064068
0.2696483614286631
0.7997752498257226
-0.33231984734055176
1.0222822071239897
1.7629041637467737
-5.602480270846948
1.1672095902973485
0.22968563632243544
1.7503821985535415
0.6212357667284347
0.9108060301241053
1.668658885189712
1.5977304840241933
0.3144518905528613
0.03787251317221423
-3.294524592485876
0.4210062284446178
2.67915118788115
0.8923626750390286
-2.2309808410320056
1.5686409493641176
0.7455900708973393
0.8100588935484885
1.8769058160021632
2.1244233800649424
0.22360299687207746
0.47174371780555335
1.1005642382658498
-0.45986658484255977
1.3560285674486972
1.151316811711311
1.4499132438332176
-1.6835216107680029
0.42272566846902904
0.2247343344437032
0.7079091670993272
-1.4220093587437042
1.0522338253761314
1.1188391520525305
1.1125500219616786
-0.9583165637117452
-0.42341913749844856
1.045429313523272
0.282101905050139
-1.5564809138193096
-0.22592357013838424
1.2390107906355052
-0.8280155948101461
-0.01807373838737222
1.2830291589773866
-3.0778259485517854
0.7228211751837015
0.4101983435847311
2.7503703734755636
1.2367129930631244
0.82656778741029
4.4075525795761274
-0.19729840511993024
0.26544840701711164
0.5793869752917499
5.881252896163535
-0.44684381711999716
-0.5255490478756266
-0.4283447752946573
8.717557494501952
-0.3185560760658075
0.17424890010072386
-0.5688976666068843
-0.7646369692757162
-0.5871720441900973
-0.3097798403759635
-0.19741602143213124
-0.8156783140634917
1.4564898970208457
-0.26739844818066655
-0.5889564936383348
-0.5263962210200013
4.110192095249039
0.0330474467697987
0.5822726089144534
-0.4909064304149242
2.6263643382044406
-0.3819662567913872
-0.4944377263034441
-0.5450790237207778
0.8657328955888295
2.2017171433579357
-0.43060742045803246
-0.5593173041730266
4.75102106018313
0.8617757148977646
-0.1878126967840917
0.7888308044128031
0.39482279483811494
-0.4776660081704354
3.8927385024694567
-0.13126152379095618
0.4627576765803465
-0.8039913858357802
-0.6721915236571712
-0.022144870469611208
-2.9290734691044977
0.44859900525172847
0.18460417438640803
0.2509881151115516
1.1275176596080236
0.6368107496575561
0.08353202920046181
0.07702364378574277
0.6997331007675396
0.922028082273849
0.6141491525840657
0.21147682280689512
0.22116206097978278
-0.03313689161117178
0.9819594954402832
0.4309314828736318
-0.014945141091156147
0.49569459572300956
0.6602454074547299
0.4452974080677253
0.30634054807287
0.4486884085111712
0.6732039712957587
0.329609062186527
0.6984956483442832
0.37011244688770695
0.743354920486969
0.47269222632848495
0.12952825901719323
0.7834873987930239
0.8412708908039329
0.576563712639163
0.3782262317600543
0.5384814536602601
0.9617828054387293
0.7123043068694087
0.975855264489541
0.669966310243988
0.4919819841655473
0.7275347994511854
0.2826023054643222
1.0845212543221536
0.13696686066578712
0.7489304235971567
0.9739685962936252
-0.23404754122133553
0.2833049617769125
0.33550335569035294
0.7710400294405264
2.9640758769414357
0.11605953955408094
0.024731118591020774
0.045909759094834045
4.1844313337495525
0.03431173902190904
0.6019620908380116
0.07920435181301082
-0.11848392876146102
-0.11504340145308223
-0.1442649430909713
0.14543424689126572
-0.3225879700428706
1.345344805466666
-0.11719016074691818
0.12351135625629915
0.05081892830610208
1.8741552879378458
0.25282914494202946
0.00557876118988729
0.13383958515286226
1.076222287696636
0.272322950322226
-0.16995745668062837
-0.15106773461752687
1.1864701083894924
1.7588095326812363
-0.194405383901347
-0.010634195572968498
1.5382101927785625
1.2623203494611042
0.0486339089536245
1.2693597466112634
0.22603910640456717
0.14904611776893176
2.8008486397866057
0.32212300470402677
1.0029638614208487
-0.30406668002822806
-0.08990455980624905
-0.10639180718056658
2.076565484837553
1.6369553517013617
0.8401432720076597
0.3203630842653189
-6.139095545627565
2.461809730651002
1.0429086559809972
2.282211207695855
-4.73238187951841
0.9816575919024116
0.21182896519986963
1.1917655135041472
1.8512480037965213
0.9528489402387337
1.3234305061279215
0.4303280656045398
1.2109145291980994
-0.047441458872893985
0.4853506032715139
1.2920627822299917
0.9636504589182846
-2.3735093151061406
0.42496504738195084
0.21492007017132836
1.4818551488363179
-1.1212488090242227
0.9726431291168911
0.9975394382881002
1.2042141450652857
-0.23511874554268625
0.5290557713757473
1.7975379292158695
0.5926775195745706
-2.2510597262232444
1.3471260798690994
2.3201394631817673
-0.6708256487523041
1.2817987179231132
2.4213616164940834
-4.6142813488075705
1.0345802715009838
0.8046163935347712
2.138082479480982
1.3230095961839365
0.5966669460153828
1.4724430789722773
-0.08728039290348741
0.7949995895949489
0.5013726608066793
4.808633962810525
-0.49789729671973626
-0.298384762345666
-0.22926805247730708
4.817434651609681
0.12252117922958762
0.8413983212550059
-0.4691163646073825
-0.5538174950692023
-0.44323628954342215
0.06188537180126183
0.16575414515542525
-0.6661638114628806
0.4352258708965744
0.17439230410167172
-0.48187082144960436
-0.45345410073059633
1.7405355956384894
-0.02978850644692294
0.8658370056259586
-0.4983681629750531
1.444708613178562
-0.02611850947137217
-0.42669145781804735
-0.45370921348533083
1.5932045796269496
1.2418017644992287
-0.17440534088146292
-0.4039317235776244
2.238195944937313
1.0956167777718127
-0.03933719618940267
0.8588793224282317
0.11620351120577362
-0.23816705241276523
6.105309682182348
-0.28302743683867915
0.9713632242417348
-0.6670015596682021
-0.5995496401488277
0.010153373155720163
-1.5854023534741348
-0.017495075073783527
0.32920358693246954
1.0696838107556232
0.46500106145855247
0.19569304023581913
0.23205534031189415
-0.06907082668636526
2.5052223320667344
0.18471079091066706
0.31353142317859534
-0.14024034012040795
0.09128115133486979
0.06765166261346779
0.17497966886131783
0.44064674173364743
0.09617347060187627
0.5832344630487636
0.19444369650303725
-0.03561573051365123
0.25821923745363673
1.4126307895344306
0.35531212429850834
0.6688840391453401
0.451004211893736
1.0259426253087724
0.17291037056547687
-0.13665630616025723
0.269677201395186
1.2880004075790992
1.0857126372478596
0.17776449004423048
-0.06621671870060766
1.5290326890253119
0.23787454562077168
0.45314549474775173
1.5912270801909831
0.3802059499301068
-0.11450956155872259
1.979582343306544
0.7605408113597698
0.1998141070457376
-0.35489190810681465
0.28502610831523206
0.4141104221769263
0.7542284648800106
0.5775512029564489
0.45258459848097027
0.2695905980526224
-0.045468555960284526
0.24119738061691257
0.6034631995674685
0.04603463720277116
0.40689354416965257
1.1068585053183493
0.05459328506353238
0.16545049880172594
0.5736267947883154
0.526762107952997
0.8659679779541568
0.40491222633366436
0.3806761723564805
-0.03073475893182169
0.9641254866855202
0.2711240824289985
0.14962009033166934
0.8624446044612316
0.27669215158831983
0.5495195167110186
0.04272036014775584
0.3209069246121834
0.1637093526422216
0.2897239914577773
0.33254998683966625
0.38213127180596657
0.8459409470765
0.01736062316806757
0.21414882063230029
0.22270649092483696
1.013067493120532
0.3256958278659384
0.737679626181993
0.3320911263700802
0.8138385139642723
1.1645578747946823
0.25007878814412976
1.04173925197908
0.15120710872142373
0.2656477766039071
0.053223769106795646
1.3277655166343931
0.8260834720924533
0.5857492313356539
1.2191166274442542
0.11108423913587073
0.7187069715887454
0.009499802325281269
0.1575902761005435
1.5601246919386365
0.3264526031210581
0.6446674615345382
0.21676050166067765
0.14002173761982262
0.43529819460606206
0.35261450517324405
0.16555670257444902
0.1941591521088067
0.5488629271680688
0.6604965850099771
0.7020836487772886
-0.11399407865264857
1.4574588405055917
0.66497241598991
0.7539903922682467
0.349930769339424
0.8857089304423272
0.4455284057672433
0.44746319785541994
0.360313645870325
0.44155534102702443
1.1011491370209308
-0.013653941024552321
0.27192831887361457
0.5061474227543294
0.42423766079817654
0.5209318458126849
0.22033457378534899
0.09748077888204268
0.07633218387553316
1.3162147055163664
-0.005530376930482978
0.30478984092371797
-0.24776376977815898
0.19701635153243904
0.6414733498972967
0.32558770274956167
0.059001524453787965
0.5358243057327793
0.2692101774791112
3.620218447873091
-0.19693694036943823
-0.4066079451175054
-0.216963449788468
5.041602595962266
-0.060149221607962766
0.8173895595678459
-0.23201747693396585
-0.46827999244005303
-0.3517897268163065
-0.1957695477804264
-0.2206717515859405
-0.5950689607164786
0.5477998890079585
0.3987635367985511
-0.29274646586598013
-0.24587757682429592
5.51337965359035
-0.1979769870932181
0.4924603564341795
-0.18588182648460463
1.6062953633999584
-0.10938461140625219
-0.27503571633525564
-0.45249561857918164
1.7721723013103432
0.8395786482863828
-0.11699571118971037
-0.3466652320656042
2.4999254779665017
1.3053353174152151
-0.2552567888783731
2.5818078765067227
0.028062633939885104
-0.23135417095017144
3.222944578746817
0.29501196916372163
0.6525566199653243
-0.639449250264893
-0.39389405120969057
-0.1619351838277304
-0.9498144047477233
-0.20727431793272993
0.20068338725222484
0.35532494366949474
2.861679102940738
-0.22953457982925612
-0.24424170340590584
-0.17627918980989596
5.07844211059812
0.15858032158844357
0.5893613885848926
-0.2200142715404644
-0.49420660485929924
-0.46624116374306
-0.01696275409667986
-0.06531730351370696
-0.5611226555915519
1.2826053851505652
0.21631230010284175
-0.4508282718885961
-0.4874813190292723
2.71733601536855
-0.013077408411773305
0.7130852127042098
-0.16564229509288755
1.2562502180233839
-0.19639730229995708
-0.20880286727810163
-0.4574039142006124
1.8863200292385827
0.725128472507852
-0.1831407436207053
-0.42527705456168635
2.7110087595341064
1.3277472559687902
-0.29023553434020044
2.4227977518001245
0.5464967589109584
-0.3685191805478288
7.948277494284762
-0.1401264628239725
0.9231435575871906
-0.661101264117221
-0.3471005296299006
0.1695698302780773
-2.1085605177568265
1.641497741474898
0.501173407383331
0.7838045308571485
-1.9490926460633806
1.2997412432564805
0.60981309681541
1.0948029619159154
-1.3826112502914132
1.379178821269803
0.381850924581049
0.557283836629736
1.4579295097981084
0.9291165173274843
0.7357060360838009
0.31046784611374945
0.8065230932742798
-0.16174409941069995
1.3589413243459894
0.7605161358514752
1.6379043139701686
-0.9762836820002019
0.10382031930770975
-0.017916032621959968
0.9606183903526893
-0.5270595961368065
0.4640138201687411
0.7215843910435964
0.28118735841990095
-0.19528596846503282
0.05114995803207834
1.0627078339719584
1.3418508244646097
-1.0716507913583746
0.10248220048258222
1.0610197283054887
-0.31161784092500044
0.7841688152231564
1.1958326679575706
-1.7544106224431606
1.3564706766373509
0.34665486261175726
1.4613884667303427
0.605168244624595
0.30406179251654436
1.3092092114987637
0.2162934244654041
0.9344050879305712
0.22260565274804284
0.9811418632724815
-0.0921203091025432
0.6562904003930393
0.6498352805222576
0.5623294709250692
0.243616744648435
0.46521134276838405
0.23610705386102387
0.11244456596812608
0.03270861166803108
0.20372032329178938
0.4081812470217098
-0.20049605499177206
0.7798849642578899
0.8773577408115595
0.37470766721927945
0.43110489105839667
1.6556147115537647
0.6683419027104982
0.07022737623092568
0.37721210756286444
0.3352866588036768
0.2728612177751707
0.556665715120147
0.32517726061348473
0.2847781004715632
1.1433149824458209
0.26649713915216583
0.22596870416014792
1.3867543373205509
0.6271971532826665
0.7284603511657566
0.685044051344665
0.853156874181773
0.031326785258727625
1.4281805526941735
0.8167492197144618
0.38678941842075965
0.0768857088370612
0.29856664424387747
0.5179107063576517
0.5900975811166501
0.04719280005866182
0.5943308113378816
0.17350091956599267
6.723853971656296
-0.35309447741055755
-0.41225665012870494
-0.49306313312166494
4.57461513801968
0.06703772048294748
0.09700675240411627
-0.45948216431247013
-0.5588854016457789
-0.44489693465476954
0.18526918912464066
-0.003828187698066792
-0.7233043146710643
0.7102711699196107
-0.1935749690789682
-0.31802232727424784
-0.48640705516492166
4.996233415905395
0.019864867669068358
0.3064785722482455
-0.31180384205718187
3.3318506032713286
-0.00043130016063291227
-0.14853877782721847
-0.32503345541301104
2.4516624888185707
1.1642740738053312
-0.37354004657867057
-0.3295244084416951
1.7295144964407339
1.2843258890828904
-0.33009961138845817
2.3375583772975688
0.8127672456272916
-0.44265030090474133
3.495012328629391
-0.10485904944472342
0.8142507232584683
-0.7641963275990008
-0.4924807753427893
0.20826305153423963
-5.179664083283742
-0.01051589243608243
-0.06211767806444067
0.48609564464138894
2.5826245184906846
-0.3530624042689913
-0.16552743565426242
0.03954233448425379
3.325420374485707
-0.09724525763596957
0.2650012816892174
-0.3163722080299797
-0.2988082761342261
-0.3025140706573447
-0.0033552058943139423
-0.10417754799560902
-0.4097084192035773
1.0590667668480027
0.2975487194117892
-0.10865137795174597
-0.11573398856772386
3.753505777581034
0.07079403013879819
0.5443407670682805
-0.05371429582837596
2.4155233533687444
0.016807701526986053
-0.3131101417885812
-0.31404923178325517
0.5003610413147248
0.4173176576523648
-0.2771747114527383
-0.24760506466915172
1.2768165016509603
1.4628373528930891
0.2838805069850679
0.6233271583491885
0.8079186067420293
-0.21049754411958366
7.192979409211757
-0.10929913846322986
0.3696670546537945
-0.5171970010163871
-0.1599888948358864
0.0992927492464727
-1.0292376944920898
0.9251023901746294
0.387659467385935
0.14349706654020808
-0.7594781031990655
0.8996116873616662
0.5948956158025605
0.3693673512856695
1.141193156680305
1.3130555206945425
0.1008377364004843
0.0026483202207618025
0.6181927743476986
0.6417325241714732
0.30879385895102746
0.12123023969306972
0.05145693820667251
0.6854831613243831
0.12129675762680313
0.40315233300783465
0.6549388268965414
0.650701699943015
0.04643747137349824
0.4763652325895293
1.114161681942242
1.131662674951243
0.8817548844676385
0.1822805632795516
0.27280658486836223
0.9960432606367655
0.9878886462888112
0.459117839122875
0.44760089976869794
1.2805025902492693
0.37675984512357863
0.41616777667995725
0.9384557569964714
1.0164612015743524
0.8284344678085014
1.2077734228876889
0.9250374979358656
0.9149178845843642
0.3076742387426706
0.3973115610394261
0.31013138575447335
-0.6789173755898225
-0.19112529341687212
0.3829273786284047
0.2702393008930877
4.343809057467159
-0.36683378342541284
-0.5015513850302213
-0.31276848463757106
4.090570692288741
0.20381140698738548
0.19178668466202445
-0.4704598233535788
-0.6666833105860034
-0.4620407996883765
-0.29652899067529637
-0.24145972322122136
-0.7299298619182496
0.4256024177416121
0.16514815660987425
-0.4926910346745967
-0.36921913657499866
3.256702112597361
-0.26861604176547715
0.6618372786310341
-0.3295228949335565
2.099051271238076
-0.13235985748024715
-0.48278388810243117
-0.4510303947230428
1.4335486937074353
0.49716303674273415
-0.24946933309257627
-0.4501036187296471
3.5338100997648287
1.2834334848155489
-0.2916662017428253
2.319203352830918
0.5243246866339855
-0.31564188340998095
8.364992662877247
-0.3156392652604866
0.7782654293976032
-0.7212554365177407
-0.5244406032616554
-0.16322338203634262
-0.8787441941965923
-0.0594192161643172
0.4292689546121198
1.100075255588962
1.2880451222194036
-0.19739393706598293
0.31440750760633907
0.23719802675450385
1.6093458820900677
0.18857865910788896
0.29746803994115284
-0.12376257873665517
0.11486364138202329
0.20597593056039118
0.43402883028516115
0.38580531371504545
-0.08101548530907618
1.0301705049869945
0.09786020165186403
0.42759779125834035
-0.053234039656806495
0.8286888787212716
0.012228847295614987
0.23600231913079983
-0.03710070109553032
0.6185117214469509
0.5638375168659523
-0.03468214242271736
-0.01240799902658733
1.700542146957234
1.398018592842623
0.012773134972419574
-0.23105267213329417
2.4571982927211473
0.46183772879796786
0.7249452477259329
1.2970026890136093
0.8238413746578324
0.13718979272386117
2.835470260511329
0.6693870298188374
1.225130087769912
-0.40016343502516655
0.029177843003134137
0.7517356370124748
-0.0002214294584416826
1.8750621381305135
0.10013614831903159
0.20553851707404913
-2.3352129131581885
1.6398954780986952
1.7661059171126092
1.6376231898852944
-1.483564744130763
2.313346407022042
0.12319962167897515
0.9292903810548916
0.5243074143794315
0.661298500080561
0.625572839019998
0.677072046435181
0.3482618041130641
0.14006203523259275
0.23259622234392846
0.7372173038367297
0.9508167931164074
-0.5678263888251168
0.4439420071825698
0.07444939907833846
0.881895424255386
-0.2985626832821475
0.9757577389628036
1.2666771578754803
0.993242388154384
0.2215614630780976
0.10038033188573357
0.4482343063080506
0.26239966419950966
-0.5722061957923456
0.3203547834278248
0.4453569316229016
-0.2048224885427774
0.8137000685880152
0.7550289588635031
-2.451665874042119
0.3061909708866094
1.1674886613265762
0.9101956698903145
1.2471705081186808
0.7221104205208183
-0.20019496729179243
0.2195181223197667
0.12121169486325392
0.8312231676938893
4.869416101487224
-0.08410539276574686
-0.417142267492653
-0.40080718031054197
4.2922838400545515
0.2250141485226421
0.14316316539521518
-0.6260959514819049
-0.5114122119092418
-0.5505434060089962
-0.09067655803497536
0.0736277009906739
-0.8761814479778388
2.0419933167085293
-0.21946128785520258
-0.3147486570232391
-0.3172255066053277
2.9020653314297373
-0.01843027840683127
0.4714643559297331
-0.4349142838659416
2.813544706994744
0.21870124888806797
-0.10787673813450985
-0.3755500476748236
1.371648564739013
1.1439871225901763
-0.32038422054863747
-0.3895887618270386
6.505652624954825
1.1174756719869174
-0.08413197341737917
1.245176085790865
0.8853911162013594
-0.25908308757310294
7.842730857026901
-0.3258267346746806
0.2632488906584799
-0.7370934367324452
-0.6375268379802284
0.030051135648284818
-9.770330738108813
0.6281743434728637
1.102289943245072
1.0075959778955255
-1.4674980017387125
0.6808468013298713
1.4295818662234927
0.532785504163959
-0.3082802352767694
1.425266059774618
0.3805191013114603
0.6047857337021819
1.16217882755502
0.7405220562321005
1.1927399628994841
0.7215938172730881
0.582270931866085
0.34581067067079163
0.17598213235325785
0.534883958978037
0.6221435828094299
0.08436206237300109
0.315482971480438
0.039152530583064775
0.5906501130842
0.1997786269681048
0.5701932942848796
0.5353642661767566
1.223859146941407
0.027235969235063974
0.5699885142948561
0.6237856629173026
0.41865238979000374
0.04405567652407057
0.1971298592405934
0.8645573516512814
0.1778352421801268
0.9454132995967568
0.5841155478134541
-0.7476959341928224
0.2415184959408326
1.0604356371480943
0.2621166748669397
0.6584459616582464
1.2956113530691478
-0.8149433381204336
0.03564967542229451
0.9092728164151651
1.2339460137433622
0.9338590124343211
0.3061584790432787
0.38599966707375827
0.29250553586436256
2.912391533968
0.30515258399314565
0.9793558839735576
-0.12643299313781822
-0.0020625476078299856
-0.02470882154493373
0.03714764692686605
0.0748839163939392
-0.3373365840770632
0.9171625395060237
0.5002915685841208
0.2562462732545561
-0.2124237163078368
1.6095828003552806
-0.00524377388757867
0.28625994990508746
0.34816998081583783
0.8746240148621609
0.32660118197641874
0.3099294043859951
0.2227542819431014
1.2928051428684604
1.1877975444574183
0.17308495032706236
-0.04487919342107487
0.970152624480066
1.0662666964378444
0.01755829969295893
1.3030921241440394
0.5058561834784567
0.4403358482566674
3.6839382461319072
0.47829511368825284
0.41169155276399105
-0.16442522363284823
-0.26789949686823317
0.6960454676087517
-0.6644038813337712
0.44938117543030887
-0.3156343755170715
-0.21499875995266965
-3.621925095035602
1.2461006254476457
3.715447791628685
1.538852652914683
-4.506870455748007
0.199220298166781
0.8916329540411788
3.6004172897026008
3.678231063593558
3.940083803353795
-0.1525375963919402
0.5426553612294439
8.958201977139996
-1.550493323732241
0.7433781814181556
1.5666339390637571
3.0190061737777047
-3.65787314844682
1.0015580542909208
-0.5205973755597929
3.2536729040455503
-2.3786166993186355
0.5362105730307906
1.9760128667728596
1.1305485224312026
-2.2306672344781453
-2.6656432115774145
1.5555390352556082
0.8149544165733565
-4.905595519527667
-1.2317850558945553
0.7254654130486866
-2.170985968190799
-0.10250159995072891
1.897536691871804
-7.936246190975191
1.9131392702348404
-1.0674687347947593
3.3118789526025516
3.0269081088689913
1.895487707280513
2.370233748680208
2.3337626959380193
0.9308170975326211
0.30824580460676326
-6.189137405989902
2.597138898221471
1.8948956480977495
1.2191684485335612
-2.7189763091507357
1.757548537325058
0.32334604779084597
2.4480834685083535
2.451512552752255
1.3250514686295387
0.9562358666288893
1.7465446248018741
2.2347089180395354
-0.5412389429381816
0.8059325926503341
0.9148593747086955
1.938263557325675
-1.9956428569997788
0.5675896343062322
-0.05217329976628656
0.8395669376679336
-1.7076655684972402
1.9651032134478064
0.5490529909129196
1.546716612781009
-0.5900534245659894
-0.19485871789504447
2.2945573640629227
0.9562294352483383
-3.2938033907012803
0.5730402280162499
2.9933480897139777
-1.179356418368368
0.8717525226285181
2.5870633276442025
-9.375149503040484
1.6559398632811486
0.17539606190295773
1.4110469771415548
1.7809690983347493
1.6168282218005487
0.9782721567853198
0.8108761177447892
1.067539837672968
0.6622671477830929
-1.5471977153520398
0.634559687177743
0.9214830523139881
1.119604728640577
-0.257128236114124
0.9579452531641225
0.473114957710375
1.0042411280363064
0.35856831271846623
0.26925885444500325
1.4475367997101856
0.03745306294802724
0.344804660616592
0.03426679886520537
0.26916872348335685
1.2312285974695907
0.08829059468483784
0.2444670694211801
0.708424064824248
0.30985384385042775
0.6303154633682514
0.4266856896567087
0.8485088159199646
0.0312059871842979
0.7097388847210258
0.1508944693485703
0.7759971056864112
0.6861934510449952
0.13723675162973437
0.269163260834149
0.2534689767652066
0.35557030972577913
0.5428378150199562
0.1882013924351436
1.080144196325408
-0.5966068277093083
0.8588243727316726
0.3408516132095086
0.2424409116429568
0.9575296031478319
0.94995087852238
1.7001054960005166
