Architecture: combined
Number of States: 18
Parameters:
15.0
-15.0
15.0
-15.0
15.0
-15.0
15.0
0.21362632461723796
15.0
0.43409237453389304
15.0
0.05905220334089978
15.0
0.44902968786028075
15.0
0.16797208131937613
15.0
0.46123641433813456
0.8349892600994556
0.1685452399968027
0.7125184227951832
0.45105275652972776
0.5179856595167333
0.3687942966312042
0.36499736491284884
0.18563762566901387
0.9329847263453902
0.06341082460290437
0.8272695218947622
0.019411970845593984
0.4488510324355589
0.40989320684431796
0.7208917934062148
0.45058242211677724
