Architecture: combined
Number of States: 30
Parameters:
7.78273138129317
-8.43993532186299
6.26465285533325
-9.76222399119032
8.189337683004286
-8.09758425322632
7.636675769965349
-8.703033838276331
6.962107176911645
-9.396772478585019
6.821955645807539
-8.701654976353023
1.7310499956530283
-3.574532967809686
2.1773413315118195
-4.22597546763339
1.756347714324675
-2.970785755643066
1.8483465289432948
-3.203360964272361
1.7567312378454611
-1.9339292209112615
1.7357839401347026
-2.9744603548915935
1.8482992815891648
-1.4815831006719555
1.8144205288214477
-0.368257070885431
1.8230743511730891
-3.3642470332902157
1.4757880220768946
0.0803602993403928
2.071824387762788
-0.6144633612844125
4.472516540696278
-1.993070480476324
2.014897260438236
1.6758194041749515
1.7858501202402406
-3.545147048745955
1.2017503601894484
-5.729652897172705
-0.7412082463280161
0.5941656676322495
0.9719753517608685
-2.866777917422089
2.151183291746827
-3.5087666010917893
2.5663531746682775
-1.8339067821343622
-1.813465461415057
3.424082778681101
-1.0158552891497632
2.1182890039620794
-1.231951205347647
2.5507474058463497
1.0662832293686497
0.10607311462950322
