Architecture: full
Number of States: 46
Parameters:
11.441321829215243
4.846754471710068
-9.282161757694857
-15.0
6.696238143848055
-0.3088521700291197
6.072797233075966
-8.328196189349105
1.1328020261495608
7.265895754986245
-0.7007271274121862
10.822566617104709
4.219037983460606
8.393588798935976
6.908314373467521
3.8603212253427643
8.610270523522328
-8.490675067185046
3.243059210010944
-5.508908017043622
-11.4329179942227
-10.76479934811225
-15.0
4.659343181102294
5.923792741628978
6.60111570710882
10.290101901400432
8.253801919627636
-8.293910214208099
-12.161656900909474
-7.049563705706095
3.5937725612182043
6.711810645911827
-0.6907994789726759
10.744685375699248
5.318881763340216
-5.939651230404966
6.616146210627284
-2.5503322819089345
-14.204279091721261
11.001175292421266
-7.626722382076196
3.675690979442224
15.0
-15.0
7.846791233930929
1.2273660764894316
-0.8823778201341
-6.314440216807928
0.5369050872389545
2.512871622858107
0.036751184812044826
-0.82185165974353
0.41769806295441125
1.3017139788355034
0.4577864067079344
3.947740685651148
0.06320444499812733
10.697445805107733
0.5321465810240886
-1.3792599924075064
2.7879914949170597
-0.9272013750886923
-1.414132566875863
-1.4286556952934903
-3.9053165484047203
-3.350910341225556
-5.148431640734319
1.9569320664636345
0.3759368442271173
3.0738722077185376
2.5819355777763286
3.0540109794992207
-0.7870799165297494
-3.3397376094403604
-0.9719838133911928
-1.5472192546733832
2.560329410652863
0.2785691395259847
4.152025442719666
0.09813256068523847
0.9417111151136849
2.7173801202360557
-1.4006314331557819
-2.7596402260958164
5.363393792152253
-3.1949580005942195
1.3461582073715983
2.81891469820457
-3.211684347815899
0.6516122099124845
0.7105718358170202
0.5454079986593694
0.6793671448746406
0.1443691139575985
0.4956492262590004
0.24325711478347012
0.7485454245447892
0.7252726645916988
0.8235863460365385
0.6500569535285422
0.5413555326080561
1.028998377758552
0.5836834380996041
0.3249512604990744
0.6029563959057203
0.7196179418496051
0.4680584514231636
0.8841521533066992
1.3961999570646353
0.7474585725351125
1.183854865073739
-2.7529399905432075
1.0720166906764412
0.6568600786893128
0.04534264475515819
0.6727924309839345
0.33345641520840685
0.4982897810604253
1.1217360951103874
1.0279170795623023
0.9664620935284617
1.1434215014083924
0.8441983923379859
-0.029176927828515678
0.5849956881233046
0.47817260212038226
0.8641070125614815
0.9779854897279356
1.2523055299381478
0.333157839767057
0.7512594846178176
0.13186905812863658
0.13390614247597146
-1.919833616351857
-0.1522375052695869
1.0165268300368882
1.3984298470745995
1.902011518218614
0.39846945077665896
0.737514728990816
1.0529787052355246
1.0975117720098886
0.5474463732630285
0.4024246468026853
1.387830091646265
0.3437421609208449
0.9763984001419764
-0.11083110977665948
0.30750201704537306
1.1945547588065124
0.4332139411662795
0.5034162537380016
0.4121547457069785
0.5236685680417589
2.660933869870662
2.181797760330639
-4.637808453073298
0.30013914235875583
0.31516072823689817
0.5608070608296339
0.34458478124835984
0.6838955961786201
1.0459025978519252
1.0114133057130192
0.67755738947769
0.5190264337764344
0.7036777133276815
0.8286099767876927
0.5550776752680281
0.5299899866379449
0.6105419820706705
0.9093352884940931
1.4942589207494048
2.605918319116385
0.5082056779038607
0.5641433715728696
1.2745421596740412
0.10442515934591358
-9.560141686720891
-0.6702394404067202
-0.15775653614420532
0.19260264909301456
10.614060495716279
-0.2643158104957222
0.07258008810959934
-0.1887675337987645
0.8603961960752727
-0.2026102185018189
-0.17969417479831348
-0.10281002836043687
-0.5639620145122742
0.15892211736133585
-0.6825911839238208
-0.1692140508016411
0.23903429098203255
-0.4646112383487681
0.33189510165121633
0.38699138537366934
0.3008496517159938
2.16870353889506
2.644093618807982
9.14996658221647
-0.21427948367449198
-0.13777342135414122
-0.34385010616078726
-0.6657748037046898
-0.4048839586053875
1.1839670331877747
1.3289418940507707
1.266309035974747
0.268592529541973
-0.22637132267155424
-0.12072810454261654
-0.6158452553540289
-0.16058333757241128
0.023970563975331382
-0.22776218587525587
0.5816376823737401
2.564595484906894
-0.5821743208147657
1.5158245297590118
-0.3260408366493333
-0.697334738876488
-8.093102215734625
0.7410540081768764
0.4531559093640249
1.1081434095481664
0.23971144777977815
0.47099208021721034
1.1250618394363168
0.10517645049076152
0.8199361519072328
0.7717154076219366
0.4998781442871645
0.117996789245103
0.6112502967672863
0.9538285364909272
0.2770763238027708
0.8657262145164677
0.5315086976803194
0.5297398629720644
0.6544298686436478
0.8909995513116898
1.262964129922121
0.6058888372803626
0.22349735236663298
-2.8597819842398455
1.0865657516978864
0.3056842676491738
0.5696202024031087
0.2490475900359958
0.5651884410658031
1.2098591196072888
0.9949448694084969
1.0259236317329312
0.22990675584484102
1.0371559945429336
0.46715799191339713
0.15167494277331778
0.8003493021592463
0.39640209586985337
0.8466925032272304
1.1955698594853221
1.8247961711750884
0.22766853456610356
0.1961325472685985
1.201796420411007
0.6987726497230584
-1.499349502115114
1.103828857669897
0.8304411873214393
0.8045424063374675
-1.901672372392579
0.4949925640954953
1.1094759626939628
1.4002119259269326
1.1519808295276512
0.4968474254821448
0.24662146043599908
1.0650785762698174
1.2737200409129041
1.5482816564305817
1.6630514190046466
0.23420038054703218
1.182143500487783
1.3083092452090308
0.33148995833517453
0.9916077384661268
1.0317486416971677
-0.1664385057789618
0.28250959883606497
-4.080387540934706
1.1972146991475963
0.2772217546039263
1.6398817563255386
0.33793137248353156
1.034522825316944
0.37670313869267813
0.1987459405838049
1.3161702074923571
0.8687644507208147
0.8037489902684999
1.174671204210611
0.3733186566044676
1.3876869612457818
0.32030801021342126
0.6984946128809728
1.2842770483760466
0.5776065789029534
1.54585474781016
0.38800610171672595
1.8562239989950498
0.4031537673839139
-6.374417633894194
0.3302764828258493
0.48831176797836456
1.6772391365517159
1.2244291720921068
0.22923131176200295
0.17830390361665624
0.21761231346186427
0.3617871665500034
1.1482892910027716
0.9022369097688318
0.3674088780167763
0.431489551665925
1.1035923329547814
0.4686557556559666
0.9139412236608235
0.44538580280286516
0.7641499737802463
0.5088551849601736
0.5898486937976235
0.5693552333464743
1.3157852651016348
1.3957330162028674
-2.2422442512084633
0.06085407734848274
0.09794193982370045
0.7823643746581378
0.3648902011622935
0.31292782390942386
0.832933269625124
0.32236251838370844
1.61234808835817
0.7301814433099869
0.5382976739537502
0.35356110005984487
0.5726956825390345
0.09776053000983492
1.2879028972248436
0.2939418514827792
0.5388574384698223
1.4481100506865745
0.10955116305107981
0.22529022925911898
0.9512736517880458
0.2638615424341011
-2.824076571763485
0.23062800437636066
0.933415391712672
1.5076466507436088
1.4359230727161758
0.07490922731578571
0.8137014300335743
0.6012914080284226
0.9990002666585771
0.5044008811309797
0.655726543014666
1.0075280090028849
0.18147657223743874
0.6416563838897503
-0.20338456196547938
0.35739463212819006
0.20651926118995412
0.6791797228456582
0.990230516880361
0.3184840860899111
0.8357899578661839
0.9170294260502678
1.488361047933942
-1.8128745896088485
0.7083786113279493
0.7792260721037514
0.49211102077645397
0.14207246329855935
0.5033153992549091
0.536329286015998
2.682005920638041
0.704214376243262
0.9257231090368107
0.8907694576985146
0.9632239597625671
0.2854698537982578
0.42459962389871586
0.8161345174232247
0.7576204672295366
1.49807040336244
1.5007833847026744
0.2448449620691086
2.0308259721584934
0.37842718915539053
0.16398880395003745
-5.0829448968318784
0.04348074097252119
0.4799327443818905
1.1340307062764408
0.6553882540220861
0.8310269755520642
0.34234954498728437
0.4844754589117128
1.1529744886236226
0.3285229518778301
0.883864195096555
1.113586872119837
0.6436294886244351
0.9039333507833435
0.35862916430977837
0.4356091993990304
0.30747751979723453
0.9060333399952023
1.5726565678485016
0.8714442784323599
0.4148653184210291
0.5949181886817411
0.3314267949419681
-3.0705309745512914
0.2962721140959481
0.4515219849777024
0.8608937433197603
0.7277927289556124
0.49092462105602713
1.2298630974594307
1.8364380573420418
1.3807463795987645
0.1578900739144566
0.9906732684442068
0.17758369936310747
0.06908928960192118
0.05702233030632794
0.9943244303487648
0.569560923836386
0.516649362600099
2.4243714260725353
0.5816722896986619
0.5363967940214651
0.918838493112159
0.09536644993409338
-3.629262242293713
-0.09380902751491912
0.8655073583495919
0.8596365097036803
0.9861358894341942
0.09062731763253833
1.1037301318019554
0.26669965337864504
1.4053683360219629
0.9095560514750893
0.31417596232424194
1.0711321118664658
0.5728282900659217
0.22240932217597606
0.04133787910513404
0.09541499023361816
0.8688346612399689
0.24434244593304363
0.20287715789030816
0.04314270981761142
0.42442974629941793
0.279968065767425
0.8850022962426398
-2.1270763575884306
0.5121131398482978
0.7809429769608895
0.9298720486649747
0.32631249732009643
0.6085518164473537
0.9003391178194693
1.6359145961173527
0.2896689878942741
0.013746383616364958
0.49238482634513303
1.0054042476931149
-0.055550399024107806
0.8445362231107086
1.256097146644472
0.4146041060197219
1.218971470275464
1.7067007313428622
0.7349803473396213
0.8355856729193476
0.3959261778415302
0.5391714461454986
-2.2738396890599595
0.6741190644684415
0.5677567749942897
0.8014213590047048
0.7105565681101826
0.37447227094853025
0.7446517721331516
0.6701430563985402
0.8276198487227316
0.5331752818069795
0.15541189190874163
0.8836435840420984
0.09179268859114338
1.2275393539587973
0.41874681400257324
0.2599183171499503
0.38254169276506206
0.13037995414223175
0.3162673531657846
0.900152352973336
1.4411051647339808
0.4674443347740304
1.3394263918430591
-3.1828117472739055
0.4314281766443729
0.5276558850906227
0.7499114194302197
0.7743570699980074
0.14633314170857536
0.374002622694475
1.0087194305179592
0.9618814372851324
0.9800242080456845
0.2914026577855872
0.49493836058634066
0.5650961337676522
0.8069398130194513
1.2375801394323573
0.09932865089018691
0.8767330863545179
1.4251070277742959
0.6620947967398408
0.4332283461159789
0.3647718396276201
0.5243025418148981
-2.989627096763182
0.10562845511639443
0.7480714913916106
0.8976809138766255
-0.2640483155212401
0.22455790967666925
0.33709357840863946
0.6509380062059693
0.9339246109618241
1.068312829658135
0.10906089042762232
1.1270640565060752
1.04627315291206
1.0337785351635675
0.19930556995131596
0.7250101808594586
0.5962490029533639
1.1321861681707606
0.9260331054256639
0.0895378175832199
0.8624868344469566
-0.1671904802922965
-0.0483423101676456
-1.5240493525260104
1.0560232500815878
0.2715696858843056
0.28502944977026734
1.0444621983688227
0.9809084518956814
0.38481801015909795
0.9030069918229351
0.9274047345056156
-0.03856204496226821
0.41866225807000484
0.43277581034480433
0.6313523851508417
0.7513298519389502
1.0766631499798345
0.8700294980855566
0.21215062039144922
0.25302983965946474
0.714473049217011
-0.021225361510792132
0.3709223876841823
0.7608227656040867
-1.4946556052386124
0.23512743845150882
0.4598994423739824
0.800456580757098
1.2208439506762907
0.8816636963197061
0.19497718232755476
0.4536690665454678
1.3042484045337512
0.41924697051729
0.4684888154676346
1.2289165048007304
0.41132819403222654
0.44264906234155615
0.1784966141045565
0.3793617887043486
0.9868266820312721
0.198564840546989
0.9647701366385514
0.9625251768426943
0.9118424066925894
0.4899913550787424
1.2573485837999006
-3.6232258556508152
0.7017864501058875
0.17299462914069172
0.3795193496015626
0.515360242656393
0.5515947772684295
1.3044990461242034
2.00086937430479
0.7383296287211318
0.8896514041442433
1.0578262686018107
1.115623883152852
-0.01594466050355774
-0.014497567584728472
1.0960318903052417
0.07650102362081784
1.2255339484500516
1.293122204192908
0.023310387174847468
0.6314191649710587
0.2687275057299423
-0.021789598479458903
-2.697856421689325
9.38412986000878
-0.08068397246545625
-1.9201335720572887
-7.441421457094077
1.3560067111010627
4.753592717716571
-0.7157355120928173
-1.5380303427589244
-0.7161280611660403
0.013144694585009768
0.8342037444891814
3.976553302409372
-1.6157114879433732
4.65524383965361
-0.14424921162622267
-1.8063805554000099
2.333527127752638
-1.613184579020958
-2.7015347116877044
-3.160063334991529
-6.8349223734708335
-5.787292492434902
-6.210912046351262
2.5923847134583
0.15422560883515662
3.113030642605794
10.063955893243541
4.338776639721831
-2.12658988968756
-3.6313151222791356
-2.804834243046508
-4.167162238881294
2.729003731991758
-0.6876983326139968
11.03150668337297
-0.3925172883083363
-0.2228959114502559
0.7257197467519206
-2.230248574158602
-3.549533053341332
2.827896206047247
-3.971176752146083
7.513129161887572
9.325867013723528
-10.654001502557696
-0.0065430273228403125
0.6852506046999604
1.2141185845066336
1.0418891357217182
0.40594150649426597
1.1492575561584708
0.20942479890902665
1.183641651160358
0.886570936243082
0.8233301405858846
1.090669663737529
0.37166314252618776
1.0638830491553415
0.5014655868472319
0.26447081653383925
1.1408430031032226
0.15262433505900957
0.8522830439308708
0.287032649676385
0.4942736542530766
0.8642840904386119
1.4271318933202524
-2.877386172054647
0.7335692908766175
0.10544189930145954
0.1866668001423096
0.4448743118858977
0.3787444678503357
0.32780691685458824
0.6811470325399536
1.422888065499399
0.30591595869616345
0.3490255293525756
0.9851072829752943
0.5154966559178389
0.6931360457741126
0.7321275624093451
0.8899748593548092
0.3663722402967237
0.8619020221394952
0.6091339232565597
0.223008525001788
0.6616105352200699
0.296112355559035
-2.0236581246007366
0.47231929554367114
0.7978578039132044
1.169279548782461
2.0654697103283204
0.09711462335175365
0.5204933662351813
0.3686608755560596
0.9807328231737604
0.6290494390276119
0.11380820673742549
0.35434017685652464
0.703176095151566
0.5495752732648818
0.3185147991131811
0.11379795649294555
0.8716949157704008
0.3049010755286551
0.4666811196150204
0.9217447428659051
0.8461089266296136
1.3344006432672857
0.6094546679894429
-5.271994797299514
0.3108922077375629
1.0937702805666945
0.13330652003753812
0.050195268629601095
0.20467994445677762
0.7075653054143524
0.4553961248478181
1.279590142341708
0.3752264280486524
0.3487255376056996
0.32878515987741364
0.35193496279103115
0.6969545659894432
1.5346931923551412
0.3366538807768272
0.5549861594242202
1.8700238581656943
0.2539524380750904
1.6248302762979396
0.447584774746584
0.5535749044439116
-3.2478086477432258
0.13630918852951315
0.7511424114572719
1.0659925556984207
-0.1539396297106937
0.5282838666602543
0.3763002615817435
0.4053895601634105
0.6310952343316653
0.5904329280770064
0.1375391126108577
0.15739144702902172
0.09893511033304517
0.9611718002824855
0.5441742135012391
0.7498667292430395
0.21827699605471082
0.12679970386946704
1.0111320377220196
0.4888167788605275
0.225005651657352
0.4851525351630122
0.7993840654694565
-2.516683453528055
1.2067705414888807
0.9333403710816958
0.3042049552055894
0.33954402390599286
0.9274106114144454
0.5203671051955264
0.29672376842222237
0.42737000781370843
0.3584879595844915
1.1391782234818617
0.19593028555491912
0.3241564913124478
0.12868053175618197
0.1329280787198239
0.21949326462267463
0.5685865729845947
0.4843369247612097
0.742610013799585
0.2494681823995867
1.2202966366768488
0.7968546232000251
-1.4570809411989316
-0.08683389165602387
0.1798335252421785
1.550508808666458
2.2431025948413854
0.658034998286262
0.7995364160274028
0.19209367041482608
0.9110159492536593
0.43705136568522474
0.9556088228106029
0.24737981647929191
0.8032929268085467
0.6148165316849085
0.3183530931278931
0.3084647571180109
0.9674258867273562
0.48365173394926997
1.30782816265261
1.092445655572654
0.5206363135287881
1.1113176576291008
0.9078279588068788
-1.6986906994718
0.648538275887619
0.3699594464452421
0.5458511080774424
0.6010058043534713
1.109878102286311
1.117875912087176
1.9077608094964333
1.0501122473802298
1.5489407060178781
1.1677523832147267
0.44232256912110385
0.24445838032726983
0.944778069948137
0.23580009574645444
0.7469057686581586
1.7969095761580618
4.270893635620387
0.02382189877001456
1.6816589269508695
0.43561977732605733
0.50667885304577
-9.632014659673995
-0.13787881542046523
0.29663728750794854
1.9804695975309716
3.738211348538732
0.46660542738730637
1.0335053985438507
0.7294169854735044
0.514738797022793
0.7051575285833618
0.5913465311605576
0.3824585193745218
0.5199448226850483
1.068056283097117
-0.036795508367606734
0.6351432729334212
0.6235547084989541
0.03631497602844659
0.6341629055377476
0.2756639801284727
1.4008314702504001
2.0231453591682063
0.5049224220558266
-2.8436930055880048
0.33627173488324796
0.18317835068168228
0.3213977860226844
-0.08215120873097952
0.22649122650877004
0.7587398645223027
0.7522729980383102
0.5535068083299411
0.928632371427133
0.3601655270835783
0.5120013632922096
-0.1049857983400146
0.406251690809212
1.4700465564829497
0.21343920360664417
0.31738360907061425
1.9637335850195101
-0.10809307113225444
1.0944838463740192
0.13794619804839287
0.3223583059637289
-5.367272667082627
0.24773893974136302
0.8055726858545147
1.2440023869320294
2.931671159725899
0.6518918348072967
0.9627591434790587
0.20239480093156192
1.1551345376315874
0.3853785152822097
0.12868528493722434
0.7624718561443881
0.10018147048757023
0.5262987555015763
-0.10979814827568303
0.07349303457556011
0.3995452006846052
0.2579416937734159
0.8696736418779012
0.5566576594070517
0.6986373903068591
1.4106033575943115
1.0464513724981466
-4.9968801887927885
0.33363052643392904
1.0090563410279185
0.6486753609962882
-0.03734966148363864
0.16269946478621183
0.6062484110710155
2.3758885246785195
0.6281429254608831
1.208747453935607
0.5317302492813254
0.959892313855323
0.38025032669848263
0.8487993955816188
0.9425958000359957
0.9398028956615759
1.4389327448613576
1.1760825351622743
0.6549817831141331
0.5000671842198369
0.5155647311210486
0.294820150988451
-3.950135327753651
-0.14657679106218344
0.20316635992049462
0.914316858279871
4.274509869734404
0.5869589365225222
0.48315099785823523
0.4737138508897472
0.7006313419063199
0.637402221061549
0.1892447791618826
0.12557350035947445
0.06422995944198023
0.07381971650921428
-0.06707235685775524
-0.0034745549951624728
0.3178451035371644
-0.08134685728305707
0.6321549775620656
0.9611760608678014
0.8378836373355959
3.1978575876501263
2.297249978012649
-1.7170647797255871
0.6355152702715509
-0.05204319979913635
-0.04468887917804436
-0.11807781869977754
0.5504599103385228
1.0386783539842597
1.7873645381228522
0.574384672353099
0.3565875929257979
0.2720142854216728
1.1017194552715073
-0.029905499616159438
0.3815642430896625
1.4642145067777936
0.3506316362239755
1.128156326258563
2.5752310658832727
0.10630578718474915
1.453483889843751
0.3329019938917954
-0.19250630064088034
-5.917209493217748
-0.15515888197295896
0.46021083220130155
0.7640754942565573
3.698080499534479
0.331203008343815
0.5359598903448847
0.546285467228514
1.1122416870213494
0.057682586029974614
0.48817773928865477
0.31246501965085827
0.11757042903584539
0.22909959242053224
-0.1814009181577118
0.2674747027908267
0.46864239308714895
0.16914514049206833
0.39980110183859036
0.618038979799402
0.9408965789541023
1.4748313508370976
3.8796099567410436
-1.7766730243703819
0.165902125317543
0.4872985204951849
0.3900204096854091
-0.0701501547802283
0.031203680134859024
0.5622287642356769
1.4698695151093475
0.5129179367445316
0.9931243806126278
0.01581822721975439
1.191812014230441
0.009339529182804104
0.3177341555217579
0.6393756626949965
0.3863466178921805
0.9685168012301627
3.9980298802234544
0.11442192940214607
0.6677987035600156
0.2957792817977473
-0.4305852905421299
-5.231387867443445
-0.710115009763865
-0.5065592947567971
0.06423766214310242
1.178982652975737
-0.5790689380614391
-0.36250766172340043
-0.5582482495166032
0.016521551909201626
-0.5410635715098165
-0.5860041874411548
-0.3594817243883682
-0.6948605808224171
-0.5030124200849604
-0.6525510743860807
-0.5831291852147792
-0.5195662039585138
-0.6532126373012137
-0.24316597976892831
-0.4377877939122778
-0.2842455934833141
1.002552298287611
0.8279444200488691
3.502017168223064
-0.5082388128206697
-0.5184212256922158
-0.5783668965297284
-0.6841534109059992
-0.5657962334849713
-0.11086243865125131
-0.06275857685996862
0.07060742697906863
-0.4282977434282122
-0.5343905931184787
-0.346464062325286
-0.7858345161291613
-0.54973015372084
-0.11522723031355764
-0.6300371638890574
-0.28384515825752965
1.2959817410819634
-0.810831462844642
-0.11512341416860167
-0.44743198982277793
-0.6757063785598078
15.0
0.7598535806475208
1.0886909910074831
1.241073891855969
-0.5909197919941066
0.9226476219311524
0.3729763181375525
0.883909099696773
0.4811772395770668
1.0160987422310181
1.2374240271132804
1.0284996082136084
0.1817809065345508
0.16344436575816837
0.38855823299452474
1.0067620746009172
0.33531862791718
0.9417461738401295
0.738525914370105
0.5461286060752679
0.17975561515588592
0.035243701200005445
0.5201438262625281
-4.269743728441744
0.6474442998843146
0.743380903680878
0.34329182626632926
0.3053749629184487
1.0754149311754448
0.359907032466353
1.0524450054566783
0.7425022897474713
0.2302914512331306
0.3148823204751281
1.4178972939463899
0.17480028634585126
0.5665407566925814
0.2809515441118426
1.1853751132804782
0.13501603105066742
0.2869208645527366
0.9275252717780033
0.6704985079705948
0.47600359566123024
0.8042821542719428
-2.0295089302269442
0.5865990632648111
1.0474161589298114
0.9623373529427498
0.8904899084107215
0.8632830167458028
0.3830752583782847
0.28406610783764535
0.26475635956307314
0.11093496264810201
0.8747733470138602
0.828404716715661
0.49604577223661733
0.2749377321367103
0.6082724919577934
0.9877719769971032
0.4462952328357828
0.6531812175645106
0.7753604151990972
0.6516639561619872
0.20350338309897095
0.9314437199476886
0.18229604720312825
-3.0383526668655803
0.9616450385020767
0.7324697649537324
0.5355975076305528
0.04863141890673917
0.9156355498348382
1.3229734605109984
1.5124777181863656
1.3448354654383132
0.7913512326035909
0.8202352017616809
1.265350201063649
0.7325259955469948
0.9218072398671711
0.3902049018239669
0.36681331841928766
0.4033371438474462
0.46949092759353983
0.3385264427062445
1.258644055414779
0.9533839634818395
-0.0656672207938961
-1.6041580998895557
0.31559277957317455
0.81278698447987
0.7218688491549095
-0.3598523170326494
0.3067064455028762
1.1748209768595095
0.7676069677285781
0.7660065963196505
0.8580614686595006
0.7504247509241732
0.458066290632301
0.521119379078505
1.1525791094906686
0.6232773311935637
0.08923275871471245
0.6604778996385016
0.35458752833150187
0.27287369190648886
0.8341172752637944
1.1059709618547273
0.02796433541960191
0.517944623943343
-2.5691197621795263
0.2827846745346807
0.8647052095721625
0.6682351319254677
0.8193234136244973
0.4023780908600535
0.29082257910189047
1.2933316497265916
1.4305440410613144
0.7983663680279693
0.9977333206688522
0.16303109405340485
0.41009288275699046
0.14038950199679215
1.2378075499931538
0.34321223824824776
0.23000525770927766
1.0716948449671968
0.02285583955847823
0.6735517090708465
1.0159517527426731
0.2103349872988589
-1.802470423990756
1.3459711738973987
0.528323146977848
-0.15924906332734784
-3.098040322678394
0.819422377286218
2.7225789666040687
0.3501766340200528
-0.4394624557638094
0.529512532257577
0.919342944286912
1.128688723815874
3.964927743446328
0.37887875236081114
1.8166920961497088
0.6236315585477488
-0.2716827444282818
2.96898581378919
-0.3541309330976601
-1.0732284645563788
-0.6555156458386789
-2.5829448180769674
-1.7576593787195447
-1.5563376111302405
1.2705230115325175
0.4197826161219869
1.2171232222050812
2.7074559096508795
0.7802222645153247
-0.4328768430489449
-1.4706353128821312
-0.3575409944958781
-0.8996963205492088
1.4388295798406985
0.08236694584211737
1.4475880673485113
0.8145904402829424
0.12464477190826825
2.3260004730991333
-0.4583671497610249
-1.2806063505537635
3.4759332312661972
-1.2839814548965478
1.3919206968430504
6.087931906007999
-3.4707535335011004
0.15969131848050816
0.9933544991659808
0.34771926952906107
-1.1135428929973723
1.214088648993124
0.8120944593043035
0.27933780783510587
0.7773508085002095
0.1968569183001048
0.30915013591882623
0.9235934121782511
0.5466564230739661
0.7256440239327683
1.457879391587034
0.6802118187325936
0.6525894954830099
1.380049530489346
0.23681412166417376
0.7622735715796178
0.312564651983869
-0.024832429521107223
0.2456674943040037
-3.370014607204044
0.9480364915957548
0.740034256393349
0.4918855925031589
0.7527853244113364
0.5674341821272253
1.2266175122013534
0.46032397886891446
0.1837309051051005
0.8225487701881129
0.5365819847341009
0.9881667724698892
0.8938031516870198
0.49799787175337784
0.27636252921115706
0.2521931616179306
1.1533640194371215
0.5782056607763885
0.8405170837210666
0.6575019136353074
0.48215151733949746
0.3917760580075058
-1.8617493280407211
0.200784485782661
0.9883283871599906
1.6568444660268118
1.8198805550292032
0.28017209117155806
0.9758628581889739
0.427696846905422
0.429438255109065
0.36537929791083806
0.5439563524310753
0.4354824600406282
0.4812865044025524
0.6787154505904546
0.17416619035027867
0.9396407592931891
1.0491530252790942
0.12626097317992308
1.4097414799606445
1.0307325640139071
0.7765938409712041
0.7049325125097264
1.5634073803452948
-1.413080517149854
0.49326409742895827
0.6917054094292789
0.20324276152132853
0.48374341163004614
0.04564000367937267
0.3267287745245285
1.1804424395078337
1.1030302848497304
0.5399807167912344
0.6293920875860194
0.4723756376062485
-0.036597995445966765
0.06469475731134507
1.1102486622131553
0.4946698817906287
1.1636234488346722
5.169615390018208
0.44697107695977933
0.9463658605910011
0.3310269232913553
0.24191672768819814
-9.502045931197607
-0.10142913481776511
0.23883330150263418
1.3042213264071059
6.433115124810501
0.600996158214235
0.2546075448356458
0.08933793057463751
0.4430945583347832
0.10277765270888513
0.6052020928829192
0.9694041925087482
-0.014338748025276717
0.17801283097209897
-0.19702542964617922
0.36812310405952264
1.1318589798068344
0.16336373040238078
1.120778006374627
0.8104785098861909
1.6092627681626055
3.4140496859476124
1.3971474926889402
-1.677978955548168
0.11860898679914478
0.12603985234054507
0.3121016134743292
0.00015262669706785081
0.3841682306016279
1.1061275415335712
3.216437282526702
0.6820303332411387
0.6719513035620218
0.5042258271564756
0.18719930514313046
-0.19042993403085923
0.12150548251676617
1.1102848841515311
-0.01915040248121011
1.4358805069796954
3.3458314949742998
-0.1170149077839608
2.161021072704466
0.30815180002153547
-0.36277578331066085
-10.016707806683216
-0.17911497408666108
0.6679004079650618
1.7320610898257125
3.0270522104429154
0.5658854651770747
1.237852436261934
0.87476738591916
0.4485883869081305
0.7991917904798169
0.8948557137202843
0.29697077122358845
0.2852652176038919
0.9947399609032702
0.35762913211619807
0.6830290708119795
1.014592369627202
0.6975208853657716
1.2687172699608822
0.9469854587476261
0.9175367375402679
1.7143937899340447
1.3192542818409982
-3.5797508823730078
0.24798668864123716
0.9704394668879799
0.7117416560226073
-0.1500455040768693
0.6724501865052805
1.5345061256616117
2.3477394095430517
1.0681953294699975
0.5131102219310116
0.22448158744868302
1.1221923534319316
-0.16166171981752542
0.21907195223451917
0.9228722664193993
0.9194531733614921
1.0083375925659979
2.404159776170564
0.518217177622881
1.6340818360778133
0.4420168204386221
-0.15559145000191577
-5.945690216643712
-0.1047908570452522
0.9315195275291325
1.4563699588799643
2.1284101349234588
0.3569242129026791
1.2759486942455296
0.8801063086809457
0.6050992234519426
1.1279628874470493
0.7066381743479373
0.24096428714339682
0.03380025201790923
1.1317408620509257
0.4056246729759758
0.945372635824856
0.7245557691041603
0.6890141595628322
0.33308505026669044
0.6651144919409164
1.531607421452078
2.0941242494251373
1.1834705043412377
-4.703105941472426
0.2241334009151192
0.8701330015564867
0.7214097155779713
0.5544610629763416
0.7085224589442639
0.7777069158170846
0.6405578799249256
1.7917875542049413
0.3453011553347662
0.1067482131230398
0.8634931457380892
0.5306823045177991
0.753336317964455
1.1314970954785069
0.3666220292884192
0.5383543648572069
3.7125606383315426
0.2348350230981522
0.751874821972745
1.1127138222995867
0.11573480929458037
-4.804801005634292
0.18499237359432483
0.26710700848256735
0.5548624400303607
0.15224272312604736
1.4122227642542422
0.9775271658259254
0.8511467581261559
0.5571214050441418
0.6675819136171293
0.8581230393601754
0.7715513429943007
0.2689114368779759
0.7469736745105685
0.10834708868618666
0.5961605348804787
0.6245740632148599
1.2980971195381836
1.2689800697641205
0.3988959814858251
0.544247406805649
1.0766020128537785
1.0912070331459827
-0.9272497750362853
0.7206622899552244
1.0329409300888712
1.2962500185261532
0.10440811753361331
0.6873947520358694
0.7266050752803528
0.5355643835226163
0.5578503567861038
1.3464985117291997
1.2341261545079056
1.4620813174414586
0.7138742820966004
0.43676524933515265
1.097760864905513
0.35359396248419755
0.5256815681167268
0.9458943987375749
0.6481301163799437
0.4689168471869314
0.8616899166040948
0.5198940129829253
-7.311737095343423
0.4533523776933661
0.7830908821135641
0.9461323711754004
1.6354939251591702
0.38726173862207397
0.5309777913796951
0.7834013129269378
1.135778768136859
0.6979405712648015
0.7083278871091988
1.0189867029694821
0.07760401348954657
1.0417059505620083
0.11038694695949132
0.7181964781035126
0.4307270110006634
0.02792368162034871
0.704161209345313
1.1800243314643482
1.1762381086142761
1.5621559972704782
1.1136517674669602
-2.607516895713945
0.6299086108479637
0.15965872342751453
0.2616348029445048
0.257285589799116
0.8574310705360138
0.46336516304714137
1.952668703438552
0.8430086521743406
0.2203516475564213
0.15339044566509374
0.22492972789731294
-0.11592925563395697
0.9393216208833102
1.0306298638543518
0.3162021220639116
1.2688882929577958
1.6204249685122425
0.46522939246137873
0.7285321202139953
0.7568531668280779
0.16666045668708435
-2.014482201903228
3.6943932130601027
0.5224908641258679
-0.2542050762516015
-2.508360659939263
0.7703756424656768
1.1284133511190515
0.8966149003088248
-0.3804758037330927
0.27165075196921323
0.7936541996278262
0.4146270936478302
1.3505643097059832
0.43690913696308675
2.2126339266066255
0.4661506659145108
-0.39537360905207014
2.773496112967411
-0.40893536258510677
-0.9918496066240796
-0.7262057357887121
-2.624490308190036
-1.8744228597188386
-1.5667283037205082
1.568167096333289
0.4111062886852456
0.6563188842752363
3.6706840984162783
0.8305114298221484
-0.4512709944745261
-1.3993911042629494
-0.5462067302103605
-0.8150185667021
3.7069561669580136
0.4277169977534097
2.315045229726808
0.21243693989161233
0.3817641347965502
2.260011329143234
-0.6334767988662476
-1.640750774871489
3.069079150649274
-1.233806891257034
1.6855855903873973
3.8160094907826148
-3.4289394437646803
0.07189813400227527
0.26642538875855537
1.2085563909805435
0.42896689939533017
0.9002943135923985
1.2201126880867563
0.6966571340712391
0.582839589817705
0.628949521750132
0.2380717585581756
1.5193728545773368
0.056878817120430386
1.2268409591413802
0.8046398404816549
0.5145222421605223
1.2616748822583612
0.42174091990641166
1.605617300754118
0.9718242834356644
0.38702828169700065
0.5536736385723928
0.3482167627783749
-4.690033009736836
0.2873707112526925
0.7245919302338563
0.5275768175467697
0.14639642150317694
0.4871137081907088
0.44553281257818983
1.6564584653983918
0.7896220488736941
0.09255607713577832
0.48766803056864144
0.47979936580666566
0.11948215004707366
0.8074449251220934
1.3642149764972338
0.17594451179520196
0.6259399773785548
1.091640007465273
0.8454732387689159
0.7602681321711628
0.887218049417411
0.4259504074283339
-3.599702701552253
0.02581385617894945
1.0593111061619247
0.6963984167420199
1.3748068308210433
0.8214065883894915
1.155016962052147
0.7862630134725569
0.37001703819833326
0.49526579581836366
0.473427396434484
0.9043024448593993
0.4626030757017829
0.41905413528209307
0.32905479528462356
0.9458272511227421
1.224371417587366
0.7252883243526294
1.7801272324315933
0.2538681554067102
0.34419744880921477
1.540884595394953
1.0448010649281259
-2.4169766938357973
0.3576039985956803
0.9603414468757748
0.8523193066225988
0.6361638574022472
0.5573108776080721
1.6922686169718877
1.3501014446841693
0.9284675086801508
0.2605311215292649
0.24063242354106368
1.0904112781480368
0.6543238895781195
0.9724269216577628
0.7984159955048103
0.16723803391209202
1.261385604892762
2.521841397357971
0.5127718724664004
1.4851498888175505
0.5519040672756758
0.4215983271443602
-8.442576071795154
0.2974040000742314
1.026035211772641
1.209551176622709
0.11705914615025304
1.182597415961167
1.392348303203781
0.2519993444958523
0.22448322539822063
0.5494435718758428
0.9890859902108513
0.8728033671605753
0.2548113499668027
0.8268158147411352
0.13736320019785464
1.1625376875968751
0.8093068631687719
0.7581600414793935
1.0251436050354612
1.014579610008559
0.8519482898966321
0.2540374938445509
0.4531292138976957
-3.156945273124402
0.4582412760762223
0.1155384345662559
0.8803263110713219
0.24795596826778502
0.13883810015894496
0.35915241366365946
0.40632373054358
1.0553863881508339
0.7493957472243952
0.21536020029458203
0.37532718863349634
0.8979718750464304
0.08449587633307723
0.3982698774233964
1.0598933390472218
0.42818865841940096
0.875920560775283
0.057721822998771495
0.21683418835827686
0.993984876993379
0.6890272979446207
-1.5336814020981817
-0.086657728891294
0.15159125712722932
1.1966963961504504
3.4757777405666226
-0.041075883989970786
0.6992766771472917
0.6551547066201552
0.34906040065223265
0.9391784414576895
0.6098555490940224
0.5776782115351671
-0.022714198713844995
0.23534492383665204
-0.23747671083119884
0.2537304154614544
0.7020893244492408
-0.006145158187857599
1.5984547109372313
0.7600759205717881
0.4353594096039938
3.090981293046282
0.7246106740864663
-1.6703357739845142
0.6256549723667406
0.030117464649769433
0.2766340938977082
0.008881424290939681
0.5134506142073575
1.0064867280649852
2.6714785877803577
1.644491168742877
0.12652314273798004
0.5758392006020787
0.20211987265725015
-0.19063808002111152
0.4746676701144781
0.7149431170765916
0.3653977025516129
1.3626272794354537
3.505930048213684
0.27144198542946163
0.9511194660805564
0.7327999804431478
0.06997822125035737
-5.84784682598671
-0.6482023569006102
0.09268677170888191
0.32771108394763476
10.62519140408057
-0.21105730751061796
-0.035796467293820494
-0.25200676608742034
0.09994372106339922
0.3144467879050993
-0.2863605886685368
0.2758543301753754
-0.4647057766545201
0.3103134431373955
-0.6591083284310455
0.022253387159211657
0.0066361686044790116
-0.4353838368115088
0.22661274191055117
0.05467078157499562
0.2579969801458023
1.837466824790948
0.8258954170395973
0.5828425999577718
-0.35483282546195977
-0.08805277973033392
-0.20494914080647283
-0.5525992330737824
-0.08902908001502716
0.1345790004122227
1.0351219488635712
0.362288938763113
0.276205788910592
-0.19074865409362635
0.42384907891534884
-0.611606088129304
-0.03242008094742271
0.4815676211129427
-0.09283845072195601
0.21839299705211368
2.4101247671301413
-0.4858662346010985
0.504128981619285
-0.24602337180985684
-0.6137304520203746
2.2752570804495234
1.428019065358307
1.3734749679921818
0.17937813533098101
0.3038392967186877
0.8086588757617406
0.46280116657562803
0.6136370776095258
0.1718046139719647
1.2498345805255413
0.37646837989261606
0.623310725467376
0.7581891462852047
1.2730570740531497
1.1778355564021512
1.2890678847204935
1.2102521684243206
0.41386701846109375
0.2595406147270178
0.17572161279217682
0.761502743921559
-0.10060076595381044
0.005773823905205011
-1.477754458373929
1.1271912714002255
0.5664898462466382
1.2173343165838866
0.4326547409743697
0.9577557841383838
0.37177097280517035
0.04215172836469562
0.06311842821659085
0.6746152002957085
0.7743769055483339
1.186639744292447
0.48074636677453453
1.173522495373941
0.33003447080936793
1.0082707793518595
0.7674310467129278
0.5440164678008834
0.620939167739675
0.17324477051013965
0.4997837360991421
0.9172452458040566
-4.2261603364492215
-0.032472293604714764
0.3613946066285635
1.2535140508513845
2.3187769960357087
0.9063650425791333
0.30860854459576087
0.6340438300827496
1.0225143558450813
1.1906790617829974
0.7728554816587772
0.46825372668066545
0.5254295187748277
1.1289396501276903
0.3397297394483275
0.6940845254967365
0.7060189628591308
0.6456998950279602
1.6636234853803173
0.4136502896622641
0.6434911177070411
1.2079037520852085
0.6914057995086684
-6.034042563224156
0.7327434103880389
0.24676845423023022
0.7876689597441995
0.5580012113663984
0.3276511703596905
1.5846779672272164
1.4594715330131578
2.235216106017011
0.2038484875981935
0.41794203309000244
0.5989285449083743
0.2778291710620405
0.6575913326367028
0.7560059927709104
1.022510114377701
1.5422867990792228
2.9460557335616437
0.6119853628414662
1.7353666388139497
0.7680936186129262
0.16873512791855821
-6.36206368900451
0.8403224378933419
0.6571463315516751
0.46793103570026384
-0.4495984151457185
0.9419300204867289
0.5068280055663932
1.0663011863969545
0.17207928505796988
1.5355360246835452
0.28300291068108663
1.3470390889283161
1.3906611609632913
0.7780146550283273
1.2011734632728488
0.7324112758970656
1.2073554072320778
0.9948413334878762
0.4915421873202146
0.5706659186156897
0.5874183574355557
0.14584298323733702
0.5585203335229063
-1.9657354195302343
0.31528912300075757
0.42893499617409514
0.5108651481339972
1.1130921484685696
0.7138930281747887
0.5546322534692069
0.15241648247012238
0.7817699852116422
0.4696301120682029
0.6122514269150694
0.2880618935324219
0.2667153075868064
0.7249907360576312
0.29807070393314994
1.3820137152542085
0.8124888938345015
0.2507819263815777
1.424786588215149
0.666762070088962
1.0970355989703482
1.1178834814364043
-6.952226103653038
3.800521612916851
0.5783452027073085
-2.1932674454773435
-7.709978226542535
1.9798862394574452
5.369305575085765
0.08139137536882513
-1.8309277013626375
0.08478711504496021
1.4673187085237207
1.074855877878796
3.7238269640229653
-0.4373624801337792
10.229179224246272
0.8439845493602792
-2.0948533080306384
1.9886398122103845
-1.3175692315924086
-1.982500482287908
-2.7499319368604898
-6.067621260570296
-4.118668141894025
-7.694047558578014
3.4390560928142695
0.19564182123605955
4.650570204169284
3.4928981064930893
3.202118224223721
-1.2254105471068932
-3.2080860553028665
-2.2461391914646756
-2.152568730183805
3.2589557181954247
-0.25441121341466033
4.679364341060435
0.4386000466670197
0.377362245593748
2.2031818036652426
-1.4954084984884017
-3.7573747915373112
4.833471553523351
-4.1362470247593155
4.297712926726365
5.0846796680373
-6.414359889979968
