Architecture: k-jumps
Number of States: 36
Parameters:
0.24491315462024746
-13.286413446516452
6.363012428351837
-8.646288054099804
6.455959063834914
-9.044503634029832
0.22960752530577494
-12.434661211427102
6.974147789322062
-9.57501605495634
0.22359278379204497
-10.343788350306735
0.20945159708491523
-3.235978268379773
8.661319719778033
-7.430440932404359
-6.722353373237013
6.636466840034973
-4.7218225416202255
-6.001193019783394
3.9111371364101193
-4.685380490612516
-8.025304359951956
1.1794659895635873
-1.3387780087614025
-11.953585852436936
10.205054096654372
-8.337195869501874
-8.633717322042672
0.2200352026059965
-1.1869398421049542
-10.548170136380223
0.2604740510261382
-1.4917007692456212
-10.41707557278431
5.596759847573403
-4.462346460978103
-8.612639343206359
-0.31458063119690155
-0.15621199494043875
-9.759936185610634
7.877933615805719
-4.172820879671846
-9.252885096377334
8.15501466263558
-4.792840018328911
-6.3033937256828
2.9268998736449916
1.152186316005693
-7.36117746155311
1.170192648085904
3.753941531975604
-4.317313094334051
-0.27166162353914014
3.671456280882932
-2.245542916540697
0.19952937612292543
1.855438622548173
-0.9721802008617869
-0.010963790324612383
1.5626873905602914
-0.17254428234422703
0.8856354041756939
0.598620596185459
0.454714085482034
0.32013281789159376
0.8532258434181452
0.4110338076586427
0.2307154152254073
0.8794688807894304
0.04692003731579506
0.8857126281067089
0.6131205505489874
0.030408439579994936
0.5865677628455012
0.042647061421574706
0.2792081432484728
0.375537371043152
0.46681805583227337
0.972294302284023
0.060406347417141834
0.514025370654268
0.2844186352344733
0.28107073023909857
0.11233768222561626
0.42267412565245577
0.1757137901892195
0.723095644332107
0.19111345042556982
0.46771002627340563
0.7210931058543745
0.2882339283530917
0.1251411876175138
0.3273975595552867
0.22038032286667153
0.896485068961047
0.819674526571189
0.35676264450577844
