Architecture: combined
Number of States: 20
Parameters:
14.98347529884709
-15.0
15.0
-15.0
13.364247186287088
-15.0
8.986359053446648
-12.352932012461922
3.8708228969833445
-7.11287441260581
-6.892206507824929
-15.0
2.805420617437747
-10.962377266569561
9.726951682472192
-15.0
7.669092516363149
-13.461316448350889
4.7157237111721075
-13.403614909845757
-3.9665309941419946
-12.830428692382483
-6.550454084837044
-11.002784665817815
8.057529485973884
-10.990544587044827
1.521831151126307
-9.6458351795949
5.135091378316541
-8.877022361869589
4.672796291706456
-10.136262542948876
3.409124258417259
-11.104973972184737
-5.38614710245206
-11.56058614363225
3.1653632107174507
-15.0
