Architecture: chain
Number of States: 28
Parameters:
-2.5908495892594323
-2.5908495892594323
-2.5908495892594323
-2.5908495892594323
-2.5908495892594323
-2.5908495892594323
-2.5908495892594323
-2.5908495892594323
-2.5908495892594323
-2.5908495892594323
-2.5908495892594323
-2.5908495892594323
-2.5908495892594323
-2.5908495892594323
-2.5908495892594323
-2.5908495892594323
-2.5908495892594323
-2.5908495892594323
-2.5908495892594323
-2.5908495892594323
-2.5908495892594323
-2.5908495892594323
-2.5908495892594323
-2.5908495892594323
-2.5908495892594323
-2.5908495892594323
-2.5908495892594323
