Architecture: chain
Number of States: 30
Parameters:
0.4390465517490031
0.9236898995203909
0.5357811923793248
0.24866503172367949
0.2247346650480293
0.6144807158511737
0.8426035500037893
0.09773758563601331
0.9462117013126656
0.5584922426868587
0.5530501125694371
0.2594533458430551
0.5323199675122606
0.7163231929709369
0.4372702806662663
0.19101954549889133
0.22689939813629056
0.05173198635920995
0.5885710264962883
0.9966692137131364
0.23079334829229547
0.9400848660995417
0.28739879550826175
0.699661491620655
0.688738678244192
0.4553353866086163
0.9896281023759673
0.04641350934216881
0.2966184533688805
