Architecture: k-jumps
Number of States: 28
Parameters:
6.963461882178571
-8.09575925418488
6.6605384304978585
-7.945567742758038
3.652954137880673
-7.326269470588284
4.504611815902451
-7.908871661480028
-2.0038910412054514
6.044585220256588
-5.7332454374522115
-0.7302731418795873
7.966643072056471
-4.059063553697759
-2.5675376914897936
4.17937722394402
-1.2788296095994973
-3.448529691512468
1.7379450465360775
-4.350583237753407
-3.326413573184291
0.9476084271144339
-3.6696692934196284
-5.449171297045434
0.39830705469670996
-4.1274236945623715
-13.099836070554566
0.33722272917676704
-2.800662005682782
-13.147357547776299
0.20543323994214696
-8.047250254807397
-11.539105672944618
-0.03839549247743544
-1.536772630847887
-8.982564531523805
-0.04905665431959089
-1.2987829687332826
-9.748293216505257
0.28929472455832994
-7.612299813878725
-10.300302865071597
-0.4792500563593896
-0.34442991967982295
-13.384825351633532
3.274545336394679
-11.229823763132726
-10.232531629326658
4.504702835372668
-7.943282345108554
-9.799901775014272
-0.515642823047283
8.279577359411498
-5.680883549665179
-1.2619558258202226
4.80131444640807
-1.180811440500724
-0.19463630899917936
0.8032635660497615
0.9629619250598351
0.576399085707344
0.5558128315214148
0.6236830125209575
0.08567372720522298
0.8362664900725787
0.8538285856846013
0.043004079780597095
0.3988703769879417
0.42424849993173663
0.4049939389669819
0.7244203128113627
0.9495341809559457
0.36518436897224216
0.28162710518694556
0.6852356396144721
0.778841272964425
0.5578330036486061
0.28736442283825014
