Architecture: cyclic
Number of States: 28
Parameters:
1.3872676081804318
0.8436296832639864
0.8298103670022574
0.8315022397779921
0.8453798299975553
0.8310389397598381
0.8455944975941933
0.8458118656075791
0.8458826773521356
0.8606456779562869
0.8355951088383952
0.8458306676290895
0.8333181183343347
0.8486985815695084
0.8297091890405565
0.8440457389300228
0.8298535263624895
0.7954512967795189
0.8569016159710573
0.845237379632923
0.8297534091061648
0.833686148877489
0.8486617131044666
0.8571078277162574
0.8324572758833478
0.829722513931179
0.8578029432031733
