Architecture: full
Number of States: 10
Parameters:
14.220946913047868
-2.921535168418253
-7.683550035701357
-3.823155286396194
-1.6075795046665944
0.1510845482375749
-15.0
9.646616351420874
-15.0
14.999996685970778
3.1787712442709957
-1.453397222912773
-1.9322806403318336
13.838959260630178
0.27165533686514576
-8.389938066293782
2.5376081016771264
-15.0
-3.2668956033782934
15.0
13.849344448495144
-0.5426061398445625
-0.04022683847951659
1.3632889504885957
-2.6172958208503925
1.088623477687778
-11.242208635562429
-4.539004731441276
5.176204031671561
7.106993892677909
2.8662744283052706
0.16706965149349384
14.795176001308551
0.26711830876470677
2.6319657936691723
-12.530045270167355
-3.086043556615558
2.147996165923148
3.9247458340964245
1.4984120096788867
0.620677562865005
2.869049506151635
14.901256499193016
1.0251503149171268
-15.0
-2.124011563837019
3.0951278450657935
0.9687718621258071
-1.2037619894395142
11.64651988699725
0.08503556810062823
-3.057419508962585
10.487333893514572
-11.929342926229827
-2.7181617991460922
1.1294944942438094
2.8628616886188545
0.9327885282634297
-0.40376165115431445
3.6550011877972866
9.410290549756567
0.1865281275069199
-4.557146920045522
-9.086597848088326
-4.007574979397456
-8.441910941908105
-1.3537660681568595
-5.4230510608263325
-2.824615644830527
14.976404246266537
-4.725669384197848
13.819972335754773
0.4468269477347914
15.0
5.140103615229134
-9.319285630934157
4.632972704551081
1.3672113603779885
-9.547379715403594
4.445362701261555
-15.0
