Architecture: k-jumps
Number of States: 28
Parameters:
14.788829673702654
-15.0
12.548220094983405
-14.574831369548457
11.448988041534639
-14.108317360742502
11.975569528332453
-12.746170653896181
12.588697379851395
-11.860090616610632
6.551860803821617
-15.0
6.7512043433070685
11.214626634276888
-13.343639517154758
-1.6518612825506964
14.293432184274932
-13.618706899796264
-6.293750190263287
0.05701802208031715
-3.382950079179228
-10.272772911455833
0.11742682081951115
-2.6008097830508676
-10.11514156941573
-0.07317456683262138
-1.9000981973299031
-12.511426785590672
-0.7397894430306455
-0.4155424615439859
-7.474544700093214
-1.9875530434635567
-5.125747084306302
-2.1991068290546982
-7.6801351763093955
2.974303703246019
8.596348919892067
-1.3450338303329359
-2.127564011135335
4.844899846232025
-2.431118776533805
0.05902320085299379
4.558798680845698
-0.6236359745452239
-2.2855941510930333
3.6340532236835634
0.8981385971924841
-1.1635885452167214
0.7825891045201612
0.9815463335258551
-0.4332225943340293
0.30883010072901423
1.0307958394966428
-0.10384756352070808
0.3969263077632537
0.32557928988108964
0.37933352608391097
0.17939568179023097
0.20976969900527156
0.8916904481970311
0.08597166045664659
0.251430079796157
0.1559790380533911
0.277909187635306
0.3559853929239645
0.6151185358164876
0.06755935423146572
0.9185146125625328
0.7081681842562916
0.682902848820881
0.61565153475958
0.8796343929981019
0.35040372551994303
0.5102704709311277
0.7132537017614528
0.16139550952016932
