Architecture: combined
Number of States: 30
Parameters:
14.999894448151629
-15.0
14.999920774377163
-14.980935366375384
14.999894448151629
-15.0
11.546098156266106
-14.399653249038646
12.064374362077583
-13.932865088140167
2.560585998244522
-2.303995709329521
8.78716723550276
-14.401628040471435
2.665055120685617
-11.369490929442104
9.115116156071007
-14.978097947584349
2.446761666766486
-14.089742775241133
-13.71875850894857
-13.392109814986119
4.701611284128747
-10.650791040801824
5.806106964132282
-12.306574787061052
-15.0
-15.0
-15.0
-15.0
-0.032386543305072554
-10.879472063888068
4.123005499456093
-9.446359197280456
-0.1762974210168302
-10.587781524921029
6.123502094285513
-9.639648941454546
3.9121316596941065
-8.320963900792052
2.2953575366946417
-5.388207901275801
3.6698134755417873
-3.958624410655687
0.9578830894895285
-3.446116752079392
1.345024897708271
-2.2527540830381305
0.09884337434097157
-1.8641747480372268
1.0170346644382828
-1.001454093106258
0.655505544031081
0.17545339867571402
-2.0418986226878366
2.239091184256543
13.098494338067809
-13.006522576526693
