Architecture: cyclic
Number of States: 38
Parameters:
-7.667229337099924
0.5778878971667664
0.6594647906382599
0.01896431639837881
0.23564858975860647
0.9764442181127897
0.9625607480775772
0.5107580857757832
0.573196383208886
0.7502577927695638
0.6313404988400558
0.7491350576514396
0.8463858632910488
0.3353640361081417
0.5928303497960095
0.7530949084722874
0.20151523496478185
0.057556642594029594
0.6705614593905458
0.7750189849350594
0.2799272677301051
0.440754229837528
0.4544523464396111
0.8615675402790376
0.29845173637012323
0.1442825380063082
0.3199265245986619
0.17434560246869557
0.42515677889255055
0.8031084410831001
0.4273392417183014
0.5019138008177781
0.25882042228225
0.9169354590095047
0.22344290516554122
0.35194972181620965
0.7393708724210812
