Architecture: combined
Number of States: 28
Parameters:
0.7489647518988811
0.7079148878587062
0.3554484163461461
0.3534552278543279
0.1178171780458106
0.9595128359738686
0.12343278734487573
0.03854280875512528
0.6985653975717424
0.060413151396639386
0.4129750520338761
0.9987907750440811
0.4536844869124893
0.76398840503742
0.07030853854158092
0.9359274037218807
0.3161776001452363
0.3319412512904748
0.23412884139223655
0.9061145536628878
0.22607961432169577
0.8187785164328202
0.07391068484693697
0.2617401511738242
0.1863566992061868
0.1865547823392738
0.6318531173560991
0.136973480951459
0.04817577754866542
0.372043967670063
0.7544390841462134
0.010454851933221154
0.31478274565357844
0.3837121062111257
0.9566582271199234
0.7825843842716085
0.7927824236985896
0.7335363148785019
0.9812119675059874
0.9427366275044795
0.4400214212494683
0.16312253380177733
0.30041959318622524
0.8543337416028208
0.5097001512106395
0.38943875472907175
0.7297325968111068
0.7828972710571753
0.22029752960973503
0.2000954274916571
0.11403495788925211
0.628130017732242
0.8713629451453762
0.30273420627273173
