Architecture: escape_chain
Number of States: 36
Parameters:
0.9660217063882602
0.8586468154129935
0.3973108531401557
0.38681595522882806
0.8529503341202623
0.901247826125738
0.4868665027163207
0.46624696887753003
0.49389513748793124
0.1409479307409468
0.6479368522778998
0.09005782262676965
0.5087141428914985
0.2501924741689129
0.4768184129801536
0.7024000994662808
0.29111119215827785
0.9273425144676274
0.38163583201404117
0.631114725780008
0.5986350630152306
0.39650911488880014
0.7738577168947367
0.4444388116267006
0.7097437186736358
0.10887527613699477
0.42424856496165164
0.19880749970683986
0.6984643210310232
0.5182090731030741
0.4383004665042428
0.5345479651605907
0.10633112394719235
0.05296015519810626
0.09606292809953276
