Architecture: combined
Number of States: 30
Parameters:
15.0
-15.0
15.0
-15.0
15.0
-15.0
15.0
-15.0
0.7614495700945887
-15.0
0.8993251640852328
-15.0
0.3160633729109529
0.5287486859904567
0.673137496935391
0.5866398582555872
0.9131230583927296
0.8011025919872781
0.10280378662142142
0.5660694176296339
0.49776294104339036
0.5620269887389886
0.8921014891933275
0.21768147072383692
0.37774848974463926
0.40330676297847445
0.2635792806652737
0.3983338990448244
0.35746299104778756
0.8337329512777988
0.8181050694096624
0.1713465327583622
0.8011980454479906
0.855100885008851
0.01122694852208972
0.7772414657905647
0.8935517230524673
0.8688784006002921
0.9727458475750502
0.2477317171407799
0.5659759944145258
0.6668921088740667
0.19387575690880043
0.8838585478322795
0.5678943598353897
0.3525893249299953
0.48619662342985137
0.715566325807174
0.6268466223870297
0.6231159023447594
0.8695484758349405
0.617923756625742
0.28579044166264933
0.7589128891019784
0.27777262047204765
0.9615053010368172
0.08060459043663282
0.6229320594276674
