Architecture: combined
Number of States: 18
Parameters:
1.3868786179021064
-1.4002046807847928
1.4320190279742984
-1.2725975682025878
1.317859642184322
-0.8853877096308698
1.3877206159566189
-1.5810910308447061
1.3746219754619555
-1.6395940846186339
1.3071779238065613
-0.37356496594760424
1.4456840885046995
-2.457251681258104
1.2574244629619264
0.07786133875243652
1.3708366078130432
-3.1379484783711677
1.2234085483435513
-0.02938848729851989
1.0737574294919006
-0.3864076551816093
1.3410558620903246
-3.58417903554395
1.3274534322979068
-3.809761929878402
-2.6167224382042207
1.1844630698530443
-0.17938211989635197
2.4388313076856165
-0.8722330581553239
2.3629983324699806
1.3282713852809513
0.353241967614332
