Architecture: escape_chain
Number of States: 30
Parameters:
-14.109957019533528
-14.1720315521516
-14.156085788886699
-14.189224412036156
-14.20034670921063
-14.046018588924484
-5.491291903843035
-6.202581145127786
-5.065967234091602
-5.0625189450223935
-4.2004557855369145
-4.342814297898161
-3.9184275070961467
-3.024034306976977
-3.024927924812908
-2.5807298473005087
-2.265141918692404
-2.4329455500095203
-2.0308838189763607
-1.559464355281812
-1.7344844508524488
-1.6840820298274934
-1.2565622124951195
-0.9986046265508176
-0.584440132176467
-0.4332691682101224
-1.2861610345589973
0.3483055577793662
-10.2854773405507
