Architecture: full
Number of States: 34
Parameters:
14.999914443685455
0.9369183474917931
0.3919275083970215
0.2326070999362754
0.0059360611529352784
-4.226045318651159
0.44293268955415094
0.37282064094631545
2.5326914615090326
0.16649744761835372
-0.07284551729344302
0.047359581928818284
0.1129246455167361
0.5591667806538726
0.3389135252340717
1.2642310824115197
0.8209412441589664
0.928035929677455
0.2957069578351368
1.2107958276830801
-8.621000433618194
1.425851674055102
-0.03773230134182662
-0.06407721742642172
2.817684888927189
-11.011948652898932
-15.0
0.10820450957058451
0.9338979624060466
3.734107699558419
-15.0
-0.031529690965124986
-15.0
14.83441417547226
1.0947838821845086
4.524397315144844
-1.7803638137529927
1.127432750353674
13.602470473673797
-2.3721225918769613
0.5242370464396483
-1.672976007670379
-1.177096439953564
-1.4307568368678392
-1.0370069468132717
-2.151267846496471
-0.9661879277882599
-2.2310411915119785
-1.9694637183257384
8.914644690473532
-0.3734173915287884
-2.5114792388198044
-2.1480087018692333
-12.417221994569905
-0.09531908923498283
0.353611829258956
-3.1080672075970655
-2.8050119962094686
3.6454396303042045
4.316340700561307
-1.002528441507853
-2.0146832300441995
-2.0359113321881566
4.670461839683739
-1.4441800466344443
2.412427012133093
-0.7190826034172776
1.3753371081911103
-0.6374631212591583
-0.47086767685453607
-0.418031393426699
-0.504803934236801
-0.25012376571926614
-0.6396584260538841
-0.44044540553441575
0.05433526254635937
-0.14111338529350953
-0.24839677819364506
-0.43726448054913725
-0.5651691378071806
0.012721787018993524
-0.4782784675034234
-0.6774867912718253
-0.6828168892880471
-0.2545418492548991
-0.5788722880667226
-0.5714322735152862
-0.5523141079475284
0.02253252443927018
-0.39303766131976603
-0.7510101177046065
-0.46970468870244114
-0.595653777108202
-0.46381217202073227
-0.4585193069716173
-0.605079274022771
-0.24264228660574572
-0.11044505538240337
15.0
-12.18396503848536
-6.979389082506758
4.533659005231747
0.9970638823627249
1.447245371989217
2.2749827226491672
-2.0707854902007377
2.471535685067434
1.7169508609905448
-2.6012920505855086
1.2955738860093131
4.6364734876060085
1.9184679362586694
4.104658512239125
-2.0295097887802576
2.6066522998246913
2.072208600114005
2.614550541137097
0.4863594661736457
5.791113796175503
2.4398406196785016
0.9650895330241887
-0.5974730357661365
2.7397248598035846
2.28674129266284
1.8522129378873682
3.4563866446848377
4.219175691569052
2.111229027730274
1.6539568551166872
1.5306487383656686
0.16389824118306767
-2.068789746548465
-13.832703049429254
-0.7526319743269902
2.132884582448934
0.6671465939391585
0.6588127214082379
1.017517277198823
2.7294771165245737
0.5846666271842115
6.615688458027164
1.1823659826220065
1.9291325173201281
1.8819387916802106
1.31613897437999
0.6476190810589283
1.4598343506276807
1.642791794547188
0.5082682327043532
0.5840658750738684
1.1163662189501655
2.750587575187472
0.8113094646601107
1.50474202898223
2.3981440549711714
1.7685748007649071
1.760108710577118
1.0513164115713136
0.23626145191150488
1.7328247376444914
1.6919581196341622
3.85271120080933
-0.06545156335684782
1.582791529224337
-2.0150380347140966
-13.999749555832397
-3.937125515935895
2.052440417925394
2.385534985149324
2.4044691519180272
2.164863862531981
-0.1002864502538021
0.9912293553859436
1.6032892424684597
-0.58506527171149
2.3904237263410195
2.397945803430396
1.5527068856636337
0.9251318927881157
-0.4009750299966135
2.675216289094564
2.264993686667027
2.192719867233959
1.3190908818866351
4.358878928679478
1.7113248454642849
1.8769877615292254
0.3259380142407112
2.73987944891029
2.3691290287848137
1.0273758953607677
1.2662707099018717
2.085928751318101
2.851011664260329
2.046147230870515
0.4977493796007575
0.39991100815694547
-1.5523751422453886
-15.0
-10.821750411016714
6.550835114666447
0.4166643756379537
6.492804640261333
5.404852205310637
-7.86688619131661
3.877873666114207
-2.2475144769042634
-11.814561751823103
1.1355744704132942
5.20757292515453
1.7145427324395477
2.711353721376427
-9.912154174749574
-1.4607339131093535
13.311416885855596
3.262111966612432
-4.216876542589768
2.7682425416922922
13.925320541554626
0.009608043957068872
-6.116469941411913
0.5639552984755857
0.10670543599122789
6.880243453290284
12.240118601017087
4.969339222318814
-2.5809297352177802
-2.9390143664744226
7.921875852113243
-3.4636942601015948
-1.528356566885227
-6.900717965898818
0.6651090561257667
1.4740983690393235
2.1842791818630722
1.291517393964799
0.6021343899552544
1.636693368409621
0.3770823746767993
4.8975297690145
4.473988205338835
1.5784897731896073
1.17442000234623
1.4567450749370388
1.1315301864807163
1.8570435420050448
4.367360457214474
0.627898473843126
0.8367939406689207
1.3690088076391713
1.98882111702288
0.4919113666023149
0.8391205656968517
3.509944664815218
0.5410126269355928
2.3647747246163084
0.208706391365881
0.5621559346839387
1.5793890731025149
1.9683208852557108
3.4084963495599947
0.24905204455225208
1.5423899187438774
-12.881969868415252
-15.0
-1.1517290328511358
2.17080274073788
3.106098617643609
1.109565769587159
1.9433755285609526
0.7943280471359117
1.8547505782068245
2.6503172700005155
0.254277302425724
2.3318939431682186
1.8629527648111635
3.33418061734062
1.329432914492593
0.3557174713146382
1.7348465086510028
0.8813898518759844
2.455489860927926
2.098477654285843
1.946815590060767
1.029032195684232
2.9102708200920953
1.2485561683927076
2.102592314851952
2.2874035029959114
3.4476746708464727
1.2561280348205295
1.0663031787648434
2.5644769710239825
4.781171073743597
0.8344798693617135
1.9009994364215643
-0.5954807844445068
-15.0
0.5029775469203089
0.3117424887938543
2.4912234787193714
0.21681321262225284
0.07439844792812
5.655738866871456
0.01985310283309684
2.844054855519647
3.450805716342211
1.903731417504995
0.8096343749726417
0.873714074125952
1.2217867815944767
2.728480531301719
2.2596698773850754
-0.12452431605671233
1.2172441270881678
4.083894563444739
1.6829174228269321
0.036571507234250726
10.799682601316876
1.8519880576594947
1.1235469709911399
1.3494342967459265
0.7182038575611327
0.2768662470904208
0.5045528929834374
6.001236156880345
1.9851752302255032
-0.512377701131201
4.232467688669093
-2.936903878999021
-8.057053892859424
15.0
0.44607723604007365
0.2242197651843922
-0.12087894419739881
0.08441321919276056
1.946948317002718
0.05884970964707062
0.8674500722605313
2.116834116964248
0.5866723924283177
0.06786090962129095
0.508758200300586
0.26489836018244695
1.1417716964367444
0.878463238486952
0.02691976814421213
0.07924872528383346
0.8484153911274278
0.024258851203251587
0.025332047163913424
1.106210872386159
1.2508499337859535
0.5739023775373786
0.30131169243323214
0.14871915549848244
-0.3224458516670951
0.37529456832256336
1.1115862094737277
0.7821481610265343
-0.09629078206785496
1.7911916301523763
-4.377064877024406
-8.20242535773781
-1.0483762131507537
1.6571299660853527
1.1044361804606575
1.2010643141956145
0.799183515787106
1.1100871853895042
0.5199840259646493
1.0971896389400946
0.8567747174506326
0.9364026839469483
1.8082199250824436
1.4909483017558183
1.3999794898796623
1.4056630517872148
4.099713471668755
0.21226650162396712
1.233996982420427
0.7207575808292236
1.141931506993337
0.8403059957696083
2.0618494715997695
1.0408018550034681
1.2299279527557179
1.3904242743354989
1.1740926637860247
0.7812078750999183
1.1801207875883082
2.4594833633457687
4.420337819895043
0.04096503415873127
2.249295678486228
-2.5371512407004753
-13.075443719197011
-3.6221635433703905
1.7346702872239368
3.1331485890114656
1.726844949129377
0.8215827780118741
0.5911716447520754
2.484785391610325
1.2173386969420317
-0.49875294108121127
1.646021539395081
1.1205546219651052
1.3295055552837554
1.659605989118758
-0.3714135436316201
2.3363903728183226
1.3312943850112944
1.7014556299674288
1.8355229160824487
1.8997535878261391
1.1787796633555003
1.5661649172787335
0.09637472764334785
0.905010234637746
5.801043107571916
1.3897522978893422
2.598151420642836
1.3475644185220077
1.527332101949773
3.3847668812023812
0.361543202929508
1.5474702569223244
-0.9661989639502041
-12.638790358646757
-2.1227734106025458
1.1646900397523163
0.6711220037829908
0.5445206550709512
1.2075370577253832
2.4408189919425656
0.8919522015089748
1.6166647024539318
1.0777269775384954
1.77367819378373
2.1496964575300463
2.217032778447095
0.6133432309794181
0.4947623296867067
4.443784790837132
0.7855032511565583
1.564714789621188
1.6143586638567158
2.723307364006502
1.141006567551614
2.417753314354091
1.3905263368205705
1.864670242918285
2.0440486399624773
1.7565707630619447
1.5506233475155664
1.3679957995740926
2.1820253969064467
4.107446454755679
-0.029795126409990606
1.81888083976438
-0.8633110139000778
-14.127698617174818
-1.7740009407730792
1.4944632573949208
1.5087773878106776
2.308788046773538
0.5139238815689233
1.3067632596015952
1.0371347390995405
2.696198040790779
0.7018217716998989
2.489157735615838
1.7617576403967927
2.3249458394554168
0.8884458513681935
1.571742908309859
1.9536201544811698
1.4782503767223987
2.315793653739394
1.4954086417048855
1.5055459022768356
1.4823584513570114
0.912295003346944
0.698161894976068
1.6626035973667244
2.339770793404217
2.0406309084803698
1.4629365795099165
1.4292823231756842
1.3379434067687683
4.891827243652002
0.30779187795679097
1.2882995099221344
-1.233877352468726
-10.384361661435342
13.328000624537808
0.37713585593118554
0.9224824455512984
0.17038010686373753
0.148102827340898
1.3546009113836723
-0.11372652121798689
0.6896955827841066
5.237389114100245
0.5771805605349747
0.6790162566311282
0.28067752935885915
0.2021915076124908
3.066019629025073
2.202479751560377
0.2665571680837449
0.6603324275059217
2.410641934834329
0.6888128127284961
0.28895506905646073
0.9043703333105731
2.9075370887294367
0.39536751923440605
0.9861859193210908
0.15342375187325147
0.20052730310388828
0.8000567862935427
0.7974180350834511
1.1143418052894793
-0.14971456930144622
1.0184452330826974
-5.874270176448494
-12.979074017637853
-1.8146574044508668
0.9518032474131978
1.3883080511414658
1.3093956417420551
0.020565366872675375
3.1471245528597613
1.0060259668403015
4.1206830585116245
1.13813421067649
0.5685225684285242
1.6357238725043766
1.0379686098763847
0.5351851474332673
1.8201944300596462
1.588458639874506
-0.0823420253141912
0.899513497850216
1.2103809645661017
1.4142397454765174
0.5689079227650085
2.621701598548417
3.407157198504252
1.653000130034843
5.474408878960007
0.872579340269961
0.060328467382634726
1.163687120449009
4.866907047109627
4.644348052691362
-0.29795101020805753
2.5128563526455707
-0.09561548816657373
-15.0
-6.77509402826817
4.671927557749873
1.2929571151094628
3.871857087250496
9.41796410493794
-2.5248007577777494
2.338060009759868
0.3176308805422296
-5.708242500349679
2.695942435680741
2.744444504768441
3.681817343267268
3.03318044151456
-3.767984189225245
1.8300838329223914
4.349047512743802
1.6499743918073089
-0.6603534903274947
3.58556408182186
3.4706901030885957
0.7954599685295951
-1.9772823451782688
2.3717812985584077
3.5252463935516962
4.011811018905703
2.926268623237446
5.069129255545724
1.19691189088533
0.22931629731444614
6.386924962086834
-0.9213630811612694
-1.8612505982090117
-13.523513456126844
-1.0309470483287309
2.4426319783137886
2.039402696621778
2.024894674518144
1.4230899265049333
1.230138256017818
0.389968853133889
3.3445816335917415
1.048498237668081
1.9687248749235693
0.8499774207053261
2.5872471424334975
2.1946500414333987
1.1517534383741432
1.2201546928361864
0.8034324088709291
1.4120725564396843
3.07304041778213
2.5149265151679128
0.6709625664721668
2.7182733945271274
1.7249385700107505
2.234089477206358
1.3964356746159856
0.6822101694571168
1.1510745009364036
0.720856140713546
3.2990163878090746
0.9456420146411518
0.14707706939270432
0.6968048593520819
-0.5329982097400973
-11.117393857546274
-0.4288713929524042
0.9260138380062966
2.030647138433288
0.4190279881344225
0.7453003374549385
1.4912004518310686
0.48261296506329393
2.9285120058080327
1.309053530149673
0.7335135641227075
1.1184585583658315
1.9988100311954238
1.3932696912123113
3.3193469544173864
1.010902879294417
0.3172869722361036
1.5599218308891072
1.92217949223617
2.488682213994106
0.5241203429650376
3.032285558635765
1.4906048894396908
1.2467425750910273
1.3728192113891236
1.0094481386138865
0.8612321439519548
1.783347639953004
2.4796269473091663
4.756173676230399
0.18681439847939535
3.1972798360617327
-4.403603912032201
-11.469528871366894
-1.885665033298078
0.790327700305184
1.7841473690121843
1.730626510146207
0.44879118852263666
1.3837860647268379
1.2148075257775313
1.7355168762571513
1.1911386625205982
1.208048940280595
1.7884769329912311
2.7626098310477563
2.104920571574535
1.1194487095141623
1.6287059409231108
0.7061161221528495
1.7051934911285653
1.288937849596807
1.0984076361224995
0.8085984170239909
1.1109167367627912
2.3605068357537338
1.7331484071202923
6.7440323932764015
1.2987420960796197
0.36537197022049683
0.783100553844664
2.7436371863251607
2.495355784088472
0.5136305965603919
2.1994339781516707
-2.2262019674820195
-13.558372251546555
-2.511661088806353
4.89593320666805
1.2991255269486466
1.8225126772952787
3.7490303747338896
-3.1559027314190606
4.205909612634104
-0.8613472543672704
-4.787969124312328
1.7945151899401306
4.644641477129304
2.2261855961747075
1.6179497803080425
-5.349716064457104
-0.2102524640362849
6.884410762831698
2.9506238507579536
-1.574876935625453
1.0403297211649198
5.516409597797867
-0.05832134787099883
-1.4506650302931037
1.3777821020719976
1.3081937002135544
5.843904855531744
3.312105641196444
4.176765822445495
0.10520455324876027
-1.0286689239867661
10.25901583688742
-1.818103225450911
-0.4162085112199871
-15.0
0.8333091275407838
0.7820046068597952
1.3478946033277053
1.0017591277507247
0.049171022254672625
2.3802373730788147
0.27409937857130107
1.8342295175320256
3.8992035974207253
0.7212192482921217
1.478155841094836
1.7208691756303671
0.830388700045917
2.79299086205414
2.4408597647157086
0.2998949866007322
0.4906983145518123
1.9393683749402815
0.6388332585775826
0.2254372719189294
2.400626999174615
10.541883718690265
0.5179608696321008
5.035831398466872
0.6308281382369981
0.39333739852404886
0.460129090964897
1.76714283943848
2.2431327989405956
-0.3094055169070275
4.862691470377066
0.15671734257501782
-8.3898355832675
2.3154662358290206
0.06334347774126793
1.5619016181298992
0.6669825038186359
0.1322364145103054
2.5057869140710505
0.23767465406497051
2.3471843630684184
7.275000092647518
0.9881734349886366
0.9306901464302836
1.6059192068877781
0.4075642568758998
2.3105042341897857
3.268059989652923
0.34120304883242714
0.6574564521772776
1.2863074193320223
1.1207778655992968
0.08420668131454075
3.7544816454729593
8.229641550147102
1.05512607216585
1.2264637352036132
0.12427342951679274
0.22339372086327272
0.7873157191721879
2.523874197952594
1.3841261384424937
-0.3382417043421091
1.3231380362334595
-8.559367151028825
-14.627283585792764
-4.5295144819122175
0.7957544243374601
2.2402142827506157
1.2129069330189075
1.3966681950851907
2.5073761263015024
1.7077334938345152
4.374771599703322
0.5360794096515046
2.3484586865203574
0.8044682327751055
1.1431049075888178
2.1725947126916783
1.2316593498635529
2.8148292609263046
1.6007334336343897
1.9244194892397846
3.036272594495615
1.1147083309819312
1.8200461033204132
2.712966836181952
0.9003201566993697
1.081630467958961
1.1685162587490987
0.9939443732258532
1.0180759647297335
1.5421509760175716
3.6433185238013723
1.0284872353371868
0.613731719072931
1.638779318380803
-1.2272337400777096
-15.0
-6.106510559846393
2.1194336166153636
1.551619725235176
0.8430524319952005
0.8344298033498874
1.2539881433477758
0.6978491327200006
5.622309307222893
0.9271080423926372
1.5084360869410798
1.554353914729743
2.0577067752979477
1.2224655950950187
0.9996678325583044
6.303647405223128
0.9585910526780674
1.5673420920379468
1.2403280526951501
1.8677104000841804
1.0042182546915062
4.223175601747425
2.775019021956635
1.32070063510076
3.97712982470426
1.103851193672711
1.2099751927680351
0.9354555221156072
5.737402811693172
2.6445192666289943
0.3485345042613832
1.6914315366263857
0.2620455845258807
-13.006314679661678
0.5720798259336429
4.450571651699794
1.128434477605428
0.9988647782826973
1.8377120905041078
0.25596937497530775
2.3013597077334667
1.2089740236050686
-0.24206083794909822
2.4886906507731443
2.9021137016367784
1.71141247270913
1.5334329901538684
-0.6777288996235401
1.8398861825043165
0.8172948081573354
1.754909836136835
0.4364248624759075
1.6849108238244224
2.282905010802814
0.4758215179353988
0.8222087666377058
2.317323079127377
2.263075369552942
2.4092649406285
1.9852912659021853
2.133474195111513
0.9314769887844905
2.147498012733371
0.14311795349208162
0.5128819714853464
0.10996150039981695
-11.80288166974485
-0.23861727133991092
1.48985935239598
2.1774939028144225
2.575755944540688
1.5469208281324225
-0.5375766418160055
5.037515466337927
0.40715039614344367
-0.6263914267896268
0.7340905750278767
3.177450951935883
1.424547720497476
1.2143927055688468
-1.3146904458024773
1.5775143633423196
1.3727885288275126
0.5874065519402593
0.26852278404824675
0.6596237967648212
1.3746383321115658
1.335145382791868
-0.05266907504653987
0.5524333794871772
3.1946952610230714
2.596506288878953
2.822212062357285
2.7795202751129597
1.4758822040772062
0.2408534203382474
2.1528939411425303
0.09485421637878859
0.21958019784714392
-13.006554924555719
-3.2236807234134166
2.6441847160312255
2.058839247544512
2.078649253790288
1.908079876222245
0.9106289370695765
1.2367646875971414
2.1426232914852363
-0.3610136324557941
1.914482072452878
1.0851417474147964
2.0387814482953317
1.0267772062300764
-0.17281075655608524
5.129322196724914
1.4314239811305616
1.4766358319289279
0.986609792232816
2.5061766434923616
1.9633928507955285
1.0040063959439538
0.6920405968764735
1.8355220272826143
1.3170631560559938
2.417756279860701
2.3058510225258857
1.2678267433526773
1.608216940976682
3.4598635095335544
0.44211295005005286
0.8851332691882152
-1.2426511726937648
-11.98486740834585
-0.6937577186177193
0.8355242414983742
1.8115456490609678
0.37220282627604756
0.5885015518398887
3.134193156349995
0.7023716769508164
5.927316318325945
2.6033644905316837
1.2707294523609418
0.8060169117619125
1.6478010141616488
0.4686686010387519
2.2987187885901954
2.2846869465628403
0.5568242608411031
0.8239020249031928
1.250395744807074
1.915550841774337
0.5843284299831949
7.314658504896663
4.058789104166616
0.7806973520302196
1.234809973125875
0.6960826486220842
0.3427041172106217
0.8460621233896454
1.752196949004912
4.227822841253766
-0.16565803106987612
3.647157152428875
-7.996335581310179
-13.230376972028646
-1.1142127006237645
0.8340929877483912
1.379698200141772
0.682510600793281
0.3323917194824204
2.654284043909356
0.8459591887979239
10.00347758537738
3.046488330590734
1.1156461363375363
1.114085690009444
1.8993956593031254
0.6893711416556062
3.1992023371782077
2.1867436671719016
0.49442705919073904
0.5524091415629379
4.282393712770602
1.0948739169010857
-0.015199321604031788
1.716708569809034
2.2030798596548893
1.2220640684242516
2.7104746583908406
0.5903759456773385
0.42518081156124815
0.6529684769412576
3.2104435642421802
2.3992253213565333
-0.4816278254595626
2.850551749131517
-1.6803485353988492
-15.0
-0.2496520096604165
6.279711847571482
1.2695955901672396
0.9153109956076032
2.9506185480948637
-0.2884955762588233
2.071283250856648
0.6272905887910458
-0.6129068052714072
0.9787017892727494
1.773386815413921
2.0810108157254352
0.9822363752283739
-0.7124416087225941
2.059919561867938
2.939565044723178
1.7309662309684994
0.28005034367243
1.5991722805359085
2.286304526335058
1.0091075255793762
0.5170855988678693
2.1650179489341714
1.1214942874300247
0.9229644108330565
7.154469780074726
2.503226975864213
0.6136234274877401
0.4674497554226261
0.47168268285799797
0.8095923596905676
0.6895764118788243
-12.200284016976056
0.28653039837967226
0.9922833460142164
1.9012536169712217
0.11624100386390102
0.4635234315281846
1.2905729790837523
0.4828592578009144
0.9492556287142392
5.387885839133588
0.3858817141378981
0.8545601426471735
0.4561582591094127
0.5035985550485294
2.1878482920616538
1.6904817630372126
-0.09747598595220984
1.3458715238533736
2.279902520248146
1.1317404039431445
0.2029394367133528
1.3486139516152282
4.745360214470882
1.16838787463827
1.5564096935555523
0.73903351141137
0.4362177275291385
0.2919258968169184
3.170262178724774
3.3565036811585878
0.22839508522563032
2.824631895207375
0.6703382418892498
