Architecture: chain
Number of States: 30
Parameters:
-3.236004173901664
-3.1604121853191502
-3.329516401019778
-3.200464893172093
-3.160500750844282
-3.1590490939813125
-3.1740046721279693
-3.349585095625395
-3.1559602000632645
-3.277504890930282
-3.161969765186355
-3.280501964646847
-3.1672695641275346
-3.280225895999303
-3.182880453253047
-3.2844802271209788
-3.368411812346858
-3.317282621165464
-3.237169173404036
-3.160287977891231
-3.1589451152769095
-3.204072566161159
-3.2035825626551366
-3.358737332313939
-3.1576697758443153
-3.3119016310805818
-3.3611234617777113
-3.1577114812254528
-3.173484844404731
