Architecture: k-jumps
Number of States: 38
Parameters:
8.906868732125046
-9.786064704826677
7.84361392273398
-9.093279118586938
5.331965340899516
-8.442856469782408
0.1820064204356673
-15.0
0.8224939848920751
-9.84705982062547
0.1851918818320865
-12.209944802503207
0.16036805338592344
-3.5834884469304917
6.703807236333947
-2.5105002804363403
-7.045444979727204
8.333704394113937
-9.072162902823878
-5.233218444276081
0.05673388283768105
-2.5408314575762088
-15.0
7.887802175717273
-5.810946259677354
-6.038773693377163
6.860181767497359
-12.816660352040087
-6.381691333049346
-0.3347035809221502
-1.1456447320355259
-9.72678784592985
10.455917455354658
-8.670252331654345
-6.539640342213113
-0.4373932611556523
-0.7890884282308755
-10.501991030657088
6.809529813041914
1.2971466457727128
-8.717809340268335
7.561775010263191
1.5630782603658169
-8.398377471428777
8.921530773145655
-1.7876951395526142
-7.1360679056168985
-0.9742214824983693
6.488656789859855
-4.663380312321164
-0.23836787981692284
3.3283234789331893
-1.3101766473371974
-0.05270679442378851
1.7270586676447799
-0.07421556980003863
0.9429071453666331
0.946026820429037
0.7176077094609361
0.009396807502965109
0.33011527254760936
-0.021468056538753347
0.9185424976787564
0.9555315063387069
0.5367594611097628
0.433057008119994
0.7054957653063313
0.08298871930928488
0.6554832134174795
0.6763234698341684
0.2221407116958107
0.17271160882097153
0.06528597241898115
0.6453201397861889
0.5579847424927092
0.6249621483833864
0.18904356152331694
0.18019797886150624
0.5259979569678085
0.6782061081534078
0.7537201269012437
0.5442769843101933
0.5379518577663638
0.5433538833005116
0.6176204992978631
0.9702581762051792
0.8964968775225732
0.10072660967049674
0.15213486539017884
0.9891192746646152
0.3964872621603883
0.34502630291983016
0.09060126423492587
0.4961729801239424
0.45317144871991777
0.769600539561219
0.2623774356993116
0.22630602548297074
0.5892919329776455
0.5571194994010541
0.7010272661504681
0.2595935270884415
0.02607729833167438
0.7459909587785191
