Architecture: k-jumps
Number of States: 48
Parameters:
0.821484431944543
-1.7587204768094147
0.8179838945617813
-1.6853748057812583
0.8074622379316878
-1.5722611264018107
0.8597364328061083
-1.708670329845852
-15.0
0.7370906982233469
-0.971350604059029
-15.0
1.0441987765852014
-6.469663240543361
-14.418361419971289
0.9019978742447103
-0.43355269260909346
-13.081360184161131
0.9546278946716936
-5.8626714720420425
-13.273962606010544
0.49099213280203824
-0.03835587089040765
-13.661142084040616
1.0642376649816487
-4.210919318553409
-7.341065278941974
3.677972645206177
-4.508225020229031
-5.959598962081256
1.0703819088758488
-9.846400285531594
-10.948264675140566
-1.3094542964258638
7.09383802592223
-5.919635921270062
-0.9443903277263554
4.777069832560599
-1.5350533006158005
-0.4623500858070044
2.4019113923649655
0.37484154541563464
-0.08484602724684162
1.2689207423783773
0.38400844688505287
0.7147247416560187
0.5080004240647414
0.10466468565813647
0.6285181664697433
0.25899019124167677
0.22252984353409894
0.18153714374051835
0.325136800448743
0.05936576695521059
0.7202224697194474
0.6515114061499054
0.8050293955235018
0.039667381197690754
0.4211908136428415
0.3228736546819697
0.9800116117043676
0.12437218598572286
0.07177093629305575
0.0046319832099736
0.8363112294835587
0.5633063408554161
0.19995118598062078
0.042740413368587915
0.8662452814655881
0.0876081446891841
0.9459162607750833
0.8984450021540633
0.8019042142070462
0.8204917388263658
0.0980495705394635
0.7157173636791997
0.10655692206763012
0.18685614050642507
0.23121411169626838
0.10494864857100827
0.1670567494292995
0.0221058312995841
0.47064371581390385
0.22310616896709934
0.5033926206128261
0.9345743308234424
0.5377437889242411
0.31490622384901157
0.8232132567373367
0.41680106880491297
0.5793332522331227
0.3867582419775155
0.2596257076608681
0.11786382982178134
0.19930218028725377
0.6130671545907855
0.1194104796686235
0.39390651996186643
0.4768820606526287
0.6830190936429134
0.3037056083404863
0.9187923247989261
0.3484431863407509
0.2971508365791181
0.6754665428747763
0.9256422026107974
0.20693213407277733
0.5729458691692753
0.3177036453077745
0.16019369376864823
0.7462258221428009
0.6225072885583671
0.6784845106337399
0.29316348743301035
0.7906666073545401
0.42183102655524285
0.39164748219223366
0.7051308326105409
0.8203980479209922
0.8678370470356056
0.3473380935186504
0.1532767379423512
0.4329778141460563
0.21893172697729668
0.2108115562145776
0.750528490251902
0.5353010599007119
0.3733584953273702
0.177414325983544
0.1533089729551097
0.00932928239095232
0.3112828446676493
0.9530245382330891
0.8946851148858479
0.08460402911234965
0.15986268887836053
0.07797500396376189
0.9953792916213967
