Architecture: combined
Number of States: 16
Parameters:
15.0
-14.885189230116199
14.99065792932964
-14.88065331134954
14.999934917288032
-14.930009878829377
6.838179778693963
-8.70941100227109
2.7749664806231893
-7.947929340316183
-10.55784082830779
-10.68101258797488
-14.511057303312244
-12.04179616925814
12.938368936682215
-14.796456416431639
8.154833463004831
-15.0
4.318234794095737
-12.382644252252868
-15.0
-15.0
7.063303024678524
-14.801304079966847
11.730849162976003
-14.076902578066983
2.0802848466083437
-7.199556335082108
4.343322630863042
-6.35326166356017
