Architecture: full
Number of States: 22
Parameters:
-1.0650594573706609
-0.8433067961781405
-1.1135115550323171
-1.2314676951558639
-3.265072801948369
-1.6125209979292394
-1.5892377159361177
-0.9110855123434852
-0.9189904687881967
-1.3234204045257068
15.0
-1.7437505233662096
-1.5206742004560085
-1.2997333757233898
-1.1801038132031665
-1.2037508039256475
0.038381615811883346
-1.5301925803362717
-0.17743780360225642
-15.0
-15.0
0.6880618305296154
0.6081676830332674
0.48862990526393346
0.46232204009466277
0.4273670135355196
0.47881493099347916
2.500582340296464
0.3541477896811294
0.4949638749029734
0.7145569077678365
-2.269951866452829
0.9572314680269707
0.6084815150314667
1.0244458145171624
0.49097920923690397
2.3091024849187516
0.7101648315863012
1.3359347224900908
0.14157726619700411
0.4572355053666283
0.567271177277683
0.18780053348382594
-0.04433647076712891
1.7622183127051576
2.483442460773438
0.01663871184418902
0.39941187296096786
2.5559882102491884
1.0827349026129074
0.013822116021561312
1.5778762505437158
-2.460419628229888
0.2984703492561671
0.4289133425115616
1.3391210681877774
1.9219126849917743
1.2749817001599464
-0.07784035669568024
1.1031309682714276
0.5804964690824792
0.05509941055072198
0.0753513043604898
0.4302579610054436
1.0405645250136615
3.036785127665144
2.9115282947932117
0.030174467541138086
0.7786778134953343
1.697041578902523
1.2128669903214981
-0.24734271001074876
2.509154888293854
-3.3499425321665806
1.232019256681548
0.6306103233347865
2.0605427503991707
10.536640815676925
2.6163451478734876
-0.4747649362882855
0.2600217297419664
-0.06815320947750472
-0.48656486043682395
-8.521453740663654
-0.6921538489824848
0.3277683562610761
12.136187231991912
5.500179782867259
-1.0536018609595723
-0.32621004806549064
0.6988786199915621
0.039612522464805365
-1.6952449988672749
7.048051320473388
-4.328833597577624
0.18370678104988677
-0.4133504243238899
1.4208102012028145
1.9672565739977914
8.447458257386534
-1.232865493227628
-0.3199884435725306
-1.8306700552141302
-1.6832344546725442
4.7119468082514455
0.5566677614709328
1.1308964454384345
-0.210988471651257
0.029621756098319456
0.5285640538065076
0.8204150588040561
1.0015701576292841
1.8950527079904487
4.198797797398009
0.17343341640794965
-2.3840369920365427
1.0797186326500983
0.27398293179502076
0.5147312625969229
0.21741868200396014
0.7732574018784707
1.4105745522014177
0.49705385318701567
0.9523729868624582
1.2512211874166512
-0.5075829992958759
0.5473282745219706
1.2999860130603647
0.7026798643351951
1.6278311780792794
0.5108920116857942
0.8656347917797821
1.4368865103008528
1.120543718512888
1.456761382854437
1.7328849150418708
-2.0851496909648155
0.6917173937178643
0.4391745420570921
2.32520318780391
1.0788558276935227
5.3576100549013495
1.1311280419827423
1.4679117606082002
0.2995828880360975
0.5792351968805705
-14.110939202829373
-0.18751962322463211
-0.026663922991208625
1.9704389890323446
5.168617589728796
-0.23781971719294162
0.4422854299385866
1.96775921663108
0.9014827970166067
-0.28322143963031704
1.4353829072364932
-2.5909214685199293
0.6223993665994787
0.18871206765747833
1.7772718190570456
1.9488033020415794
3.85313808677509
-0.4179066683154241
0.13339040148029532
-0.17655682196688746
-0.5057916370707676
-0.5010417210286401
0.5753781622035832
0.5829427418990364
3.2794224048413136
1.2334814208805682
0.36889277536619375
0.8472787051081024
2.8038676322818104
1.7633788911654742
0.16597561503121538
2.7504370298643503
-2.8353482693579686
0.8660849343419473
0.1303650504368774
0.5528988289956535
4.075691599707873
2.746794233431152
0.040659789944737144
1.0277433478427271
1.0972461377149605
-0.10483320182699765
-5.882297981877557
3.069094553811424
3.844178822253872
-4.361991301046368
-4.33356555942432
1.1537419722539088
-1.434083256238968
-3.38456249515426
0.02995282670400795
2.0572474336245428
-3.1865859554224585
1.771980925645532
-1.6395590344310729
1.9972196551967147
-3.053855636548231
-3.202985469575411
-3.7455102282469954
5.017234689939124
-1.0886268702219202
14.68695232287624
2.472856572930448
0.6330797020067548
0.30121884294057877
0.047038089411066825
1.5223398747283357
2.268141158946809
-0.11753111279462938
1.0589450329966557
1.7636898840417647
1.011328638487955
-0.12375617165765335
2.044999621146907
-2.3791106321368334
0.5252735339817699
0.3224412952528684
0.6365069350347521
1.2752249413688546
9.04890897365751
-0.08854948617506311
0.8784359874155396
-0.13190517138601682
-0.3304641042652204
-3.9496985472194086
3.031687606694769
2.7503978002504836
-8.664511067064508
-12.062635547455415
3.42625774161517
-7.73890862892905
-5.807118636148023
-2.634593901568799
6.971257834277621
-7.960171614208614
14.576427126817707
-3.092319072365604
0.06928547406851973
-6.43599253927267
-8.786473557053153
-8.607580857802807
-5.4902658519299115
-8.232632160933802
3.4625881650698247
10.085876651645496
-2.158566155057276
-0.014069731316730583
0.09846261758347427
2.18140772468239
1.449949065852752
0.02416062087537374
1.008355361351942
2.1514467780483515
0.05764245347419012
-0.22925395676204863
0.97414548520385
-2.2467353853918564
0.7774059235231744
0.6433895171882329
1.7785794863507383
2.2983802620956846
6.165574531961436
-0.21505493741274587
1.0529494199696507
-0.04672545095339939
-0.3280185183421654
-2.577003887103956
0.151262538046852
-0.08940840499592245
0.8693302441915949
1.9968927803421441
0.33946171375396184
1.107618673285735
0.7465961086513491
1.2779337870214063
-0.3242842618924224
2.751581132702695
-2.2571717989849858
1.2657948795511411
0.6509589786927452
0.6443311096123578
2.655315722695264
1.635303164921721
-0.0062106075667738014
0.1912087020346718
0.570879313376265
-0.06986674152042377
0.49099837688151937
0.293670253237987
0.17712728607339726
5.009687532189088
5.124134720399421
-0.13476412987596884
1.1023375485787048
2.2209249624290663
0.4225511807351539
0.047568865537222005
2.7599241827571968
-2.2078796239844376
1.0515049242497734
0.2688177848394456
0.8535272134995426
2.710061770509003
2.126059725626423
0.34283535631376105
0.4282333163526928
0.16477299846814525
-0.20632818599461414
-7.931571235297477
-0.2979444958121365
0.35795325517214044
2.51316443982441
9.970410953399323
-0.5562839457846164
0.23601021858409627
1.1652282427190963
0.01832591550819643
-1.142517347113379
1.5524776449424627
-3.3596075733881867
0.4619356260358004
-0.14647905360819571
0.8251870969910436
4.9728926704456535
4.458310139938128
-0.8264126687196519
0.11135964906302319
-0.5322088369653205
-0.853807296855142
0.08341721193417763
-0.5389764369314094
-0.08980462789887504
2.0720356545779888
3.301571392567739
-1.1661465214712268
-0.4366211207166384
0.5026025118226741
-0.26541047528834844
-1.6724585531419727
1.0775209766429197
-3.710037973371448
-0.21715656453062715
-0.589455944709095
0.13661258656245592
3.1187998578504748
15.0
-1.2541944768326476
-0.49855000483782236
-1.6581236023338617
-1.66135973856197
10.465974079442786
0.6624417472098006
0.45396214743031943
0.25923058553939754
-0.31371941018300215
0.7726762475870662
0.1615265305531387
0.2803908710757803
2.820787557420488
6.502463308790239
0.30016290324553874
-2.89687937528885
0.5710547870918561
1.0051759560231723
0.6525584186035731
0.1510433195358562
0.7802274928319183
1.1645245961428898
0.7412167096153441
1.873038895520543
1.0199932416593553
-3.3166102955329944
0.7231959004566554
2.345930218641238
2.4568108705375398
2.1493359932608027
0.7222409419592964
0.8195225405174869
0.8983351524866637
0.4773959176694438
0.817085840372345
0.9873251025641827
-2.0778416747053265
1.4877657650257687
0.4797624387687756
2.2515661361428525
1.837829514786659
1.4403487647147797
0.5360564581129728
0.34482402746060864
1.0175812606577173
0.3038073282099402
-8.571175017928208
-1.1554600191991526
-1.738290643044898
3.611212445371688
-0.5797614071162345
-0.4210280245338625
1.4467475420200733
2.8680464727363213
5.230269869029624
9.833245093231557
2.367006360200551
-5.664385199781251
2.0116574868384034
0.9792308891433917
4.908373057992558
1.6819145380088436
2.1502357723152494
-0.4954312847935475
0.28902872232853105
7.680583965975099
3.999821987239009
-6.326739286058393
4.57089346179185
2.9947674213927513
-8.245104412384197
-6.435559249035788
4.078246177415501
-2.622556678227118
-5.7838155510425775
0.12144678544766781
13.70129532659629
-6.37919373868596
3.5165145128579356
-0.8802043599338245
0.7969158756017024
-4.459478032031432
-7.179562951125834
-6.706517683626099
3.022988614783991
-2.2953717084802117
12.544210118033064
3.346652690195368
-1.4929261982454836
