Architecture: combined
Number of States: 16
Parameters:
14.99967892863415
-14.967487235755412
14.976612645287512
-15.0
14.973384031494959
-14.981342487777967
7.244723234214206
-9.628788077872258
1.245935098443126
-6.423864146951209
4.743019335665538
-6.745922905541374
0.33532121710452406
-7.288918023429905
8.245863668665464
-11.971734537335065
4.23743919910832
-9.569259398221591
-2.3244883123115714
-7.312109560389761
-6.144589716512741
-11.971580915590213
3.097338403411209
-8.910000874977571
2.079767528618884
-8.9539696210883
-2.5681256345901904
-5.087997366213511
-2.516049522231844
-15.0
