Architecture: chain
Number of States: 100
Parameters:
-0.29149831957405753
-0.6781781525942636
-0.7298932147994859
-0.7251848417073107
-0.5234148988091367
-0.26959674791154664
-0.7896489059964886
-0.3368562215464476
-0.20330445032231795
-0.21773872016961915
-0.7821261542100064
-0.405872849696014
-0.5530195856911813
-0.540420971599438
-0.6647874162718771
-0.6632619989605679
-0.23983954019704412
-0.28211242932029873
-0.22346168229729765
-0.3636866708732026
-0.23588525695313547
-0.2376359077126298
-0.22224621181532375
-0.3346306621950863
-0.5386963038893652
-0.45157893366057245
-0.2758863802502872
-0.42876214027303106
-0.42596734128969227
-0.3001635754250863
-0.5966800517400062
-0.22289966114104898
-0.4213191063497243
-0.8375686445190494
-0.21892897710009526
-0.6690267557903152
-0.20802372299652963
-0.8488743024161333
-0.2553541026558249
-0.36878996615164494
-0.8371320576656482
-0.5027236718993177
-0.21443482741025927
-0.7213989616093652
-0.37078929879826544
-0.5838398545116664
-0.48458393540440164
-0.8147226563557199
-0.6718454136976422
-0.3957815333203762
-0.6788200714160718
-0.27845653532959075
-0.25511679764699857
-0.5499898953663858
-0.8537891267178732
-0.6718676314490101
-0.5862819972668527
-0.3147541127982767
-0.2011944643495946
-0.3175281934927077
-0.6359387475022029
-0.27202668887936765
-0.21782453203606666
-0.22786972265927413
-0.3829733757304487
-0.46346205013215047
-0.272836255551354
-0.8471321165014343
-0.2550357611537949
-0.518950885226509
-0.7683482092864071
-0.25431603819668075
-0.4197297629768378
-0.311472240738577
-0.21682219389670515
-0.26237875711726066
-0.26971823059067396
-0.24575631377743468
-0.46294755547470856
-0.6415347037187111
-0.4046694658197898
-0.24297925035873302
-0.827951619158756
-0.3640427297183533
-0.584551055218679
-0.6488098130357475
-0.717539030771539
-0.840172990211918
-0.3011997536491595
-0.501155235912922
-0.30834894765432924
-0.3785766686638389
-0.20621443207893045
-0.6441700850302781
-0.464481789426629
-0.25044696025951624
-0.26607180103053146
-0.2297790684686725
-0.21105753107909675
Architecture: chain
Number of States: 100
Parameters:
-0.7847158820750465
-0.3571141189994703
-0.3972434158498575
-0.5891189597123274
-0.36203361951243385
-0.9200798283889624
-0.48026844197447693
-0.43547859091061164
-0.5807999949635428
-0.3020934397466919
-0.268831404748893
-0.2362115487687319
-0.36290305208857765
-0.22055112446129385
-0.636716126345529
-0.323171007726001
-0.4268297941717413
-0.27103281419266256
-0.6976880594518602
-0.271265867315193
-0.22660739682714812
-0.4620028756105355
-0.45491600445046654
-0.47616684632062173
-0.25901332931909354
-0.7271822153347957
-0.21968945511431423
-0.8547544678529835
-0.43812523240562506
-0.3013911032449068
-0.27447598440262266
-0.5788387396671775
-0.5086275084484219
-0.2356277324214742
-0.541358430504866
-0.6597826760226999
-0.21387528569662648
-0.25239439607008846
-0.21301464006747708
-0.23624012597438798
-0.2894357865021595
-0.7810960215650936
-0.3114532083611518
-0.6005496403428584
-0.2677831085478256
-0.37271847157318333
-0.21865595634755666
-0.6332394040556709
-0.34025936526746686
-0.28078166432850926
-0.6674078702259745
-0.44498318866096437
-0.7567907617608424
-0.26341612516069096
-0.7482194859347092
-0.21453105634867206
-0.8017032022702519
-0.7168051484463502
-0.28180880319570323
-0.3758903426600213
-0.4842155582262787
-0.39169184515410754
-0.27906325891692846
-0.8056598316363136
-0.5550551342661515
-0.2810159094658944
-0.8025519229423198
-0.32451900463518996
-0.27831214140740057
-0.7201652045722454
-0.7083915752940344
-0.6950521553782033
-0.7742160672648813
-0.7695281554324377
-0.3416425008648798
-0.6807291050968396
-0.36090081941479474
-0.3125655950128044
-0.4908925361101229
-0.2858501418672385
-0.35523814209322213
-0.4880541562485794
-0.2381782688979199
-0.2503042908790851
-0.37449029441435616
-0.22476284052311532
-0.23372626578131417
-0.9232808246419965
-0.6504524613693441
-0.5634593146315168
-0.22784819889801747
-0.3025185856385772
-0.4675180934458162
-0.4872598861290279
-0.29083112808837647
-0.3396182334104425
-0.30215691738801953
-0.31547442729195685
-0.2783729932327591
Architecture: chain
Number of States: 100
Parameters:
-14.999968743119124
-14.99997758390746
-14.999969883907548
-14.999974443810421
-14.999970658166136
-14.999981081647197
-14.999968494001438
-14.99996860787032
-14.999970462821107
-14.999980439871315
-14.999979505048087
-14.999971135398495
-14.999969182360298
-14.999979615280266
-14.999971588558909
-14.999975586627356
-14.999970043902522
-14.999984941793155
-14.999990717078248
-14.999977016823905
-14.99997880653805
-14.999988712736917
-14.999979525342193
-14.99999128795699
-14.999989571510742
-14.999977522401919
-14.999976519094316
-14.999987235562182
-14.99997756339882
-14.99999028649761
-14.999980010872113
-14.999990858128479
-14.999979788361888
-14.999977606020531
-14.999987837792538
-14.99998214744799
-14.999983022543901
-14.999980870695236
-14.999976936821286
-14.999978111965907
-14.999977247491422
-14.999982005875763
-14.999983194033971
-14.999982507893177
-14.999979728642021
-14.999986381320923
-14.99997843961356
-14.999979741963212
-14.999982717311664
-14.999986929612227
-14.99998427564656
-14.999982161861293
-14.999979558448654
-14.999986467497292
-14.999979075823916
-14.999982037835153
-14.99998473995563
-14.999977436887658
-14.999981938745517
-14.99997892063412
-14.999978032178854
-14.999976341070004
-14.999976350995738
-14.999979947721089
-14.999988826405254
-14.999976847240045
-14.9999771134164
-14.999977611836934
-14.999982041054507
-14.999976978567272
-14.999990156827792
-14.999985042256053
-14.999976476365514
-14.999978213345525
-14.999976255705262
-14.999985346301509
-14.999976385327074
-14.999986928023016
-15.0
-15.0
-15.0
-14.999985727815838
-14.999985754780546
-14.999982056070884
-14.999978003384703
-14.99998130216267
-14.999976924992634
-14.999984188641308
-14.999991298975065
-14.999981296117996
-14.999981746835607
-14.999988954538907
-14.999978053803783
-14.999984541624439
-15.0
-15.0
-15.0
-15.0
-15.0
Architecture: chain
Number of States: 100
Parameters:
-14.99997887500696
-14.999985114377658
-14.999976062161561
-14.999981904267857
-14.99997510835299
-14.999978875208125
-14.999982360715347
-14.999974411087726
-14.999973980723068
-14.999984722520987
-14.999970140232193
-14.999970797215088
-14.999982743198593
-14.999986075085337
-14.99997416160091
-14.99998048709936
-14.999970383820846
-14.999982834692078
-14.999985594293616
-14.999970342038838
-14.999971371214746
-14.999981484874155
-14.999983512412395
-14.999980432586977
-14.999989781141911
-14.999978518767193
-14.99997992378816
-14.999979671160176
-14.999981198033325
-14.999984844185043
-14.999989937676752
-14.99998389197338
-14.999988987491518
-14.999980388244206
-14.999980713017523
-14.999988683387068
-14.999978052136202
-14.999989507321644
-14.999985191442116
-14.999984466323907
-14.99997737463429
-14.999979568490629
-14.999983488294006
-14.999990069446252
-14.999980468479786
-14.999983721878827
-14.999983494380851
-14.99997883489766
-14.999978008795777
-14.999980403056176
-14.999986635251657
-14.999979171678069
-14.999977914241962
-14.999989948653633
-14.999978142614081
-14.999979684333526
-14.999985302346635
-14.99998930500661
-14.999978490666418
-14.999980498860205
-14.999978263923785
-14.999978944451543
-14.99997885505271
-14.999981452726615
-14.999980558415967
-14.99998383166963
-14.999988658083579
-14.9999806457766
-14.999987254211243
-14.999984993338034
-14.999979426582788
-14.999986826764484
-14.999987955694737
-14.999980444301151
-14.999979101440264
-14.999979777916806
-14.999982146487866
-14.999989401044388
-15.0
-15.0
-15.0
-14.999982538814907
-14.999982423611957
-14.999985376711347
-14.999989476823709
-14.999980455122738
-14.999981677887959
-14.999977807295693
-14.999988688099753
-14.999977167764218
-14.999981688067983
-14.999980259293125
-14.999986683687029
-14.999978611476934
-15.0
-15.0
-15.0
-15.0
-15.0
Architecture: chain
Number of States: 100
Parameters:
-14.99997970743985
-14.999983702138922
-14.9999780812248
-14.99997875863097
-14.999970763322903
-14.999978506158365
-14.999971270466324
-14.999971558525711
-14.999981813286826
-14.999989012470882
-14.999977886946228
-14.999973236297967
-14.999972201447216
-14.999977045120906
-14.999973680914673
-14.999973454966623
-14.999972980369906
-14.99998703514337
-14.999990447198584
-14.999978013941726
-14.99997327069785
-14.99998818281312
-14.999978546921891
-14.999977797224846
-14.999982361012615
-14.999984440426973
-14.99997783343944
-14.999977810829954
-14.999979425165543
-14.999978794297732
-14.999983865642116
-14.99998292763781
-14.999979899779623
-14.99997742850689
-14.999977582474537
-14.999978972917384
-14.99998418451668
-14.999984852943465
-14.999982859496125
-14.999977545035852
-14.999987362439182
-14.999982263989498
-14.999984847241812
-14.999989174814548
-14.999979557990956
-14.999977738505399
-14.999986159513004
-14.999978815741777
-14.999984881173734
-14.999978344350367
-14.999981376760395
-14.999986903904537
-14.999989838002191
-14.999977503817849
-14.999986140874169
-14.999980856265019
-14.999978061149998
-14.999980956772914
-14.999980856177329
-14.999985851974586
-14.999987535860189
-14.999978054174967
-14.99998289406951
-14.999986729260154
-14.999979718242006
-14.99997826432696
-14.999982397611756
-14.999985505772509
-14.999985709516986
-14.999982620608835
-14.999977122292323
-14.99997757369307
-14.999986700781584
-14.999989376075025
-14.999979345946278
-14.999978126470094
-14.999977797719765
-14.999988292523161
-15.0
-15.0
-15.0
-14.999977645903893
-14.999985468634097
-14.99998289261009
-14.999982560490968
-14.999978375667355
-14.999990441318786
-14.999986370126797
-14.999978258032478
-14.999984592412538
-14.999986180187284
-14.99999002100865
-14.99998160903352
-14.999979318752514
-15.0
-15.0
-15.0
-15.0
-15.0
Architecture: chain
Number of States: 4
Parameters:
1.7181062905786035
1.6735547643686077
1.9049318562556201
Architecture: chain
Number of States: 4
Parameters:
1.7717996092257378
1.7717787691018714
1.7717834827997525
Architecture: chain
Number of States: 4
Parameters:
1.7717841136911339
1.7717840225661956
1.7717862634212231
