Architecture: k-jumps
Number of States: 18
Parameters:
1.4963919356207878
-1.2519648079736838
1.4814475682195052
-1.1961361944584856
1.491759221134229
-1.1076184090009042
1.4442410382117448
-1.1022781596098776
1.5339552895174196
-0.8721310941682409
1.3975799514798835
-1.0188416704587386
1.518642759306986
-0.6495520910774207
1.4570653085583605
-0.9624364916057686
-6.937095328295661
1.2412369017332565
-0.21969006014013104
-9.833715171146473
1.4788340309863333
-5.898754887538226
-10.184291934289373
1.2082557951827795
0.15346171790254404
-9.368130443300725
1.2634627554207247
0.05538706296738505
-8.36843126430293
1.6622717221524155
-1.5016715723235234
-6.777238313895484
1.7594615926047594
-1.0366204850089202
-8.444012359704933
-1.9397825977140255
6.458811662227597
-5.312115516168655
-0.8572267330853846
3.8179098159996587
-1.3139390248997622
1.3979282734200904
0.16504455861839115
0.01740819939843667
