Architecture: combined
Number of States: 32
Parameters:
5.3758130824584125
-9.99382648166818
6.516869761189267
-8.870769700565615
6.938757876130225
-8.480756957867372
5.792357184547993
-9.597403379447318
1.4385125578431592
-13.61908910591883
1.4830101944049978
-10.865739506097063
0.8300135106233038
-4.668859037251903
4.573704346973341
-7.507231904799607
0.3834636248761606
-3.19328289708461
0.3313940011575544
-2.3959901961661094
0.5134225500576093
-4.786507547495184
0.1748565156596595
-0.902168169107189
0.09071254544462244
-0.7668633732398438
0.2900679225577903
-12.423551086847434
3.7604568759713506
-6.2832977993357035
0.24084610913032042
-13.554928898066112
3.793702950705888
-9.07278973503949
0.27546780007796684
-12.980023278233727
4.875839014620642
-8.537480115704902
0.27817923734573724
-13.071848490476523
4.4901994348922765
-8.30498092018513
2.667180408493481
-8.892181902472537
4.95587601097335
-6.585818216765185
0.25499914894416287
-8.029320926909032
0.33935703021397934
-8.308345988664922
0.36898368796401987
-5.394355303432348
0.032713776752554054
-1.0842319079163971
0.15881134270604577
-3.48343776989707
0.18227689041403558
-3.4481562519486633
-3.2735461937753025
2.8075235292429874
6.742811447663724
-6.914861825845799
