Architecture: combined
Number of States: 24
Parameters:
14.918837643120012
-14.813179355771386
14.953385611560492
-15.0
14.976542691921143
-14.914882644810168
5.170294310827117
-8.610823004012676
-9.159452435192911
-8.38290247334841
-11.943734265372717
-12.703075023272229
5.102129273531407
-13.647632234448103
13.983329323540424
-14.499010003873165
13.151380539164519
-13.658229550811281
5.077264136196326
-13.3100361576387
5.4730515959766395
-13.164889455327435
6.169647137732833
-13.541532084503741
13.134434837301885
-13.945293761993613
7.390205556730081
-12.916089928851738
12.58808034492568
-12.819534856345712
7.370897797332028
-12.146373465298513
3.3843323941652534
-10.856435771400843
4.0870644457002605
-6.209284733959218
2.78394548768363
-2.0010032029134464
0.7813940673611832
-1.0478594186951136
-0.5962038394303847
1.2994329136065763
-1.7264689418622088
1.9591029384486862
3.034211832255666
-2.592551012001267
