Architecture: combined
Number of States: 36
Parameters:
0.3939550535042865
-2.039109843396163
0.38474417250193094
-1.9001013479551045
0.4123339594106432
-2.1836567333964227
0.25977869522861347
-1.1411274236219513
0.6203510184528019
-4.680315567654463
0.6395239477664861
-9.912678097721379
-0.03845709471272399
-0.08975898428774656
3.5293518813399998
-3.1349720537281405
4.730721423804814
-5.6268568570440705
3.6480106807785817
-4.009754580245494
5.516951404474027
-6.113103893816485
3.9850082746511184
-4.082064450477519
-2.0130867715316785
5.2626221279490135
-0.6954167194744498
3.8775632140232497
-0.5169792021700718
2.520820546419091
-0.7662643253874373
2.1314818911895608
0.05792626835776881
0.9993045047006807
0.577692380004265
0.36280551984297293
0.2983592489731929
0.3795684802221334
0.35587232615585884
0.4207466238599091
0.2541219172127235
0.6920466428441856
0.6078305978819004
0.11415903005064759
0.6079382817482716
0.23934659525422813
0.6332093797587802
0.5153026447187362
0.39191505333037413
0.622501745753049
0.23166918527250002
0.3639854146534072
0.9061871037136184
0.9018134938791007
0.14611983507111986
0.8418505348879399
0.9688350699211453
0.7470097015075461
0.11960888579544264
0.5791319212304524
0.13857678981499613
0.13272981026300182
0.45219758619873446
1.0388749972304745
0.41005557552062144
-0.06724461725003149
0.5004102040580469
0.4138285550534235
0.7989525810375432
0.5207218432143927
