Architecture: combined
Number of States: 14
Parameters:
-3.7526657350881463
-9.829885489160096
4.675914270511103
-9.017101474977759
-3.632219818187707
-7.270999253882546
-3.7015183037762824
-12.576334391301918
-4.361388249150125
-4.412622169584855
-6.176355175202051
-8.692475544337562
-5.087071655208645
-2.8668810257212236
0.4288504889227967
-8.310918648713685
3.675213249713168
-8.792126740107367
-10.797224464719681
-7.388799032204775
-5.6960134560085764
-8.573063372496328
-5.65553749968865
-5.778816755377297
0.039583290265737446
-5.426250868706979
