Architecture: escape_chain
Number of States: 54
Parameters:
-14.614645455852251
-11.364182551379942
-14.820800381989224
-12.861035840047114
-12.664137853510463
-15.0
-6.198887913958607
-6.2294065073387355
-4.703059236030883
-4.398000463136113
-4.090240179094683
-3.3652127639843123
-2.99839427983394
-2.530965287001328
-2.414835389158966
-2.3212246843525888
-2.415951969419612
-2.467637043524217
-2.940876626527824
-3.0426908127081447
-4.0408395396508645
-4.0338212782176255
-4.83672945227646
-4.827186356900752
-12.884727738483615
-6.210994605899938
-12.309881815624465
-6.201625931785252
-6.201619321602793
-4.816554265489792
-4.4001364616418535
-5.074290804177821
-3.6671966306010946
-2.922392179870002
-3.1697266496725973
-2.659337975069659
-2.548964091396372
-2.1705679776869884
-1.963276903220961
-1.8698295419832704
-1.5040920533849826
-1.0410998634994404
-1.3300661247038734
-1.5043016661252007
-1.2529934294181775
-1.5040970481087028
-1.0777496410574559
-0.568151772005794
-0.8459047946271187
-0.09474825712619811
-0.21653621688898503
0.6854780758717874
-9.919621929181343
