Architecture: combined
Number of States: 26
Parameters:
3.8871186465728234
-3.9925601705818687
0.7516123151668822
-5.670847368387836
7.191811774643132
-15.0
8.610952130203781
-9.98610090023122
-3.056181849836648
-11.988467126510377
-5.811335752973737
-4.925133250290544
7.02163347108887
-14.365767601521986
6.9438578948502325
-15.0
7.2515268780872395
-13.255629069987421
9.911400135853983
-10.566894946343412
-8.387212618753749
-11.215861384332323
9.10296183872198
-3.8493882973643077
10.149199532753212
-8.34266495996317
8.85391990299687
-10.44632468520109
-3.3734084357813883
-10.131417141811085
3.514695069325343
-8.52971848218863
9.032359836285314
-8.375582939154821
-3.5426160836987965
-10.834152156325796
-2.83429479202265
-10.576692330581752
-3.531995829962401
-9.95206641780339
7.142788559016673
-7.353797659711993
-5.361606761250789
5.607929282879393
-6.376728296479622
5.651577332643032
-8.18377558287801
8.261923874701273
12.06389213589888
-11.050672725177684
