Architecture: escape_chain
Number of States: 40
Parameters:
-15.0
-15.0
-13.445073089572853
-15.0
-15.0
-15.0
-5.509339473092972
-6.236006541426178
-5.110728558470289
-5.1044798886923815
-4.236131040644656
-4.374081112685648
-3.955290893847515
-3.0593434759078018
-3.0633971027954057
-2.621069506080926
-2.3113569708638186
-2.482180926887047
-2.085700858551056
-1.6260203796313724
-1.8105962850520874
-1.7758652721801642
-1.371652770590638
-1.1542607440516506
-0.8174346587312262
-0.7923017064938926
-1.7283099024060868
-0.49908572932353984
-0.2876799066897084
-0.002710540941887717
0.005461905544282277
0.006204846782900679
-8.982157328654832
-8.970560704084253
8.703865237101464
0.14032912053815938
0.8191949402428232
0.28516330619960295
0.4122511780964765
