Architecture: k-jumps
Number of States: 28
Parameters:
0.3533149666556624
0.12692572103234778
0.27400860825251006
0.002510641105348599
0.5484876660812819
0.6410534380288297
0.5636931973797621
0.29414325716873735
0.7759709375492583
0.22476501752031064
0.9055756719195579
0.015850572530954676
0.9110611718815527
0.3102977595970675
0.4378060533127198
0.5737152226015404
0.1426646663417489
0.4425341461060214
0.016899292311861158
0.0651509857467708
0.9778670731087891
0.12874347079026027
0.7386264661035624
0.6726647145534541
0.629524577970051
0.5064803833023469
0.17317064303342644
0.8943023332967265
0.15460824494219294
0.38857647616020086
0.3189136565319324
0.10690322740238645
0.34145558015838484
0.7211944309655453
0.4584513948183353
0.26715942619169464
0.4235261692036538
0.08519919152794397
0.6813936917567024
0.30408933682999917
0.5157299763626354
0.20217472409778536
0.08733652170005013
0.36199927773101703
0.7403642694923023
0.5172319552231223
0.005530951049267707
0.15699116714655537
0.5538715691533199
0.7806961097855272
0.3828215061374386
0.2844055691883087
0.5869983862635223
0.7927094582218951
0.4492293440559144
0.9828298249144032
0.266603524782554
0.8935338574150029
0.6648275051389719
0.3869341637884365
0.1393008756833971
0.5822938249738296
0.43637034765775873
0.8110432413014012
0.9257071426747346
0.03983989284228728
0.7488811346595523
0.40174698198981074
0.2288188110723598
0.1711218524035577
0.38210987252338535
0.695994204180676
0.8117652470288078
0.5793721784319289
0.8733425749070759
0.2915815092758307
0.41125659692576966
0.7102755269065973
