Architecture: k-jumps
Number of States: 48
Parameters:
9.531128121288567
-10.063648535396034
7.338697531311834
-7.264205808469126
7.5852402336857985
-6.393531463045298
4.312040485980327
-8.483614181261101
4.990103781222799
5.3741261588098554
-7.0762614974200195
2.349500972353522
7.12754387939375
-5.075121439789866
-2.4661686733104697
4.699136438574153
-0.2990278950190273
-4.666423158819567
4.291275238054916
0.11405394572501942
-3.7832027303899727
2.045897675493681
-0.602855559743493
0.22342346435813878
0.9868765927882026
0.014838798397419943
1.2992750308109902
0.7680851587980123
0.4411354080999515
1.069159836902939
-2.543480904460151
3.927155031411276
1.3559263883963524
-0.5116263298556272
1.971204395385
0.7256143973531135
0.19404497571725932
1.0972906742152213
0.5019737449924738
0.6301099315578155
0.2204209250596684
0.2781153673483575
0.6139466205651621
0.31982302707235644
0.8520336221970226
0.5577697962751614
0.8557434007751965
0.9434187138220391
0.28146378763411806
0.5271871539207532
0.8235600800996047
0.1973190751535097
0.9550281804750297
0.6575253958315148
0.3377318168104168
0.19078789476614402
0.46030401088941014
0.2176514638550877
0.878860601635203
0.5215091600178374
0.631374750026218
0.1993505219213687
0.9151595894818466
0.4585776535302511
0.14700400907367814
0.00550102935558837
0.02109478093189932
0.3206170890361219
0.746639758440833
0.7112961534440969
0.4237498091847615
0.46064850828935855
0.4004330438294964
0.5379705540379092
0.09620552820552489
0.563566552991577
0.2680990980108924
0.5650003711299048
0.5061706362109384
0.2859223471626445
0.19957077811915036
0.010690987890935135
0.6492741586201526
0.17781521525640065
0.09977825909161653
0.31189953806804277
0.10657150694618367
0.4181623254093203
0.8388444167232124
0.12098464496479522
0.4445910972985184
0.6818290054233173
0.08951376228346919
0.07428828328973147
0.9073403509177369
0.3601431202553953
0.8696679834220283
0.18791550373085664
0.3561787582895204
0.5035880824860082
0.2766385531019505
0.8280288135564292
0.3305959484992059
0.17672094095229818
0.34035039404330614
0.9404228458698736
0.6027506965100113
0.3771731831071471
0.6999183817543314
0.10849978819620687
0.17212599282637664
0.21957694787457016
0.04702536369282573
0.5443585822599895
0.6918926017385914
0.26023994864805966
0.08199465464852862
0.8292028473663956
0.27907045743818104
0.10758138555680896
0.8001044039472242
0.8681476035959041
0.42497151955864143
0.20105621303396293
0.5261095296571323
0.5260999744612469
0.49316258771735655
0.8123545183099096
0.5687039381703758
0.7896335917402788
0.7445654231819354
0.5189257627891344
0.9616725086775822
0.28283836460270095
0.48507898774049607
0.6966686415794688
0.9743857206940228
0.7112903632096895
