Architecture: full
Number of States: 16
Parameters:
7.356260137438875
-15.0
-0.17607427331820535
0.35770301711092795
-2.1793184472923826
-0.6002745024792155
-13.508518531803642
0.5008889739277542
-0.6266556532791031
-0.0573796782599512
-7.581503172845861
-0.9969724574800571
6.147965726986521
0.900850231196061
4.6780795042183785
10.428776875742791
-14.639565503865978
-1.48242506904893
-1.9425792304676646
2.3715872926073254
-1.8469329644285248
-4.430892266048301
5.31415500188365
-6.441233848676607
-2.1705929287661885
-5.3098462435024505
-6.409909721185184
10.389684051896111
6.097450738452218
8.573134001384004
-1.3733233917197996
4.826078662417508
0.660545779588321
0.443660122264797
-0.34832736947130816
0.3810574909329475
15.0
-0.49927983590863906
-0.2957008955575152
0.9540862527465691
-1.043420675964283
0.27834665096519773
-0.8850838308552251
0.015990594218313177
-4.458906642964621
-0.943423696854948
9.97303200286952
2.882398063309636
0.688888573203474
0.004231542396800867
4.46620531153771
-6.118762376747344
0.07788372438545295
1.082804660636736
2.1075435822860595
-0.6384646829108882
1.6364547471901407
-0.9866478749471598
0.24900580896399813
-1.8970616237111197
-1.3907109736027894
1.4882137047501565
3.031090271893949
1.02217451740705
0.23606674653691376
5.5636481553428245
-1.141326342362469
0.30187838764279534
1.4861685018177415
2.087917417978387
-0.5834526701786276
2.913112546409755
-0.9653101828372828
0.47584989986975934
-1.1526645818141052
-7.2615841882728525
-1.2213927596965335
0.619590139099044
2.447956624468194
11.294871810030205
1.7055912034565412
-1.3909128217667908
1.6592347650377455
11.493197064730253
0.35105154102616837
-3.2326906257928156
2.521962470541676
-4.538491624002776
3.6363611288626525
2.2090164690955527
-5.145994697309721
9.512603423153353
1.8292924170137557
-0.927351521654984
-2.758749261124922
14.22323087292017
-4.5617406507389715
-2.670643217186228
-3.950251149942821
14.522237855951898
-3.505173170349614
5.058284904445451
-3.8755210686662886
-0.44473916644779754
-1.9158473872757629
-1.2932327682131592
-2.9438096847611632
0.03812316687761422
0.3268528432218249
-1.306332590081295
-0.5004243931086063
7.433901476501384
-0.7203083314776773
-1.3528320310022814
-0.3312884150754828
-1.313520777366872
-0.4700884746604055
-1.2846344642606136
-0.8613851511653556
13.67596856216004
-2.388188202341261
-0.6978952283783819
4.842009691200241
2.794388924043797
-0.6735142436180185
5.985833791241911
-1.3414671113924292
0.6246679523793546
0.18584095856648983
3.0254766154679347
-0.5667069762309493
5.341349633507795
-1.193792527525373
0.38695216478553013
-1.3386045523710022
-2.1483135963856532
-15.0
1.7868180405691572
2.5861074788535223
2.7957845424228753
3.0488554148421385
-6.999927768234135
2.1166769999452377
14.571899261433426
1.6331115364394972
-1.0320467142638678
14.781113876675832
-1.833292444563312
1.3246209174577528
-1.2851434536660704
-1.8267729705354847
15.0
1.304333640938572
0.5015931767408428
-0.5621656029212128
5.119227380192187
-3.8132470028883274
-0.4459643919411515
-0.21573167260444895
1.8083731316163003
-1.1808905226386006
0.5680489220047401
-1.4932081855827504
-0.3207809883833384
-3.477093689205685
-12.328750063743161
-2.669376322432276
-0.3733347467159167
-0.792424845091426
13.24790217847127
-0.3273783811899745
-11.852598161673026
1.2629356576338593
-0.6307859643014131
-0.9051268654866698
13.437536811910917
-1.984052434335672
-2.682015967258799
0.1136720539105634
12.57106539188822
-3.6549936992162952
-9.00908407222578
9.124022503561173
2.0149289754597897
1.138607100562963
14.990392876103092
-15.0
0.4126049403312058
2.086167258864979
6.558799873356099
-1.7287050176800374
14.6934829451425
-2.449741056477834
1.1876456200924501
0.10785043831346844
-4.469972471133629
-2.960698545955233
0.12751146987853484
-0.08859205933330909
-1.2468432020544604
0.5269151554966267
-3.5472643620132094
7.007883935301059
0.27978977136761335
-0.797190534494758
8.161968604980755
-0.6034293931879756
8.154906710770701
2.090170203568593
-1.1604310590453955
-2.3214730736679186
-0.6441048568659441
0.768626275389678
1.8828106407108491
2.574762394861727
1.7525887515214758
-2.0926205245787184
0.6696042628535007
3.2809375146555544
0.5674653701232399
-0.9594732563733208
9.636308191438253
-1.0735530210871815
1.2386441054967998
-2.706561431485267
