Architecture: chain
Number of States: 30
Parameters:
2.4052138555641345
2.405150198966891
2.4052343369697082
2.4052175846536956
2.405209017656189
2.4051590972366657
2.4052248274450223
2.4052032953840756
2.4051963632412092
2.4052159313895953
2.405248362189348
2.405193820655067
2.405248290788928
2.4052100703832493
2.405227175394318
2.405210201726742
2.4051912100517936
2.405216811287685
2.4052321312338645
2.4052049346118083
2.4051946015353485
2.405144455602409
2.405204994100149
2.4052449503778406
2.4052209638525586
2.4052074888544555
2.4052006140809272
2.4052166707565785
2.405242950293
