Architecture: chain
Number of States: 26
Parameters:
-14.999799403217352
-14.99979203238213
-14.999808093476025
-14.999794537946935
-14.999793387564008
-14.999811761249603
-14.999806441774822
-14.999793457314178
-14.999799599305316
-14.9998141953546
-14.999810844175933
-14.999813793043145
-14.999820032149692
-14.999815053840967
-14.99981138931147
-14.99981216725421
-14.99981839404842
-14.99982092089588
-14.999817809460406
-14.999836575184297
-14.99983128166201
-14.999825533464598
-14.999814620595119
-14.999836575184297
-14.999811040823928
