Architecture: k-jumps
Number of States: 38
Parameters:
0.7052626436798662
-1.8376364657981727
0.6891167563231212
-1.7592614779294582
0.6929734988171401
-1.7663303090983815
0.632969588926824
-1.276676014513989
-10.574082833702864
14.999998185066932
-5.482703751985534
-10.316795039248008
0.6474733786326722
-0.7360488987555145
-12.859514767771822
0.9314126865448012
-4.649066703532087
-12.493562425955435
0.7937172107802893
-1.0763703180051105
-14.999909515415313
0.5335332196499202
-0.09792407605481432
-8.716995984077384
1.0335927318088338
-6.646167150968599
-6.581339927612813
8.730616369990441
-15.0
-7.653797580191788
0.9787833252106737
-6.6313870202801946
-8.314565293225034
-0.8629347949280198
6.640594657841339
-4.205244333901707
-0.3342179702706124
3.41767586594153
-0.6555222229912424
-0.2542045916094146
1.6987010978388841
0.7192806440038189
0.013723464479807249
0.21226367922927172
0.24856206779555637
0.39211702082166616
0.4952046631512021
0.0934414083542595
0.1535891863057311
0.4890512075493927
0.3819596276970857
0.18119494939747144
0.47012403955962173
0.04241220869865401
0.16357090359845794
0.369568377441377
0.5632828577626842
0.2835003437800544
0.31294090699539967
0.1609038900442794
0.8489177653455559
0.39305766945672904
0.2913405606877204
0.8461601469098039
0.15224277802640174
0.9192067107387764
0.12057687689894803
0.8354108707295205
0.015681139319680182
0.8027113829994559
0.3438485231921494
0.5946504221651852
0.9685000487785727
0.9023163850068874
0.8887824860082578
0.630581991004723
0.8760939582645446
0.2510860291577999
0.11499164742981982
0.5399625707210013
0.7683779343709608
0.3264464178419455
0.6956998481477423
0.15205549519228367
0.5269487085840617
0.4804726697400086
0.831042055358857
0.7132658642512948
0.6595432748196529
0.3036606975503433
0.8895921162610267
0.8071373377390682
0.5602401693735981
0.1209511811583942
0.19498076893074434
0.735922049511611
0.8999367944991717
0.9424602902029456
0.3843670466841336
0.4379265755232322
0.8235871233146722
0.6031257746429044
0.5799916407009501
0.48244210865061654
0.04685475113360993
0.24490302796355723
0.2986993695245901
0.42368204400758247
