Architecture: combined
Number of States: 26
Parameters:
4.678932238901236
-7.7838476375491545
6.608102468143253
-11.88482391187612
2.949984915355232
-11.555041444276425
5.136406361107398
-8.802654475981425
3.1437066458737353
-13.46574383164022
1.2416910143317554
-6.5836921020330115
3.1690042570787327
-6.7870643991782735
6.565791269202106
-12.98398578611037
-0.5346625015616981
-7.6680685075524355
0.7276143411061262
-12.485991227501383
-3.176874033347994
-14.999985601293961
0.8552370958667314
-7.719379727248568
-3.210242945282197
-10.372502977814497
2.975107007648209
-12.471886348513909
-6.918863968063899
-5.572218319683187
3.7674328314401975
-11.117694410350083
1.6673129495165582
-7.324457519374935
2.2142573416498452
-10.620074474737233
-8.899818242444521
-7.1109653596377544
1.882310919025035
-7.369690344131799
4.185940607248547
-9.221310917039668
0.9332831963304752
-4.846710548017668
1.7592064041192275
-5.5021504119388895
-0.28356613833097316
-2.853313609411577
3.7455710760775784
-4.439120905584751
