Architecture: combined
Number of States: 36
Parameters:
1.8464373872735873
-0.9554813339488145
1.9566333658270003
-0.798457976508029
1.9476315783538596
-0.7344292235084876
1.9675103707101238
-0.6514286157227476
1.9340373248346676
-0.593082963476715
1.8380483135220864
-0.6152933182093221
1.9328719121789126
-0.40151457232077115
1.8145067895139653
-0.4740781452142151
1.8320406527548874
-0.25102953916856646
1.803998592375491
-0.3161768440471756
1.7525395547798759
0.08949807916321866
1.8641061790355957
-0.39306370863400075
1.5982293872022388
0.6267254480478908
1.7240701031009666
0.13545789536837352
1.8962805791437065
-2.866506909004111
-3.029226664813353
1.7997170255775026
-0.8619287966573087
2.5525171094134436
-0.0018867500617834817
1.1731441708453634
0.5560294854923816
0.44877027919139245
0.21912073504977908
0.3138468062635324
0.42089121634375626
0.9643092739186137
0.40432222849948873
0.15219404461516184
0.7082902707257748
0.35834952667355324
0.1702022138378484
0.33497410988723664
0.3246021809515842
0.26800944889872325
0.9190902359716534
0.4983629925419333
0.6692522142654233
0.12555213636090545
0.8269907697364509
0.6452889527338234
0.5283772560075893
0.07871332230393613
0.6792265339755006
0.19795736709427258
0.942014345876852
0.7007690079820995
0.5510007976646702
0.9709313154274545
0.15783037945096123
0.6330897812576275
0.5674638902607357
0.44297827025100445
0.180030470221893
0.0147020447084798
