Architecture: combined
Number of States: 28
Parameters:
14.862934467669715
-15.0
15.0
-15.0
11.899140564634896
-15.0
4.005889238020953
-6.828334820945549
-9.29747421660964
-12.037766815565673
-13.827211120978001
-13.527151472840533
-15.0
-15.0
-8.677556175089506
-15.0
-15.0
-15.0
-0.8175693543964627
2.022456538790885
0.7128017794044877
-0.4559119218204527
2.7148558588166214
-2.032456608792446
1.8039386029638707
-1.5772411522254
1.6268134413341948
-1.1636449068875698
1.4619234483497097
-0.36701118082437073
0.53067164833882
-0.2889672738948138
0.7280372393095977
0.03669904188141907
0.4703944530055787
0.7735424898535206
0.37426537430560913
-0.0829041203736427
0.7766970497202463
0.10981357278016282
0.7330972829243796
0.9314581299181628
0.8640540510033955
0.7240828559781576
0.3172259035161019
0.3159611813912979
0.7489822806288683
0.9080549730714033
-0.24907254168864043
0.12768713438919735
0.578221758899435
0.7159247636685707
0.2579201985997304
0.7006299094316515
