Architecture: combined
Number of States: 24
Parameters:
2.152182588696913
-0.6740626891254434
2.139496160785135
-0.6298617320724361
2.1591907447113146
-0.5561524727346188
2.153509839901845
-0.49081987295688173
2.1615788751507545
-0.412603046079908
2.1362416669688726
-0.34522534690028234
2.210136147977615
-0.2025928132234237
2.1042681174312965
-0.19847051050304823
2.0970741789809457
-0.105853474451534
2.141480881343317
0.04178127143959358
2.0472645856419462
0.14084654480971892
2.122156029344182
0.2748539706194472
1.8501972738903147
0.2288858340244797
2.1823445960877104
0.8826949942232467
1.731091673859865
0.7095385995630548
3.0755224606829907
0.4740320300772535
-1.7574692616184997
4.585132749721121
-0.56314359127894
2.305345992490694
0.3059274461185128
1.1685327931827814
0.5042611926771933
0.3698737248668871
0.4830708331417216
0.8470658655252009
0.9420590191308558
0.030755695806513828
0.20991783107933415
0.9064619159129296
