Architecture: k-jumps
Number of States: 36
Parameters:
1.0010061202237308
-1.6280982091391454
0.9873968404411492
-1.5670073041448018
1.028672092485593
-1.4453321232368501
0.9844790112841605
-1.45714983329854
0.953928852522445
-1.1357280902965332
1.051964653688652
-2.041209914916058
0.9543718745395562
-0.3450227701273323
6.248759922535609
0.9871703493814044
-4.4822607240044
1.1909298095840568
-1.6775440111091995
-7.251889943430754
0.7398638049967323
0.2475787737960984
-7.1872149553921085
7.0879796400587765
-6.12851982546362
-5.197187466281194
5.935294392765292
-2.801680788318163
-4.917335867082856
3.254999777790251
2.2803944917232006
-5.608505192031832
5.569306696871785
0.6630754579083047
-4.703163109150968
-2.1273900338828677
6.174103128798766
-3.1474218556449522
-0.08637202056313462
1.9453512504422106
-0.44662560010510216
0.6734096727047942
0.7086296880530806
0.41287759505785976
0.25274357123661223
0.98892068616563
0.6321817952188485
0.1318114286337191
0.6820785998174135
0.3816226366347021
0.7293923074059364
0.38888510754556066
0.8567632862195006
0.07365315796681948
0.47344543817975815
0.24976967971908703
0.5850401175204346
0.9871611380999056
0.607121713139456
0.6732995487718162
0.800162273985684
0.4815067942069031
0.7246167028789853
0.21305795998422494
0.5165860158660929
0.8595178733035803
0.38344955035088446
0.887615237552157
0.880299941923402
0.6928774941493935
0.5279106073398991
0.345537540593839
0.825939435694944
0.4733952794799253
0.8043553462006043
0.2800870217087199
0.24141744104849905
0.7050653314019245
0.9137832859611932
0.5494498833251409
0.11228384400714275
0.3299193506413485
0.9040012983673305
0.3675090034743578
0.02801372223663723
0.051984341734214845
0.4767506420556942
0.4569329790939486
0.1290978388659847
0.0420243238810698
0.353768029347569
0.4043018317766901
0.19992542908801425
0.6136768256546672
0.676545925052904
0.8881859482573613
0.8200196212302857
0.05338891684258795
