Architecture: k-jumps
Number of States: 36
Parameters:
12.953090835296745
-13.438086559065498
9.855642756286699
-12.718544507298922
10.795161674023277
-11.525146463078054
9.198103966248226
-11.503376134515578
9.906974468175376
-12.198534524245963
11.156051027619489
-12.497852191375008
0.23006672129266414
-12.879909623439458
5.601193279349412
-0.04209274040484428
-8.76756641638388
0.2059555564787119
-3.074840276453356
-11.619151476436581
7.109996304543499
-9.713667329511892
-5.173703106296333
4.690768734356721
-6.613350860473513
-4.741300597240704
1.3881690980910024
-0.6520124817287013
-8.254319149658983
0.0923218498726059
-6.743712088888679
-4.0097992046760425
-9.645811824642754
-0.7122676399969493
-0.3124948755567642
4.688819294267869
-9.223694497256647
3.3744650068073794
-6.4551424833247895
7.842775395458426
2.4894690566813096
-2.4964098563847714
5.849721777829388
-0.1498105360410773
-1.3564495421063203
2.339138020478532
1.5780205356480057
0.6364792831249636
0.5503963604797798
0.8040947621127412
0.20775314474751855
-0.3672304287886168
1.0210950534539551
0.6203238644056784
-0.08618220929126189
0.2553677567947193
0.9792205769872915
0.07799050248667412
0.8933623587745516
0.2035948373792402
0.05265293647425251
0.7918105948830855
0.344685168480667
0.5637835195660758
0.11683191225522109
0.2999837986528141
0.10171448562720234
0.848006489909054
0.4924226595803862
0.909390231766839
0.7315075854486358
0.35181888588570687
0.3736631360518214
0.8968230337421355
0.42697411004280555
0.7896048393908128
0.8536178215357705
0.18146016457357217
0.3072991727454903
0.8215977533064692
0.7217152516005605
0.24042027788555242
0.4404260151256161
0.910319176630748
0.5720068919974972
0.8273612019772832
0.10456185254038264
0.6625554020306746
0.9395901813206705
0.1008809364154385
0.18600616572763984
0.15538247366078728
0.7752331728894223
0.01175836115279294
0.522325981793693
0.45013359346538173
0.04314169433541826
0.3502218086380554
