Architecture: combined
Number of States: 24
Parameters:
-6.100629440323767
-9.044530594679799
3.4241917325009705
-10.312034915186219
5.342583067314421
-13.199207759882835
1.497665254304442
-8.631557604377008
2.574134513330476
-10.81142347947958
2.5173202427727515
-11.711512002899303
7.191006943513817
-15.0
1.755461880219853
-11.761149569984354
3.4660752691898673
-10.674720203394168
3.245405926355041
-12.79337816110914
1.497540840086979
-10.542493194716577
5.0167044246455506
-11.045424961942215
2.3993646957980785
-6.777013606413775
2.4368419963416597
-7.110434527746634
2.8806852192107737
-11.97958080058373
1.37274906155484
-6.2291391183838005
1.486546138976979
-9.458350121402237
1.6306961475506991
-7.239596179558406
1.391322296315627
-6.842916634366352
-3.0251729125145608
-11.747716017928164
2.3071949492079025
-8.140942710383209
-5.786229608301262
5.853013318364356
10.454772105696849
-12.68399935557401
