Architecture: k-jumps
Number of States: 36
Parameters:
0.7072370173026264
0.10395084887087125
0.08342853650516735
0.013396496357226617
0.23396935514203054
0.01988783455482479
0.6979710694080068
0.8044294531765528
0.23567076857964464
0.5452043279420052
0.23809281528380632
0.5540212225324064
0.8030708543783148
0.4554033403477361
0.4221641433383878
0.22755814962587062
0.9209641892581588
0.025585752038352116
0.011380606984413788
0.3857618673644758
0.3414813101710966
0.9508362998293304
0.5091589439806415
0.40825530501921214
0.20597826124514196
0.7469689813015103
0.3422923467525103
0.7869820214317514
0.7055384354397232
0.4202285357546498
0.9700623724243628
0.41689330031726435
0.5278998025328913
0.21482442859477346
0.10295048295690179
0.5215088899355875
0.07764742767397415
0.7650940429488212
0.9124359092471005
0.7866962260823606
0.5215411669311832
0.12284467050995351
0.9774267061020994
0.20352902444389387
0.8970747061431196
0.7913579210867046
0.7152048883554739
0.08937486080300105
0.45012029987427926
0.7090200967679573
0.05036301748184957
0.9898141994665373
0.483101154545151
0.23806149959385725
0.7986488999573421
0.7572172795422992
0.10250656385337797
0.5796176376829094
0.28380178485017404
0.5578881998563979
0.7103491225448975
0.7991208112154164
0.4128666965779477
0.48896249617169774
0.20679929922235574
0.26440875528848706
0.4281482735787122
0.7168239993682538
0.9308191026736614
0.13296526386844454
0.13311377277781067
0.4173438434794684
0.19157626639813408
0.4806632800675472
0.43253554712556896
0.9870302339626066
0.7119098034670904
0.4436283953873065
0.562948146812176
0.1789802251471535
0.3004879926546622
0.632553124268375
0.3348762288309378
0.9034608748361351
0.38315000798673504
0.8859432938590719
0.2624651516536577
0.7718918772865444
0.1947273454849826
0.3814084184079012
0.14343921019189665
0.1667265548821708
0.9211603914038645
0.3909089187855661
0.4057003260653691
0.7518414377930881
0.4846615335140775
0.8225772651917349
0.16591970312374005
0.9402003187163079
