Architecture: full
Number of States: 20
Parameters:
1.156901718369325
-15.0
-2.3851629246868993
15.0
-8.934116678264216
-13.537927599992903
-10.186173597156143
-15.0
-15.0
-14.217228761484792
-15.0
-15.0
-4.00486621206191
-13.489195351956312
-15.0
-15.0
-13.865953563983155
-11.127085744194694
-15.0
0.9548661300751056
1.3150450279967996
1.1677927551632108
-14.588686400010864
2.9476552045799513
2.2504359618691723
2.780901472104938
2.5044590311195507
2.2365459480880485
5.820903893969319
-1.919947828770562
2.0929524173144167
1.4303794129363583
7.230441018817209
3.0531887676552034
4.770498319951613
15.0
1.3852204056772965
-15.0
1.5169720479406703
6.358266650327457
1.3147174234287111
-14.349965770686122
3.4190529078379273
2.2151202026796035
7.2713512152872095
5.517345672268986
3.1563958352083334
4.774552801751963
4.419587196331573
13.306512980566755
3.5488395190245607
3.3382948099263032
4.744063779713041
4.727842105059905
7.372902106294992
5.193137855300536
-15.0
14.336130605348949
-0.30201857834393986
8.611117001687283
12.243114385914568
3.020185593200278
-0.9765735157806578
9.296261165837768
-4.640595559065039
-1.3233219077386207
9.198564493738832
-11.502399977878166
12.321942551875502
4.317001636814001
15.0
-3.1711118733309096
1.9338967381396013
-0.8696247653083224
-6.576736784300611
4.086750919149373
-6.013675468893942
-9.011939018761357
7.304021925047318
12.902568115794102
-11.116876977858785
-9.900813310115431
3.558027196890555
-15.0
-15.0
4.892227238758485
-15.0
0.12657553043800165
-4.695365255183288
7.290620948909836
-15.0
-8.474731253427931
1.2002402959652276
-12.3180438040197
3.8795950570182076
0.2759457594862345
4.736529383218833
0.9360026907945282
-14.296428101273706
1.4633660624207108
2.591261443623579
6.0118012909757095
2.3727012492806976
6.2066069480101875
5.601785089056177
2.9794359704114677
4.258481989734782
0.7025699856284192
4.541894004096808
5.143212011667875
2.8438119335026406
7.71950956736423
4.108402245188669
-15.0
0.5157530367860085
4.499949462748613
1.2961687602517784
-14.368749107082932
4.244057297473155
4.934384589498289
8.277196116747607
5.200442847998374
6.44644857388684
11.226352903971543
3.235686431184195
5.571900122976448
3.7533535369194544
4.293865514293214
4.894813697320409
6.812352501507537
4.024350920088898
2.4981856892501297
-15.0
1.266067487543244
3.023999475005421
-1.399584249018631
-14.261186769897115
1.9049096167099697
2.5851573200777964
5.364593864039696
8.74430471352592
4.255362828985471
13.786239167945554
7.2721123214813765
2.439275860359368
2.62889848609712
5.871571370199992
4.824883174823461
5.545090488860292
6.816466079644439
9.538223876481672
-15.0
-0.5370258930216517
2.651843562238724
0.18073785890940391
-15.0
1.7893304866892923
1.864596821051944
6.448930390610478
4.490698431787458
6.591045458596702
3.0249318812127153
6.03719586835003
4.871778043925867
1.505985017975781
3.613944664099572
4.69042167784466
3.5050568778443694
4.416989485678725
6.573118458285466
-3.110109885589151
-1.3480558688732596
2.939955976282458
-1.0337039545559499
-15.0
1.647148345267637
1.138622541147045
7.64927050743541
3.14149823961372
4.470354826248364
3.6951294334304587
4.099661160623023
4.0155294076429255
1.266182061062502
5.521100770072602
14.525290000626528
5.071357839889197
6.831695056686733
3.0490285645849746
-15.0
3.4316344016544074
3.084622089131794
-2.3012075723443743
-13.637437615612095
5.614244941903848
4.920801613345213
15.0
2.6408757612402365
10.114455950129043
8.378673153115288
2.281975794769993
6.487742658149357
6.298744467984644
3.917625839931741
4.299187390862273
8.561298309589846
6.838046342510927
5.76248798592548
-15.0
-2.4920985177333144
-0.25826665789751246
-2.4962434293624107
-12.33570889429461
-2.1250535449112538
-0.274967562256868
-1.0706476098007827
2.200342590856928
2.5482662023503515
-0.2510307316394333
3.655770535285599
-0.2608341943058857
-2.881361368396804
-0.8816322062553879
3.223485452660802
-0.16981740791344563
1.4438226572045592
0.8272431105134244
14.999994738325888
1.9833112745573411
1.2976037389033968
-2.7484082392698417
-14.807778048135209
2.2119446891719368
1.7298393537953627
8.124814264867657
5.184280095369152
4.568759466376374
11.803376579941455
1.1505738732654458
1.8578692627756141
3.080907958228186
2.570237554157542
4.688856697187813
7.540895621771437
14.836697025419586
4.263108555852564
-15.0
-0.6765024042608621
1.3006109513784214
-0.3856162790241362
-12.2807919144301
1.0082873448015564
2.0064346507294744
8.976567246874229
2.6355493279432514
3.009484725544693
0.9029157504884565
3.2164561024880274
6.680788828868921
-0.3423937569394238
4.499009122772908
7.205717630575975
4.979916110638851
4.177411340568348
1.4065523999143148
-15.0
1.3913730811491767
0.17738675843000443
1.358694548165877
-12.983894646969183
1.3565793668749775
0.24339117557856638
5.9576630772474255
0.11557589141448761
2.9898129418268433
7.795501280885551
-2.432392877386176
2.949002031545527
1.5267565246270487
7.36586599344753
3.4531208416650436
5.22530404885134
15.0
1.6832995266613673
-15.0
0.08861791055910297
2.4686901712496407
-1.086991978059814
-15.0
0.4409668948444467
2.40229237212628
8.815150059974494
1.6886270830828152
7.6728487274409405
8.18359028771391
4.617021981088703
6.005031196085135
0.1754485787235469
1.9313021310990808
3.101530468172287
3.1589404291986796
5.8680860401756885
3.8969817307359205
6.516912879240133
0.8281763861844457
4.085146964291547
-0.44000462901336596
-14.652240771015235
2.154253342814461
3.4604496976004255
3.18299837681928
3.2023507167348826
7.3205466492617335
10.143400419956007
5.25000501639686
10.669861104881257
1.6076308662140821
3.520252145273503
7.745788178058693
4.784757889578679
5.66867237022046
4.7750898937726785
-15.0
5.006112878293271
2.3045023747603484
-1.6549393330301485
-13.955831711008777
5.939074149960644
6.254768665030029
8.673042375304263
4.359866027280228
5.550931662813925
9.328647353739495
-2.710556603567694
11.965755081420363
3.742931810290283
6.764989655363793
7.547721313481949
9.131268145787214
14.845323003120967
2.3108565178220037
-15.0
-3.9278353797313286
1.2661713156680054
-1.824597739011972
-11.757190314198029
-0.5691869780145694
1.1090148437933507
1.653575480977415
1.2679185478690773
2.259138929441652
0.8670886816838931
3.179646240720108
2.9283067546268535
-1.389870630249119
0.7401155409718075
5.378773776090527
1.1010001106905225
1.7749827639946612
1.1523403102651646
15.0
