Architecture: cyclic
Number of States: 36
Parameters:
-0.000121102914505172
-1.7273418177170459
-1.7410145620985382
-1.7206730299380903
-1.7736503442347733
-1.833988374787216
-1.724642996033513
-1.7596259046313634
-1.720702854405786
-1.758854539151492
-1.7211153036039128
-1.8402203869903135
-1.7216041258377812
-1.7280699066695835
-1.8124209584648048
-1.7273713009274538
-1.7215637060823736
-1.850472810703623
-1.7509663393539772
-1.7511412254111454
-1.8087050512966931
-1.8286998333471192
-1.7449090062102286
-1.740693805407501
-1.8079603542117773
-1.7474021762035055
-1.7706061065482346
-1.839083402657807
-1.735329335437389
-1.773067854101833
-1.7352053794063207
-1.7589653040984123
-1.7872206850165908
-1.766460790293963
-1.7298659046953202
