Architecture: combined
Number of States: 16
Parameters:
1.5217678144942701
-1.2507026031209807
1.5548707093282648
-1.0571575119104948
1.5170245364863673
-1.211817393025184
1.5206312739657513
-1.3736184061641243
1.495484452381062
-0.5872073856993998
1.466282651982964
-0.8745841414578825
1.5525636251330264
-0.8810734317656229
1.4946623247614417
-0.2863676127215058
1.4637327658808983
-0.5733681670427515
1.401867899519575
0.0960603532015123
1.5439076287078062
-3.309009449779778
1.116904450174079
0.5928915421058836
1.5982223632872257
-2.479461534267537
1.5060600920723108
-3.3897190705327405
5.990367551948275
-4.2394337716969686
