Architecture: combined
Number of States: 32
Parameters:
14.999832216720053
-14.901784830094806
14.893712713980893
-15.0
14.79501082014068
-14.873495739298342
11.101209625987162
-13.648589002794584
-2.675831476876218
-15.0
-2.6752332895904964
-15.0
-2.675221063419569
-15.0
-2.6754482771875687
-15.0
10.235278751241331
-14.96840375774481
-2.675302892674546
-15.0
-2.6751956849632084
-15.0
-2.6753117334555876
-15.0
-2.6753552323203533
-15.0
-2.675171931130504
-15.0
-2.67522479105877
-15.0
-2.6751364349758417
-14.98370172740081
-2.6753921072632614
-15.0
12.158308530557735
-12.64559680712034
13.541389324450035
-15.0
9.597665505516721
-12.52164392095958
-2.6751360278138225
-15.0
-2.6751909335227655
-15.0
-2.675169419847362
-15.0
-2.6753023739758763
-15.0
-2.6748347202097302
-15.0
-2.6747765269319315
-14.85397058348546
-2.67520622756688
-14.612771267970043
-2.67506407445585
-15.0
-2.675261468623821
-14.007323906556906
-2.675539677401762
-11.672415333377256
6.518087078189645
-5.165340622172252
