Architecture: k-jumps
Number of States: 48
Parameters:
0.2586429510339494
-2.1062379122630523
0.26373498649013016
-2.106423902286301
0.20337706986478007
-1.5883456499214796
0.43289662722258354
-11.341462357713382
0.11429822060790817
-0.8615699729036892
10.157118710037274
-5.016795030468299
-10.105075815190949
9.633205998837534
-9.676146081322575
-9.170151728277467
-0.039310842471144976
-0.6093855977517514
-12.575004845008412
9.751746380102693
-4.19256980711379
-9.961865766128472
5.164667309200576
3.063011998808667
-12.97149822885422
13.821028597502373
0.13721222538613542
-13.86685176010125
13.464993560819222
1.540361431807556
-13.76313089893633
-3.6463362751913286
13.892559356297662
-7.9374862563116215
-1.305338983436371
5.478243479265243
-1.8392875319277462
-0.004452977275654746
1.2073698304612095
-0.23454036156782299
0.48009292429173467
1.3937642777843189
0.2155995935435766
0.2086149865309217
0.8213974413107465
0.8189895184293149
0.599343880401432
0.9115283892308969
0.1158349769816281
0.2553507942813692
0.6964634491597592
0.29951974712215285
0.3605807588930041
0.8550884763297406
0.8299044715370916
0.5745507256260223
0.7738789881206999
0.9128964226153554
0.8514203105976083
0.9300970228277926
0.48340477561559936
0.9881250736874813
0.40067644307139283
0.5393415892591298
0.02914370492552254
0.2741790098940733
0.4399362758315014
0.8286751250826812
0.054155179191686664
0.15190751089838528
0.8328383219011609
0.8561852289881001
0.33425055527246006
0.12337683054586268
0.5099323461814605
0.2945338193052808
0.9037498011328647
0.3302659995532704
0.34651567176999065
0.8139467442390311
0.7605927895245547
0.38220387386291255
0.03905483817270594
0.5172000071861923
0.0976588820711285
0.8450595772666701
0.9363447526348606
0.36469420625852345
0.8638242533289908
0.028439371109911127
0.20610231840645554
0.0976450658568313
0.6336023052003159
0.5315218809179342
0.8732126362299426
0.4695804548697501
0.8630635860441005
0.32916921905132923
0.7403622262713494
0.9752040043838752
0.3925447853236601
0.48786407660818676
0.24685497205202478
0.47988118194914997
0.1830807630704333
0.01505602973748954
0.5543821503348094
0.26801899968578047
0.4973837535000061
0.22362513042463084
0.6635173080205338
0.8455871011519395
0.6946697018675665
0.2727514395571248
0.733582053003137
0.49406957159014164
0.8322725611551965
0.12745747732160495
0.08198125302400316
0.7201156030187252
0.2757618380257879
0.6161810314017021
0.964656391202288
0.791439837198986
0.8628386812406303
0.3382510102444869
0.11938986213874736
0.2537276641362214
0.5440759943453348
0.38439685156494574
0.2838508162713692
0.9495570490252693
0.8499244932767568
0.3116865943351257
0.5732253109338612
0.36153105974867883
