Architecture: combined
Number of States: 36
Parameters:
14.855414261644368
-15.0
14.987973149166038
-15.0
13.551835535643024
-15.0
-2.493113293455717
-15.0
-2.4950961554507813
-15.0
-2.49432545377484
-15.0
-2.4958046794615134
-15.0
12.60431234217575
-15.0
-2.495716658878236
-15.0
-2.4933960572639404
-15.0
-2.4993627399989675
-15.0
-2.495322049893764
-15.0
-2.491080504684774
-15.0
-2.493057278738031
-15.0
1.5624048197440192
-7.977935373807281
-2.4946463194636888
-15.0
-2.4904552828197475
-15.0
-2.4943236562207063
-15.0
-2.4949949275736443
-15.0
-2.496058490613678
-15.0
-2.495148942524424
-14.733677790895518
-2.493297754242922
-14.708419473112714
2.4385698679610757
-7.645392656281967
7.028024139863484
-15.0
7.077650247635745
-15.0
-2.49603804627409
-15.0
-2.499127266198308
-15.0
-2.494549099881807
-15.0
-2.49346837349486
-15.0
-2.495375384457481
-15.0
-2.492162430771532
-15.0
-2.493652697152593
-15.0
-2.4975358476144622
-14.748114314065559
-2.4978427929114813
-14.99997139800219
6.206595935976491
-6.289293668573054
