Architecture: combined
Number of States: 38
Parameters:
7.990055129369831
-7.344807866199643
7.950572480115762
-7.376897543334527
5.346563185007709
-9.629719600684489
8.073761131153974
-7.295031660160997
7.691143585058465
-7.609231407081093
7.64684353706085
-7.155825699854409
1.7281674848911983
-3.601138667813507
2.0137509355260046
-4.264723213728953
1.8433863356741085
-2.8790542409846216
2.1951670556125094
-2.8757076753040223
1.7251752660016548
-1.9704201602443556
1.789458970640974
-2.9609973195364137
1.7540031607758575
-1.5896793752958756
1.7816172489217705
-0.41611028517243204
1.9839955381772723
-2.8972053348281404
1.8626289465816603
0.33673960950450066
1.9157964625720363
-0.4731279090539593
3.9064756638515807
-2.364204093704281
1.5376291195174756
1.185184668103132
1.0191309494998277
-3.6752765178185265
1.1358295551762791
-4.1546898423918
-0.06570178490881835
1.2411881754563368
2.0387510277347194
-2.197638607308684
1.30094145467811
-2.5969275929299567
2.0659772742555043
-1.836878041684839
-1.0564595759007034
2.741909166739975
0.05089599024034978
1.3197042155421186
0.15164936140867014
0.8374039047790599
-0.33434725259135306
1.5938573633507085
0.25324757446269486
0.592069973166297
0.4650522769624908
0.5414439408256914
0.7530126281928574
0.6295291930020339
0.5438497742625188
0.8313067561047078
0.9627354541491241
0.047682954926162584
0.24331134175930078
0.4769723954911519
0.4553319064495269
0.946772188283973
0.1552977387191664
0.6688341330871341
