Architecture: cyclic
Number of States: 30
Parameters:
1.3863991277806171
0.734159664471701
0.7342657474300004
0.7280151900134291
0.7295658525394954
0.7344433978376067
0.7383821680844
0.7381930925707588
0.7285177444195583
0.7329142584121803
0.7332469180188992
0.7287404379072351
0.7339188502218766
0.7320553968073771
0.7318778213014058
0.7365622252131324
0.7340220782612139
0.7327425807472866
0.7359100702542878
0.7334153890938867
0.7350325299515921
0.7357136424266701
0.7375948646872154
0.7325920108526539
0.7279498200805601
0.7330790790969518
0.7174300773661522
0.7324721680805574
0.7359292313285294
