Architecture: combined
Number of States: 20
Parameters:
3.8201461884200607
-3.7562775279695426
15.0
-15.0
14.83704870053416
-15.0
6.17641715990191
-9.075547745073797
5.721942396212218
-6.603107056892922
0.8657418778197324
-6.8521012513484925
-6.102149708246591
-13.395263545128584
4.953732888352262
-9.743881522905307
8.759684382689958
-14.582793276012172
5.995637622300493
-9.50543623985301
5.444652620408211
-7.3081909937680365
-2.4616274454600426
-4.55394024331894
-0.42462705154604685
-6.5659121845272015
4.936904562520556
-8.08634108767161
4.153115738799218
-6.761065481882317
-2.2795384424382794
-4.877239109772933
-2.3670944273846097
-5.04396613427604
-5.300112068512698
-2.3263385348064882
12.147284594231888
-15.0
