Architecture: full
Number of States: 48
Parameters:
1.6214996604530205
-5.890929791273161
1.6212603056319774
6.81204378629785
-4.727658652327383
4.768312785583593
3.5385435199421025
3.771732878275299
5.571749653492234
-1.1199096231304757
4.83140257496871
2.130413366568766
4.339550971964308
3.8066868198623354
0.8987824453631938
7.597670290164592
2.5878411666492735
8.06083616016322
7.446013332043319
0.6188877075338853
4.727397526339906
-0.983835924941108
-2.577215257419722
-0.6160970708655527
0.628204388911591
4.110238926912299
-0.11820247816305035
3.5852663351903047
3.4056649089334114
-4.4465779708465165
1.0675422994341617
-2.6996552180065545
-5.711050760357646
-8.009501905768904
-13.255013693529557
-2.0510205337453145
4.614127259960763
-8.646382914966377
-2.712667824569887
-8.490065003244395
-1.2475074299260462
1.6763937092991288
-0.2072624463842017
3.570827326762412
-1.2588401542495837
15.0
-15.0
0.8334949009126489
0.20528645193829928
0.3773312325944731
0.11641161251862733
1.0029995236694693
0.91446689443225
0.1282412319035624
0.7223866562002595
0.12395710602308374
0.5210677589927708
0.9275450544199977
0.31651312215249194
0.7583049361614123
0.25957898146210395
0.9201460320945535
0.05012391263947321
0.13394511940170378
0.08404645981161864
0.7453586404850258
0.6623088951711086
0.5752573854525216
0.7263744625452906
0.2688782281150216
0.679835978775482
0.9380159836487795
1.0998325011237038
1.146219508352872
0.25380299092096714
0.045149558358280904
0.9960117009419913
1.0490243756085698
0.48437278069183504
0.4147310557975619
0.32592019486721624
0.6803772352247119
1.0666092366513946
0.9294128879944352
0.5718793775985914
0.8039193223888947
0.19581956613849708
0.14439916444083714
0.8690875550254266
0.629763521461746
0.4103253391902739
0.5451900013060873
-0.17741216891017053
-2.339069626360763
0.4004579558867915
0.3046442550375217
0.3771311211858065
0.4179495642914505
0.07871961439309733
0.49540394949962274
0.46450281553357753
0.5769843860696866
-0.10790207017311813
0.30111257990196105
0.3769233473826133
0.8582318397837039
0.17844470780781954
-0.04142680776689646
0.4331128338612172
0.0017515399195546406
0.6693551566723314
0.28941167622169206
0.5675774220945518
0.005247686895292206
0.5598892008712539
0.18015653795751949
0.4051812509967586
0.4726691219599559
0.8119291026282258
0.6472365932815657
-0.02158588949886433
0.04559045395379009
0.4095247388954861
0.3299350004534096
0.39864772436298085
0.8424458887665902
1.0552510754007707
0.33043035890019473
1.9969301745151768
0.7787761424571915
-0.029244266587056363
1.1054607498783025
1.1044861285879888
0.6851455974382507
0.8904628446923205
-3.878895721730899e-05
0.5079323088960618
0.37277144632699144
0.0846023116023873
-0.3212487227488957
2.7359256631022775
0.6935216582922185
0.9688127079766018
0.719112843302737
0.19761499676844138
1.2022709810813945
0.6691512297382228
0.5140386217096353
0.5750546382156486
0.09109846676132584
1.1422270674184143
0.8086030854257324
0.7759679412218744
0.07560231895404462
0.3613776727934761
0.35951692463591245
0.31668235699609826
0.20695164380603345
0.2612498679425719
0.1859615635793107
0.8089860668143447
0.6406488927657221
0.12491759450148165
0.6910137274579145
0.391825599586825
0.5724017782155982
0.92797334373525
0.6225439168018514
0.13778584758348433
0.11168079235162054
0.32597355855245314
0.16518045830529757
0.5899370321275363
1.5062822455294433
0.6880893180351444
0.5073454878633887
0.823014353678971
0.3391045883982645
1.4673045491265941
0.1943604444352091
0.3640140902741206
0.5507513160271527
0.11603207696429914
0.5356004014064678
0.6902685298511712
0.24844567260347006
-0.16642775222295458
-0.43274687391145583
0.5041384341589309
-0.22579809401229356
0.5062909186018919
0.3920946066712968
1.1312016382975305
0.32188092029972293
0.3283294983107877
1.220989196043157
0.9111226829344353
1.0205094887139585
1.4930169559203526
1.3116459610718623
1.5111708211732267
0.3169923087198044
0.5928926195324441
0.6173539511587075
1.2712983960065298
1.6878937452056504
1.40892599754396
0.8444357090013976
0.9502901381149348
0.17640886873307526
0.34169197675266993
0.26028803287668056
0.0553909313665691
1.491404827930559
1.0683988033177692
1.0964875651704762
0.6647365212693025
0.1503808115388479
1.034775342146401
0.7098570381596061
0.049455713387306
0.46832879819347545
-0.9365925658438776
0.5333775968863314
0.7283723906703139
-0.520147342715906
0.07679930549229351
-0.8993902464800687
0.47310543053668347
1.4660599337626643
0.8743900055177175
0.46634830236777414
0.37273362319675796
0.31340506257401174
-4.707630051631257
0.7023808150225997
1.353342377089047
0.2199923587617388
0.7143549180186656
0.15533135377518006
0.07211847631119303
0.6639913686495036
0.40525662824871217
0.7623629191799933
0.35750250749694457
0.7396882424456535
0.10203083350332481
0.5540138544118789
0.2620648863272511
1.0515444713969606
0.1387702008553696
0.985465476756881
0.0824962140035633
0.4602752919977043
0.2384350269217812
0.17598424352367426
0.31341094456366925
1.1088680976229448
1.0291460523948206
0.6979076446813438
0.8704620333197278
0.8905376252512905
0.327354558295729
0.06007855215026784
0.4996802278935056
0.6695451268603604
1.03402203249031
0.36056327674960653
1.1328358641201877
0.7218794361303024
1.1547845880553362
0.951196183183885
0.812579016969118
1.2394627821217028
1.4234239867038392
0.48846956528901475
0.24957771136808557
0.45939006581365277
0.7707789918065673
1.1027728844927671
-0.31973841907521405
-2.404456265062459
0.2868464480592795
0.6983626933789046
0.8452842756282024
0.4841009505853515
0.9035442768922534
0.9415299948175526
0.719999640293851
1.130015113744209
1.0878586992665273
0.7417993053143076
0.4215123292765326
0.5955602561726676
0.9520716000300404
1.172837931043819
0.3925238757568445
1.1038978745425152
1.069584559857771
0.8063045833089967
1.2213870626338659
0.13521898434831317
0.7382742815004316
0.25453874302622015
0.8767940585052213
0.8831117671721402
0.5073050119835556
1.1128049192451557
0.3199789189139546
1.0845624985938949
0.35722727149946015
0.6182886709487034
0.32528150792664784
1.1804950153530163
0.9355358049297394
0.7973703460650415
0.061515921398077655
0.8389707789313318
0.8081018364441346
0.04830692219395559
0.7528272409928991
0.06605135132959827
1.017584200125433
0.9959354115099196
1.0351029527476934
0.339411579559923
1.0915298801857463
-0.24773940022102525
-4.222781820905066
0.3864703160819034
1.3637759079060423
0.8115140204537835
0.7097091315364817
1.0774244341627268
0.5419532077292797
0.01352488736556675
0.582577582489188
0.5250737637834264
0.5131663817147364
0.35035873073911605
0.8300917967152598
0.7773629895677405
0.7183968408167657
0.634432851031989
-0.060094724043999626
0.25391653290197375
0.734830122016187
0.25398647552378684
0.33165058499307587
0.03595047320321124
0.07233666980883338
0.6025555666329324
0.8465220316733624
0.6510292553497642
0.20475743423783363
0.5156454412560281
0.6564995832799283
0.507709911681931
0.71130846836058
0.8999437462890891
0.368986734289144
0.827017984642456
0.1872867209724892
1.4436291960679108
0.43235962208226747
0.6161338131409874
0.432369777284012
0.3601711826989742
0.3531173105799811
0.337179427138355
0.8531242828331654
1.045900600861183
0.6621195699703263
0.7057728332943852
-0.18209932206407356
0.04887974059620787
0.3982166033922445
0.6758292978868884
0.05205822652193564
0.34950863654041103
0.5975434897834524
0.7700383987114294
0.04363550185631714
0.7832145235888243
0.0757855788097823
1.086011731158133
0.21686658659717983
0.20489786363933551
0.7576199687407662
0.9229499106158404
0.11242972336608067
0.6619441153376567
0.4043957256111109
0.346385821588321
0.5574216053584219
0.26509230199533523
0.8202861931949539
0.29318458557698995
0.5985590028759036
0.2941769684705438
0.849055304713224
0.23850725964928504
0.8017534013419905
0.37444011732458715
0.25740572024456637
1.2781496633256153
0.05495221848643515
1.2008911313450852
0.6628077847610238
0.9337094813689236
0.43526005421696207
0.5018208765110684
0.8984978825066038
0.6763404983674307
0.7337886478819112
0.5109364713604284
0.5010941919850167
0.11885472449411283
1.1166292343658593
0.03273091514007434
0.2556183324600551
-0.2674557870581876
-1.0286148266129538
0.5602577069621225
0.09563914271020342
0.2940999988127904
0.808945878732876
0.7081113678073827
1.0852167650207516
0.21393503332008962
0.5479803770491734
0.07844336699806272
0.5021022915625526
0.751202065150451
1.1764719070209155
0.1129950999599528
0.5161452249904355
1.0283136253070055
0.09369365164082055
1.04851173618998
1.073947331057009
0.8351685613604656
1.1322325432225933
0.4068376015654677
1.2185038730723023
0.06385346786953869
0.5287371214382474
0.2536480670171226
1.012924687133862
0.8129205288230814
1.1305013076866974
0.253842918094921
1.057887878382418
0.47798079320910913
0.9401659888748877
0.5193277131823917
0.294348746881326
-0.05285773267465128
1.186094996348012
0.7139726182782143
0.39327995772962393
0.4132669788508301
0.2183980621845229
0.8301374833754077
0.16862777366786177
0.749341363844079
0.9400713738421254
0.4760883132729139
-0.18851127212601446
-2.378312276838249
0.05109876612533545
0.5355259924935342
0.3149487251904409
0.6407297566043899
1.1016129634606384
0.13131218914187875
0.11874215139141424
0.7980053406397358
0.009606795174176327
0.8779301408644056
0.2280957288405105
0.6237309258091244
0.7086233062468115
0.65208139724863
1.049384368274636
0.29612173980373696
0.04617109846254111
0.4673529460321615
0.15021981372735493
0.5118125301401857
0.6508032216453963
0.7073468472120346
1.0435661683022763
0.5909705658228117
0.12635592350376684
0.6571026015044907
0.8200147404327693
0.4793036729281366
0.257707859133051
0.6547085803310474
0.6655060383110838
1.1075298411622354
1.2391516650287253
0.29644059425432506
2.0017297721371152
0.4947127767938192
0.5958450884525179
0.810867440696537
0.37799781179189573
1.034079284889757
0.7157138362136749
0.30869076709164517
1.0911450978087593
0.2722375864492606
0.2499258082259422
-0.5189665906761806
-1.5375935535388832
0.6748657397890022
0.3222336561722405
0.836272259950871
0.18221269970142684
0.1262047192990334
0.7977432488981435
0.37379053295445974
0.029269477262158998
0.40791535806124113
0.5724811423254077
0.4905988147117537
0.5425050312779427
0.020365570087939214
0.6398257562780478
1.0313915925249133
0.5940682087922325
0.8160284336846838
0.10212911839797219
0.10044147121831315
0.34454644395192324
0.5401378228808856
0.9844737398887127
0.6947384278870649
0.37681882083406265
0.5391807890990645
0.6208847475908369
0.6818077284167827
0.1565838178847918
0.6184436256948073
0.7780292638000877
0.40626575979327495
1.11317293369991
1.2501393981395865
1.0571808794724393
0.6351660473561548
0.3333928288367782
0.4999218003101972
0.5738715321758167
0.8168321119183559
1.5110652500649173
0.5121099587638561
0.6592098049802085
0.7965653823927209
0.7194197805559743
0.36520928563561167
-0.3394695760987186
-0.6862846662570462
0.11711111796473955
0.4032527827449431
0.13622539255423383
0.052217266819378265
0.12084850781781639
0.6790706767172046
0.6817703185208119
0.6666392286414643
-0.012640956579136466
0.6187533956068396
0.3911213320690859
0.3383552412507375
0.23868394365785356
0.25142554573362785
0.5513357794450952
-0.008227848265186306
0.2771686870564083
0.5518728994388649
0.23657507216707438
0.20210268194335523
-0.012736261472415465
0.9886175804478642
0.16023879816660122
0.9614928039584127
0.9844790316475605
0.4065662520371476
0.652141078885647
0.5648279486857233
0.054316217525462236
0.39948175364539085
0.22133229792258313
0.5738669808279493
1.3400279445271719
0.43567724517017714
1.8668647083267862
0.5110673744363756
0.4754269656881695
0.6214715142394164
0.13690331524283653
1.640025577969009
0.3794959236440788
0.6412638767730775
0.7572228762985433
0.2380273053335175
0.6191678092190709
-0.2641627676270353
-1.831558706890123
1.0820282395582546
0.10581279887427181
0.9765081860606258
0.6886125865892666
0.421107073965057
0.9693760695042452
0.8456711955696069
0.24485146953720074
0.5392343427832142
0.359854132406936
0.009860567040228464
0.5991732569345031
1.009514967561258
0.2606880977034727
0.43599394156779503
0.8796880194786068
0.3420922223490596
0.7795329257447307
0.10738593914119891
0.10176928962602544
0.48039138993210323
0.11951582596832643
0.5675200082541573
1.059394573372122
0.7910696546593505
0.9122108937360418
1.08223913660818
1.0182171656027588
0.31681866149171645
0.4241614614051522
0.5260122696546461
0.6369340812249151
0.2376257610966852
0.23689327456515336
1.208242030319865
0.4892032205475456
0.10793405143472257
0.9513235344978039
0.22881971172649412
0.8870494648409701
0.05723636513001406
0.5261360621276016
0.15642893266036267
0.5194867847264849
0.5317032368054813
-0.4702273825032448
-1.760953025672639
0.5887669183543591
0.6006724011975322
0.2083894305907626
0.14662526294718844
1.1621130994447357
0.43934233888900287
0.788337648322209
0.1289556878854144
0.5399196742556713
0.44322294215332075
0.20579338532312394
0.37567916857538847
0.7544023345952063
0.4955722300256295
0.26059131727274837
0.2680741216969021
0.3903128825643185
0.6161152284049635
0.35111658293853704
0.9719480372990157
0.0900031401052151
0.660964115159255
0.13602671479412642
0.510679107753749
0.11808671925005983
0.49017198619586827
0.7783224554845488
0.557160683435816
-0.011265251983194786
1.1213555259066024
0.9414431986771181
0.07002708668783063
0.7984689033379989
1.164211328865505
0.5622117241184019
0.9490928732223577
0.4319907948551018
0.9031348763865145
0.6902200129897291
1.3735723588638833
0.8247278077435228
0.8064796605493131
0.5517206991829011
0.7119077468644627
0.6095004742830354
-0.22683060777957276
-0.5492911329730175
0.11236806097857603
0.9156674136410126
0.05495594249216598
0.44393943180116663
0.6205078012871335
0.21497924438037602
0.11720374083398859
0.7773796414993863
0.5724204814823447
0.6256539338264895
0.5555766125211805
0.4175363488666508
0.05733547558001139
0.5175899274437958
0.5193311257614109
0.6078426058184399
0.9331211221976409
0.4572336345879817
0.6302087843011868
0.20233612457721045
0.8958925926741845
1.1202097426698236
0.3046608909970338
0.5580726909632941
0.49706385269319214
0.6054035195381036
0.11657134078377036
0.7495610864884444
1.0027112147438715
0.6628027764471547
0.43832984906610545
0.2685708014894237
0.5872563549234074
1.0471468738505045
1.8123965326743754
0.9214293835957312
0.7469834810398136
1.496587172660884
0.4742806740210812
1.7916244865926223
0.9014320477843738
0.4093534018077789
1.0073697769683336
0.4186003478361841
0.3580549060692352
-0.27597550186435177
-3.9217975984112865
0.7808884710867147
0.5192015614354875
1.0666632822325084
0.8582719445118697
0.9036270429927566
0.5472375952315294
0.41612995276809484
0.8775631655789937
0.15055621115795614
1.2612363399947324
0.36120486141876224
0.5237569473954701
0.16596518779537345
0.9793466354800425
1.1071331967837432
1.1535820569226165
0.6859623333671889
0.96737030655059
1.1984919770849853
0.7487580436407018
0.5231428207489573
0.3452481402776743
0.422772282576061
0.847507893863301
0.2906191152775642
0.9908126687908397
0.6300370302321696
0.631129006069274
0.8573978133503052
1.0171291867614607
0.7525941806816766
0.3060317416270005
0.0629756057861202
1.0277888309669523
-0.11004291879500244
0.861669414337589
0.3227858506974847
-0.15698809991858356
1.179860572711772
-0.39181582278732147
1.019087045571688
0.843450959435954
0.4106496958284698
0.85967158393745
0.18512282309270095
-0.008113892416588608
-2.181346831256867
0.8960426467796786
0.7590440229533844
0.830418523980834
0.7740641660994659
1.0189564077301516
0.7944179684562765
0.26453464058073467
0.19337349911866453
0.7016722756387586
0.16541868252830297
0.7114962311327764
0.2900906434610955
0.022018980683800354
0.4725945271644008
0.832157133682533
0.5015859038956482
0.4657085389173646
0.8393353458485414
0.3697725104364908
0.9208456409866085
0.7954552633280412
1.1863023164265174
0.12023660143056562
0.9213384220714634
0.031147148140677004
0.5431096377523529
0.9218806396106323
0.9664847762404117
0.78282060736312
0.10854078176995079
0.20272511744884097
0.7411251795108159
0.8559002046559071
0.815180616090653
1.2351622137039457
0.8352798600386243
0.4975838650438802
1.3689149026252994
0.32562378026798566
0.20548668864500136
0.9293852980201143
0.5915980869608798
0.9915142823712764
0.1534224897961994
0.2868462151394433
-0.42300789459432353
-0.7874002608790769
1.0340752257842258
0.14937310602714676
0.6061138447286172
0.752392818398026
0.5532995697670525
0.11282129390803777
0.7854629527325391
0.2583445040530208
0.44812812996055973
1.1073175217409925
0.6827690207925825
0.5414107746099507
0.2728957893559597
0.8069901439578142
0.34126344118270935
1.0998769829372441
0.539605758790878
0.9768480202887391
1.0322061246075551
0.45914418707822263
0.6272888316507085
0.304559688239674
0.9805410995893105
0.29230615649541597
0.4761576643522972
0.8918747534100241
0.47041389676064144
1.3134493483935372
0.281178579752429
0.6009779405678338
0.21808765895616167
0.9042555773639291
0.22030670454583506
0.13808483853880624
0.16886310042258962
0.6998850630199327
0.8786021447100724
0.08953913825977936
0.7599074226283854
0.0302934889129099
0.09966399122179105
0.925822308916049
0.22724301062340863
1.0857749877301939
0.181052430284303
-0.1274922723115006
-4.424567017885507
0.25209054722106095
0.23411278407347205
0.4030442664992974
1.3239255274502253
0.25035583778300974
0.4644462251802981
0.6264232218706289
0.184512866957512
0.8575145854236874
0.29463615931541476
0.9434820750643909
0.4950686631361197
1.0393619871736863
1.116410632209703
0.5071655262221483
0.9104515624713246
0.36515833046699064
0.9389309023995435
0.803284727476679
0.9957243322820671
0.4160165603918059
0.1632541351358191
0.11484377409874945
0.09964462681641792
0.3209598802096234
0.9946380130397242
0.5846509938172268
1.4077535131833707
1.3172722118779676
0.984873381187339
0.7688021220962616
0.5123266832626067
-0.04623576823535583
1.1558432851019553
-0.594545194383814
0.7286373482069103
1.2118003628052123
0.0010285079894676585
1.1197812904076963
-0.5286382410587132
0.5672742825003216
0.5445805046814162
0.3261638001663853
0.43045296163411556
0.31940012684591207
-0.13914266295780559
-3.8146390348067905
0.3627842179964073
1.2994633242099622
0.8411986554295285
0.8270207421433705
0.5869193309148917
0.7971967226829891
0.6657366600533058
0.071086043864845
0.24848228389167853
0.6313376981126702
0.6069002120550038
0.25506922166650325
0.6962429415496761
0.9326732772892695
0.1272230379432371
0.7503718776082084
0.7141703014840618
0.42536389264589963
0.2518637754123615
0.7360446547883017
0.12529246220126652
0.9483306890398527
0.8079919989782098
0.5784002260086083
0.6577988473922727
0.7077947499780692
1.0744198734773527
1.0517265877780946
0.192899133129575
0.44686070343961637
0.6951322489774887
0.45696110754545266
0.568961669422855
1.172014962493644
0.21045126334660294
0.8882022991856129
0.8405789832778452
1.1592742781486314
0.7560949678838305
0.41018278507444017
0.8191835482103
0.6435793490940313
0.6551633400638751
0.9432410257535747
0.8437802628094404
-0.20568241494772616
-1.2708276806845333
0.3085099308088115
0.7941704263183234
0.5365528172553252
0.31629615317447435
0.6971714497412822
0.9804012783090229
0.03565877631181198
0.3546691224078957
0.7142991404630756
0.30993357464254884
1.0083085460425438
1.0026078818182909
0.8588850976974051
0.5708093213939025
0.138024605424283
0.2726925387353383
0.12278847043545757
0.11554144054172903
0.08763135167060723
0.45783901916856784
1.0622463263739828
0.2501025391313455
0.7476530243051661
0.9844491530462508
0.07287182563240041
0.05553530660057186
0.6754533218265959
0.5671860966420463
0.06437716534752247
0.8625068217881111
0.4240466491116122
0.6790573345875411
1.0784550698957174
0.5705129261295857
0.5486065523662991
0.6286550091085118
0.625346617532664
0.16182773230851238
0.24982239975044757
0.7507325716019723
0.36605443724892456
0.4352590822175697
0.654119396349746
0.6723065250117513
1.066062397409356
-0.21398975961927189
-1.963643584341464
0.11427106598127496
1.226838649070677
0.8533111557077788
-0.11950814581078266
0.17067659605309612
0.4136085793901051
0.3774908051682422
0.3364281984007425
0.7190887038996153
0.056386180166881766
0.3594821929985028
0.6370352735747654
0.30684856353762935
0.7495167192487446
0.11197696700950233
0.010797077293053898
-0.03238145052738841
0.14719559362832288
0.7329751777546115
0.2267726347851358
-0.012010852528283919
0.3054921511980787
0.28138325618547166
0.047289875908315945
0.39134591073119257
0.23216747085914058
0.5588737971679387
0.4257102484281096
0.3545298736206226
0.698142402378756
0.40889800003899873
0.617825928490846
1.5775640921504421
1.156232068415681
2.1028377837961836
0.4937760606485197
0.7969716437918265
1.5014207928215184
0.3790377219297229
2.504962771609878
0.8149861916423753
0.752332643432702
0.8347205560933775
0.718272966937822
0.813892201742782
-0.41878138277029153
-0.44470419586872334
0.15429677349674983
1.0387528551616851
0.6980907027326874
0.010677912987298484
0.5413354546087541
0.43957622004574715
-0.02460612089091926
0.31481589074793326
0.3842949554153808
0.9088733347344851
0.5872225221020861
0.10878378211286031
0.5260707506770581
0.5431806983715293
0.7818153450650245
0.554976562187612
-0.01970160717994262
0.1759837839307742
0.6809707138611645
0.8568156607175406
0.6583526159590088
0.1907427085540925
1.008410892804458
0.5854685168860124
0.5478900060553513
0.14416342846497085
0.33395134411779454
0.40197659937332963
-0.004541288675645112
0.44136117358706045
0.5170590804970421
0.7728626569078813
1.0269451658981197
0.9471583944038163
2.379230287805519
1.040957833984514
0.16263602694444163
0.8929687075574132
0.3331750871005794
1.8824898638939185
0.31432408773335674
0.7427257082357331
0.8949961314147374
0.4869105657361473
0.8546001725609347
-0.3127101918902602
1.0196371030167197
0.10408127406767348
0.6278137976137501
0.6191231224151923
-0.07972713613149782
0.3220132603364964
0.1618143976491021
0.027059495921656473
0.1471948239289146
0.061643580635310745
0.6401182790881845
0.12903704895131718
0.22866010307377954
-0.05117456650283886
0.15632163690565434
0.5271442731002212
0.014872720040428111
0.4853024921548908
0.5206562945073002
-0.10481683902915045
0.5424852196966254
0.4071334807264987
1.0756709377197544
0.8859094816136625
0.29282468516130034
-0.008902205563144843
0.7917603316024013
0.005733650755132715
0.10660965369693477
0.21593152401255286
1.0998149547198521
0.08749827450040193
0.8447939942396084
0.7722084280908583
1.0664487027934209
2.047510860332862
0.36202158778932014
0.6464679089452661
0.7533960082390617
1.0891475330998928
2.5987711890262744
0.03110267104909493
0.41460022594266205
0.7008978833330689
0.15729751177871407
0.32112003652197973
-0.5958397979581312
0.29966671050749183
0.06574539075377815
0.24555664469464292
0.5366110508865998
0.07075979648531779
0.09864637546918442
0.8679244664698931
0.26907004626821013
0.30218419245117645
0.4200218220093114
0.8467778927364469
-0.07021456395743324
0.23696016192382766
0.677319016121739
0.018718739190339173
0.6973044093640449
0.659621272856982
0.4036120040952511
0.17212160456533726
0.22025945898398142
0.6015956600155903
0.7898270421545414
0.26448464813209277
0.6625077100942667
0.12771957783005566
0.8141872678506967
0.09618151379585217
0.21158582196106202
0.6542830448554656
0.5992788139820994
0.5026493998359233
0.6998435722611246
0.4798392780526864
1.700451378980689
0.7266075332741406
0.6629832601810776
1.0924112615365456
0.8214504855901774
0.7314984217933176
1.0928476044389492
1.285878861211106
0.7345089459360428
0.8507470463653608
0.5825972666284406
0.0013843382233690155
0.29917581076858496
-0.20043285275603434
0.5636083221451155
0.5784355808416293
0.46674171619763666
0.16001941846141168
1.0223311847815475
0.4450272505840609
0.7248796751581129
1.1282388308357523
1.1767564046593828
0.3478074789186784
0.5969751897001618
1.1866189932589148
0.3991753066225494
1.2192218937629886
0.32566324197740537
0.37217587318342465
1.1275363312139395
0.7376188081430712
0.6934071535592218
0.5165788655537029
0.5561288770666272
1.1162858346859352
0.7690906382778978
1.10610558055028
0.8190946542650428
0.5443370059904123
0.48152383867099713
0.3358749204076052
0.16931740623898134
0.4710360665967635
0.41986109986596865
0.4975069469690254
0.1358283150982271
0.43737952631049315
0.8313027758938942
0.30634434287356543
0.3109256165319212
1.118610735959695
0.7897193091450917
1.2093465885326111
0.3044934203573558
0.7250226179996841
1.1491892716893874
0.14749789067708916
1.1231702938401662
0.23931166408950022
-0.4062091195873209
-4.694670415959657
0.8262978223139444
0.8072568130497941
0.056676384785101085
0.4532811427885587
0.31181875491580274
0.12753941853177828
0.30003320937031874
0.45882994461159493
0.6093183818007908
0.12635852647877616
1.0304865356839807
1.2037672533622876
0.14857650616455212
0.17060434010826578
1.1129506666608053
0.3896669509059669
1.130333377220746
0.19458959859093536
0.7379898320549544
1.1977807120723327
0.3805805065509474
0.54280563105609
0.19705539714777032
0.933865978667328
1.0121617468609334
0.26647876844117235
0.4436279701629095
0.8741633059799222
0.13451925699006445
0.7619682797007334
0.28907752459395414
0.6697421262921331
0.41608733109905854
0.4544316848337589
0.2464400568412015
0.3065450489349188
0.8878407771220101
0.1525341047020195
0.254618125669647
0.14320858882084433
0.5856547959590261
0.5796911087198753
0.6445600845035798
0.3630521401617616
1.0541531830009332
-0.3547152049207697
-2.9857789893810747
0.11605024803430793
1.2235355737738494
0.6800402040374369
0.27518103587435067
0.9127739945927066
0.6531326239506721
0.22668805100896264
0.21549039447320592
0.48215509783087024
1.147363499860636
0.8226373126231262
0.45980222711451646
1.0018183293697243
0.6212912164844908
0.49607366531196845
0.08865357957952721
0.4478747572053368
0.24522426453862325
0.06290468457263927
0.8752488257965485
0.9187152445219505
1.134717883466734
1.1919364008530091
1.196916122441536
0.5135807739039213
0.4344738651567
0.4537193166961723
0.6494442285531457
0.4109232748380776
0.3202745070286167
1.0348324399191662
0.7498297385890336
0.23240896421142423
1.1437915924906317
1.3324891091488502
1.097446946741236
0.32265195080125525
0.5495736881117212
0.4462790458190945
0.21477648363424073
0.8962477889171806
0.6131577860222949
0.29007676649313435
0.17453088312582432
1.1853351042856763
-0.19504494105984965
-4.225607170382628
0.7686625828230526
0.48176712580975956
0.014769382352140174
0.0976731463457733
0.5350381469521753
0.4373635355901975
0.8083154007751461
0.8756043210190805
0.7981159366653536
0.6826065760567247
0.6033279009028994
0.4265325620380039
0.8276168875944374
0.616914351812842
0.1644156766219319
0.4217183821243943
0.6702665159143029
0.8112671040556327
0.445448197052711
0.10546226895552084
0.5473386200400935
1.0218619595848215
1.1037182801176049
0.49210710796417484
0.905658036796916
0.675741028316813
0.7945769702327212
0.7477392551793995
0.7729559576031728
0.977029435632861
0.6829757156662097
0.8130173335942864
1.26780743188264
0.3725914458519022
1.3661430332546294
0.5708857812192893
0.3667446930578912
0.2990772890330366
1.0810427172616643
1.0371308555272576
0.7034004451020867
0.9798697174273682
0.22051614628457455
0.39398375088033283
0.9232670261113999
-0.12647445873452418
-0.7639940307897941
0.31788439527598933
1.3312885508109717
-0.0012008045481344356
0.21224490267671714
0.9376626616331972
0.4056504000225463
0.5636262322473439
0.04839391786898341
0.3405328097725356
1.1592787526143766
0.3339968805497989
0.43117234278714045
0.17672727821309908
0.20820886373251435
0.312534017678352
0.4250577699352675
0.07438082453287631
0.08251965274372508
0.02149882298230078
0.859341327947064
0.4596827458590557
1.0921182450290585
0.42532668093131076
1.134921288467089
0.4522367730165802
0.1633532102397179
0.3963732116266685
0.02881274667040356
0.7253222231372406
0.940500413556623
1.0331821221079909
0.37840169355565534
1.3184355103196712
0.8270507252267556
1.0910725627397138
0.4236212421563637
0.6442971906902191
0.9745807103819542
1.1119176801860486
1.0954324971634275
0.6128168685235326
0.728681723463449
0.7474599408037141
0.38822414386387427
0.8060099123762703
-0.39338777416325976
-2.311036926187794
0.08347690012292075
1.13875910753599
0.4001676012878602
0.12224636886980533
0.9232132157661127
0.009913859527293975
0.7344682919753344
0.6821587492106893
0.7313304264783009
0.9774924582367008
0.34471637782845777
0.4859677960459527
0.210517757832922
0.5550213167004427
0.9937162620914834
0.5229614685286382
0.7508216521745211
0.16254849062443982
-0.05253227009520924
0.19552023368459737
0.41542324616444076
0.9412874682548165
0.35340821071168693
1.0996993978821077
0.09700591381773231
0.8568772265498107
0.2054684517516291
0.1780127547408337
0.39959987880958525
1.1922978039171048
0.05131452155812284
0.08090768244420611
0.6251667104295053
0.31391732267281386
1.0644158475704515
1.1436044564850465
-0.0008300514398140037
1.0524662882822657
0.46131149414975425
0.9974213356992655
0.7751406318483502
0.7003942851273959
0.7639910943135046
0.5585176293603386
0.07231208592343899
-0.2869746733855724
0.5956465786214036
0.8549025820351533
1.3426188149275555
0.08312559734862615
0.008643312786505652
0.3987547406877745
0.6072082790112603
0.16358823628430222
0.18629280133733048
0.7772267295746483
0.125644487701091
0.08366097207847638
0.19773284491131346
0.3373404728649209
0.48832117752693693
0.4634427570173215
0.5207892803051957
0.5540287102050876
0.22700504507506195
0.09551355151101605
0.022972873181009355
0.6124014979446879
0.35423960996059917
0.800005948600124
0.46970771870705175
0.645377840248635
0.7021184742706077
0.06059949222440662
0.7078252653018441
0.5030687680198611
0.37108697654578215
0.9018827912761175
0.9082544569313307
0.674314548200986
1.0159158763337106
1.4222892500790456
0.7072840692367235
0.5144624429631497
1.52026431134157
1.0928701062879387
0.6183237932064427
0.2848379493890855
0.9097160111011627
0.5816753744817006
0.25703089867288
0.3985889967604148
-0.5093808647429883
-0.2771755873364873
-0.1044945529044076
1.5466294902140878
0.09742226315345975
0.17660027819145704
0.4661449332459226
-0.11236075010658067
-0.015179452035453669
-0.029810164545255882
0.012772442962101567
0.2673284916783913
0.1484014863865929
0.4244104437839409
0.00511047964350233
0.08394746553504336
0.6893680768536412
0.09052443619381648
-0.12890057927446266
0.22379654695454995
0.2923790884030445
0.4406190667567943
0.6023541465119374
0.2952912589130098
0.5539746728378276
0.7438740924704487
0.00019085047074063853
0.06482820902092798
0.04501378993247543
0.0019927938470509898
0.5518865846062252
0.7576083169847118
0.4587834893338069
0.39715031588589245
0.8407277061857374
0.44813777410170247
3.677562154150631
0.7620125748230184
0.03297187908591832
1.1228809086791787
0.15037238665200275
3.317595480799834
0.8557146924023022
0.7425100966560242
0.8787827069562574
0.31796957446444696
0.7979059955887337
-0.5039426888493963
1.8045520193319786
0.6909860356292524
0.3969056326757847
0.34402930747977967
0.7729320134052143
0.16704092793005762
0.2722679307201361
0.25955924377456135
0.8998024625811868
0.8276168821147039
0.16207691696939264
0.9419104594206154
0.6569276829111856
0.999195030345601
0.6736453525892792
1.0593009295269968
0.44656492137265036
0.12190704058914467
0.2295274091846684
0.4354335711034519
0.1417871681903797
0.5015537314381209
0.6605458727820164
0.9819913647023677
0.7152248773926079
1.0523830080411998
0.6249205189483379
0.4490084491613604
0.9650320814944777
0.93585219818107
0.8544268878747763
0.47487193693701724
0.44529874550934223
1.384407236722679
0.46226919997414395
1.33577880237716
1.16846708876365
0.06753187080020245
1.346194840252548
0.722023570315807
2.108193332893456
0.6285941685449339
0.20759429015763728
0.24683923963439305
0.7250465540712977
1.0718851479646394
-0.3452368310714975
-2.8068076485280797
0.3584425449900801
0.47818762477950194
-0.042324146026530764
0.08396301487046653
-0.06842010627585746
-0.13307198013015156
0.07438012406625169
0.3874884920035039
0.4225657483023252
0.419083439928984
0.12306605240387938
0.23556850969726503
0.33440804984198785
0.2377154979367015
0.16795983125517858
0.292622931526017
0.2278278982048214
0.26732821644937416
-0.22468911091300556
0.4275539921269071
0.058900175891770754
0.08123214977398273
0.17426176137198457
0.41915357259736147
-0.09703761233118509
0.24865668570443766
0.44953717628353695
-0.049733125259657375
0.2709232397279044
0.40996908048815667
0.28376042459903084
0.6559431667512862
0.6383415778312769
0.6716484637759406
1.100939161934356
-0.01800679314123235
0.09625576260423416
0.9278302245577863
0.5084715154784544
1.0259869984719512
0.46375733991360957
0.5179520786791473
0.30334735162884796
0.05697843057992331
0.23963488402328562
-0.19631779765394136
11.132429723338735
0.5122376772849684
0.3572893397314971
0.09592185804986206
0.5747241597867702
1.0462126988497882
0.39406499065746164
0.5576819760374139
0.6235770916552207
0.7125333347695416
0.6675221188462976
0.16464542367813
0.9544521952771285
0.5245955985699627
0.46765357560507276
0.9565391683586147
0.08056400249283646
0.586239795665764
0.5122172236660164
0.37241337760588794
0.13107475900733354
0.45853082063174966
1.1032010754291246
1.05180463881254
0.15651625415229392
0.6511245838906408
-0.02151238744617385
0.29491161122006265
0.0989432675523549
0.49239696739475275
0.7434803491729473
0.9025637622705974
0.8642388630689524
1.3535996134134258
1.1237577051358443
2.309102215752369
0.3977553509933348
0.6738697732062594
1.2464738933574322
1.1347161093564404
2.0479819026669737
0.08800626002454383
0.7632988274646821
0.9596556762645146
0.2524405021107366
0.26174713562637014
-0.22048689826150275
-1.1078308634521143
0.388009432148802
0.5680977941771139
0.5325063641186281
-0.041593533636412085
0.25106043074765894
0.9288659286180896
0.3581984912029583
0.7385370677475442
0.7522486538434385
0.8657956701360449
0.7282175808977155
1.0299546746292865
0.36007562419254463
0.05436753318389619
0.46675242130877975
0.7689306008032513
0.16811056883787662
0.42280570961835723
0.2475608286294678
0.5141732277483071
0.5648396023813962
1.0785904538779518
0.8940488575724133
0.8395126229895313
0.2837001822899355
0.7338170360625891
0.5351166266825702
0.9378968947271586
0.10830802311157228
1.13675020199541
0.7669399000273349
0.6171749874430438
1.1174308069379617
1.281129309196653
0.15711807154801455
0.21285315400206178
0.7275080457410863
1.060690844225843
0.4267695403764019
0.7931859168498301
0.19315992246676889
0.07041584406927978
0.783112413339419
0.6924641196361275
0.4170397278498749
-0.4082841903682395
-1.664290997560889
0.6920098850957627
1.3633362418288184
0.6519876343802347
0.4599719072019301
0.948390601861389
0.03904446321542461
0.10287723789766597
0.08635145779787326
0.3515759399752257
0.7252123800406359
-0.11938051592986051
0.31438577340767987
0.06359690572815799
0.32553817074437796
0.5774221249877398
0.29353795705346725
0.6099629329931061
0.021965583690913913
0.16935760815687897
0.2965768516005471
-0.12519808278116548
0.6208761727475592
0.9308622762768642
0.023416692102387622
0.003322085360468651
0.26718637940915535
0.026803156645876892
0.09867195120699072
0.012817601653982082
0.41585497768889934
0.15213880448213124
0.8789965804070397
1.2515000684250384
0.0855467445318694
3.5854252949899768
0.3615509464223924
0.5672193588550958
0.979351970531816
0.11272308083852589
1.119807445348152
0.34076505344925934
0.3386420396820954
0.5984163278589092
0.40130148271350297
0.5701021163361585
-0.2787945964197678
3.6658462770684332
0.8817634578183927
1.5826361471703538
0.15476050767702546
0.03187109219246036
0.9966112983023389
0.6993874749326265
0.6029263698837006
0.549032307350128
0.25676388586144905
0.7740963104399226
0.507755090378271
0.7250066028074251
0.7018085795923826
0.7796815054615115
0.023516658988206294
0.35488857933185836
0.42085145898083587
0.4849630393651123
0.5789281518159473
0.39067002765461223
0.5471012538690185
0.8799873373155916
0.5298722942668138
0.8778125527377225
0.5928853058672513
0.8415061209432445
0.4046301604683527
0.36912186491755533
0.5376893710964793
0.46368656913785244
0.6027515655691253
1.02864738685457
0.8727158862865969
0.3883248675389016
2.0579935369314826
0.18743776583652752
0.1620656736490966
1.9812951778908725
0.678444430176955
0.9798027312315973
0.17838398900678004
0.014670611155966361
0.23656296077099803
0.6579633703930136
0.4121220705300727
-0.3439950457811713
0.13760746958397826
0.2884090565676724
0.9394216011715373
-0.002959908174446999
0.2759051457587672
0.26494237020627925
0.4828867146895403
-0.11532682088109365
0.20998754355680746
0.31930882346483774
0.25185662514350715
0.1933306712968986
0.12381191792279869
-0.1725941854788426
0.4764964454113303
0.307140917076555
0.13470946985088275
-0.17160585972040188
0.05840692502077653
-0.12174190847274845
0.41953798020290034
0.37241058722397424
0.11103613929332903
0.2656524038125418
0.34147241908360176
-0.14927503131590486
0.3273495317406292
0.39293573148546784
0.5602357869993042
-0.0565800367589387
0.20595995953744642
0.4874738786021402
0.21692752710576965
0.9210322612027414
0.37537426623870457
2.294606465549769
-0.07054483332325588
0.3296381628569146
1.3005191041419228
0.1856742539461864
2.023396764653942
0.21821781039261412
0.5377816100279604
0.4949090735500127
0.15707013210439233
0.5419131593250835
-0.32725562201468744
8.666669958938579
0.38844956828401495
0.7366273738015228
-0.05835371095787213
0.0022049176977785197
1.1014581705243247
0.10518608335476294
0.030573714601029176
0.026195294568868654
0.41818065970785495
1.0722168223016533
0.14970376056866275
0.4826239898379757
-0.059179360799667305
0.7038502946942272
0.347246463072146
0.4670171620773226
0.538702674248647
0.16368332494337479
0.07139746632955926
0.6438482303280494
0.3354021331070723
1.0115168563048853
1.126591547081848
0.8204465059505844
0.521381834681981
0.1556932588157702
0.4236473338541278
0.36766787749249524
0.22149422080927392
0.5618186514988169
0.878070131771763
0.5872597695307388
0.5754751129852288
0.7630168892011892
1.1308766168391842
0.850013397200029
0.10558320642405929
1.901307121007208
1.1786078900467074
0.8745142315472049
0.5904384963492958
-0.013132736941039166
0.43555855085317363
0.28955852987564673
0.1424797394169318
-0.3180702923562688
0.4437743928206936
1.0190522987484103
1.1455293890362757
0.8235853618370598
0.1733595152747472
0.45254129847286223
0.07705675821239046
0.00402398332766506
0.3961683106706057
0.18903297432552446
0.7353387480241464
0.5577044768740582
0.8366492616792792
0.8696693883885774
0.3626931023958511
0.41220583784652803
0.7796474219569614
0.2276617741562748
0.6479849384151947
0.4805010375461849
0.36983616686506837
0.5502789626110894
0.4424567147387273
0.4656888565618262
0.7333846296916795
0.037149514341834194
0.4095178107474202
0.43886287400305224
0.7616243721168098
0.5058684497392605
1.1216184073745779
0.031081073957734212
0.43293690162388465
0.24614328719174572
1.2492895733063563
1.7273973430217302
0.20440766630346416
0.8666028049717004
1.529668664831575
0.7961658128001804
0.697617006120432
1.1148326618469686
0.8729991153941371
0.6906571057351654
0.5916481918405316
0.4330554876416624
-0.35631461547288235
-2.2170593262870213
-0.04499254465328943
0.38353624561361865
0.4084199342314149
0.006529977213855946
0.5693351841833869
0.6598418974752526
0.07505394570291597
0.20454385511954626
0.10473508703399596
0.5330462400825433
0.1573441457735298
0.5486123675417298
0.1635183707227967
0.18044233641591698
0.7964753229748138
-0.10886946308009948
0.7068111051068333
0.5339840937816144
0.1756263433474235
0.21186115783232617
0.27130497676042853
0.5711852497797302
0.1690445230803062
0.4244538495719801
0.36423281712768274
-0.03801818998863485
0.5079579657915462
-0.028531259099274668
0.23243616319523286
1.0384628758269727
0.18159969286712296
0.07454012731432064
1.6877954156967678
0.9472422221785288
3.025928287133991
0.8242589880345476
0.4865561637203105
1.262807608422076
0.15558804236070795
1.125423284939219
0.12092374403044305
0.6777189243903965
0.162965240465024
0.6445291863519536
0.002956396957245504
-0.500383969137171
0.9206050064529459
0.8672532274509456
0.2350622671362017
0.3147140243089393
0.7769871879834894
1.070278348051765
0.13501304278893925
0.3562649913663738
0.7559930493680684
0.5459632787447601
0.18288792373693022
0.5732130480642756
0.6642970237794086
0.810132203123879
0.21507022080271648
0.2780905102038135
0.754519771932716
0.39807285263068415
0.7176647841319
0.2092700928294436
0.6244111055046384
0.8035304110750894
0.7852055043637778
0.5861626636352032
1.1023747194616547
0.07116124910471279
0.586328910689124
0.16922291451154903
0.9450277857422998
0.7250155665982401
1.0841061110420684
0.9790991004036966
0.11917674381059448
0.20388685246714153
0.20995643581527107
1.6037689036851366
1.0299732752586532
0.35051605908690764
0.3082581981454402
0.627565363459992
0.5935144030045771
0.45009488468041586
0.209709279081114
0.8993225103453356
0.10565621862742872
0.9499507955353065
-0.21000246630189642
-0.3569062912772888
0.14284341823314695
0.48685413374808506
0.04134030764125808
0.684017505717169
0.18276314112112405
0.21380441169032172
0.48203244316446825
0.7588112259925645
0.8112202572233823
0.6672755819944283
0.5164074116014339
0.21688132207943528
0.10098828376198565
-0.028989552131649995
0.9589707182612117
-0.09122895437326724
0.537809176369312
0.41318286108004715
0.09917435721353061
0.25385308258609457
0.564559896839345
1.0288381363849026
0.7193618404170251
0.9759149696676893
0.13174141800629485
0.2696995304046528
0.7021828108066496
0.1966312735606714
0.7684265948550214
0.6782095791423143
0.529671234782251
0.7361510553641645
0.3337371259212459
0.5891738750310194
0.5814430221666329
0.11349239926787216
0.18719848885321475
0.44743755482461756
0.6089141936591215
2.077556777734271
0.6766278161694923
0.6177682240411553
0.8323228031892477
0.129317060151589
0.5336440024833563
-0.3847677550250773
-0.16229142783701583
2.1610656485287323
-3.821651536069107
0.359514714734376
3.2512574685354014
0.5238661152678186
3.3234437269294976
0.45329861559122286
1.2517123343508003
3.0516289773046754
0.39967955948167355
0.5845960318555374
0.2455594311231507
1.118074081309645
0.8849656924805976
0.19221048736228033
3.84488272814032
0.8390881851061137
1.298718616509237
4.725808352756038
1.2433637167697174
1.6974909291732485
-0.4665484252365216
-1.651961282473555
-0.7049310412648728
-0.45955190173453986
2.5026859251677247
2.492883626203915
0.860826968753395
0.7978355447920717
0.4711414139526421
-0.3163403397774157
-0.3427480895954015
-2.638960230514325
0.2832219040155662
-4.86128974306237
-0.10144553130929472
1.4576552915715513
-3.79562238699696
-0.5963701501022561
-5.2834893190040075
-1.1140831578247572
0.35049611429827227
-1.147677933496147
0.7011982445589248
-0.4215384128452392
8.364242874878572
-6.5787586158963345
