Architecture: k-jumps
Number of States: 22
Parameters:
9.431393671240755
-14.455590659396757
10.649133200054584
-13.168115685477423
11.04942109181541
-12.441503302154665
12.449114843234149
-14.494439863744713
13.406137449650453
2.816932759149492
13.598095847167079
-15.0
1.8332381406544478
-4.238820066607659
6.965573418667985
1.4998219605934207
-8.344756830180778
0.15867259785310037
-4.010424638148139
-7.263296961367409
0.22318142526296622
-3.97879465373975
-10.086831896805192
0.20383775190901593
-2.603840545863296
-8.70478147601831
0.15948406264036902
-1.8015897342112706
-9.7430244337368
-3.3290519387530555
-0.8355892529091705
-0.24366194318515655
-10.542420927720428
3.7220573812020903
6.426021313441963
-5.207138170153853
-4.763150937957273
6.8270913664994355
-0.1717194159100019
1.7159415951206836
-2.942058058637757
-3.5406031759300984
7.125248628054847
-3.3539615990474294
-2.9496838131773666
3.77019073435531
1.2661670200413362
-1.3057865876803854
0.889646301295485
2.5191172955785452
-1.329846812713941
0.09523621435104858
2.3844956723202944
1.201719419134521
-1.5825554491062914
1.5069302763942785
