Architecture: k-jumps
Number of States: 50
Parameters:
6.8541168552011
-6.600876018889315
5.642775117723692
-6.677866806632022
6.026614037815768
-6.052169652233779
7.314784344015383
-7.3711307183545065
-0.35444089127526524
6.318516049271
-6.887085614794334
-0.7541021267743107
7.731130086551758
-6.358776856055436
-2.141965780881673
3.751654373613207
-1.7384189232032339
-3.8416204693845892
3.1856324096356388
-3.0108738575134977
-4.239948493530626
1.4039148247596016
-3.4220676093204117
-8.371968875981818
1.0556549876416335
-3.7237919335426457
-9.71032265129744
0.5417945443865503
-2.822117023107566
-10.708324736537131
0.48507832661963657
-6.00954513381089
-7.426560622708324
0.7225256103226332
-1.614795467002823
-9.074686338013828
0.7012595944558064
-0.9908470901834947
-8.881626064766722
2.1425317937710826
-6.405474658954508
-5.791864797225195
-0.14811806965773883
-1.1021901989600125
-9.720598139923549
1.264139552078141
0.2159002225652403
-6.6054098487665
10.005867029104023
-6.659922246372109
-5.547999740162052
0.37807488911185455
0.017616570920669032
-6.167324040658148
0.1939010504428993
-4.119777023094793
-5.04866957923058
-0.9352576275887499
5.618204217028414
-2.6792573340358152
-0.7997584861095478
2.801741927401976
0.20748534254861614
-0.509676493512371
1.7431002330009004
0.15577301106357502
0.175665552569601
1.3279176973981042
0.6410482347080577
0.4609234474337123
0.9520348730749073
0.8759967676958992
0.7287563093609676
0.394841729881088
0.6252963949181888
0.11962764487143317
0.6697837596510384
0.2638016491901871
0.7511906111587661
0.24876647897311222
0.003915455471784069
0.9916384229424515
0.29470518671024043
0.5400061859389621
0.07855481060920991
0.6116212938509064
0.26077759440563725
0.746032978677292
0.4694058454701185
0.13523334081492588
0.3596082513566278
0.7936475623733856
0.6737792080561309
0.49873978034569655
0.0829708185787833
0.8342513649703606
0.2188005666582319
0.9428052634878383
0.9458186674637152
0.19331138940567205
0.31739404675880334
0.537450667830332
0.43972021213814405
0.7951972220238335
0.41870298263586503
0.8998164853595201
0.14981869536714953
0.3359380346483606
0.7311751338299066
0.8064760779226937
0.21911523278912293
0.11229878588177289
0.41388586141121053
0.717847601122505
0.7816161578609833
0.5126484777862456
0.8375621878567364
0.8200227598578401
0.07201093194634045
0.7717381601489873
0.41924750311240067
0.9768651361902813
0.24036231468332536
0.5436596978904226
0.14422792373586135
0.6792187914444677
0.1454636277019673
0.3365809500754947
0.38367432940627966
0.7278130192709401
0.42987887272358605
0.5703080016058758
0.05058859542237548
0.21616505801908015
0.10981568839755629
0.7830935047809192
0.9233383722908699
0.601719506435274
0.10325169388784494
0.011517676211526884
0.0863620286146417
0.4454414163664321
0.40794621510761697
0.5193271330534391
