Architecture: combined
Number of States: 18
Parameters:
5.508889964104487
-15.0
0.6520325763562214
-15.0
7.260501027141111
-12.836972569205635
8.045021964918606
-11.583769133627
8.32779044022847
-10.129705120085529
6.423602279740187
-10.535452286002641
0.8905214486288013
-3.9499131904907925
0.4209731042991405
-10.863929452950682
0.3751234825850604
-3.2246685699009348
0.39947718637156154
-4.0296718996453516
0.3996435328501014
-2.587204893939359
0.366593625557866
-4.639254719355566
-0.361395593687887
-0.7314753396887046
0.34131815917335434
-8.487627290973794
0.38629934170560837
-8.640665916363139
0.08221531158469973
-0.6797085718152541
8.12135003542919
-7.963036269979686
