Architecture: k-jumps
Number of States: 26
Parameters:
4.968593034109664
-8.246612260479319
4.556621606262766
-8.555409683007962
4.610787618062128
-8.16942075881709
4.427384209054225
-8.319371002476094
0.2435492223729527
-13.910566530911654
0.09015299686563137
-11.136320047276882
0.10310273005088652
-3.971854554787576
4.42640399488217
-5.605129403841751
-9.289586847368346
3.4884655093507284
-0.48662701177903095
-9.45940581400299
-0.010581961578034805
-5.905661984013183
-13.77613876317728
-0.1770484577981681
-1.9285996683250255
-14.998626334805465
4.727308193523706
-5.727867775071601
-8.190172631935848
4.3312787332271085
-5.087744983257931
-7.781234232061743
-0.6255042793232262
-0.5094205312405486
-13.183139005839244
5.68280074835855
-6.9946715370976476
-8.047164401441576
11.116505498413048
-10.12392614281324
-7.996050170157475
4.047335259662817
-5.480152224085568
-8.088513612446356
5.563457411680518
2.2824752164013393
-9.398040004257718
0.6240961724587155
6.121785800795882
-7.696894228116132
-1.8891543394480206
6.042117316330749
-2.94176723139602
-0.5199285463185953
2.633261556291714
-0.4889080361371489
0.24376462925394204
1.34191466748445
-0.20171238619160514
0.5540545467752457
1.0434961179840725
0.15067752588550073
0.23475150752150714
0.5747056885276303
0.6209787093059317
0.18974621196438723
0.7673284015531341
0.3606121873905888
