Architecture: escape_chain
Number of States: 44
Parameters:
-2.9434383218416356
-2.8903769967254442
-2.832025918777711
-2.7716338466546713
-2.7096346889967937
-2.6367031376136842
-2.5621580377657196
-2.484859482369837
-2.3972740386354063
-2.3022536437500967
-2.196532683302704
-2.078934803461084
-1.945541768743079
-1.7911724764665016
-1.6092447651852981
-1.387354125790353
-1.0999144669950516
-0.691387426756711
-0.001038939642685101
10.648755608827624
0.19690689668845118
0.4662834996265016
0.829168834747342
0.5910966954381702
0.8605473751288898
0.28840267942895814
0.7197820436852926
0.6477333105845702
0.9222932158334659
0.3037372519116559
0.2812094280581193
0.17932195858968725
0.08002652163027502
0.17106224638890133
0.4029194716708495
0.14449903175429069
0.2420190927150596
0.24520314137903165
0.0963090488146332
0.16672679494038156
0.62911553250209
0.01409785596590496
0.5436634722475695
