Architecture: cyclic
Number of States: 22
Parameters:
0.00024182933632477125
-0.02409068711248271
-0.05362943619395617
-0.11241694327683426
-0.12518786092497963
-0.038786324877536985
-0.22293287924695804
-0.021309255529827813
-0.06899727109978308
-0.19848611886480383
-0.022272830478667596
-0.17018442484154914
-0.03514847135091394
-0.09272553435351674
-0.13800215884992006
-0.02192730877878309
-0.19021877428667824
-0.11365498033478696
-0.03756817791851922
-0.18176095288139085
-0.025413217171437984
