Architecture: escape_chain
Number of States: 44
Parameters:
-15.0
-15.0
-15.0
-15.0
-15.0
-15.0
-5.5201691507233726
-6.2321179688630375
-5.103702377728509
-5.100432109660328
-4.232932131430502
-4.380939031825691
-3.953972110987433
-3.0603257904522896
-3.0634074536654654
-2.621744258132617
-2.310401295286406
-2.482011933112477
-2.0863367853955848
-1.6254403982827814
-1.8101195262160106
-1.7756431297645943
-1.373106493482146
-1.1538354352962945
-0.8173422936580623
-0.7922266346677275
-1.722970088031938
-0.4990374841341893
-0.28576897032932275
0.00910006681722823
-2.6461355711971715e-05
-0.008776252076515932
-7.064269402355245
-7.763062346709792
6.532161004049757
0.6038090418213943
0.8590528975341143
0.3685289325642388
0.5309049023241329
0.5208489297831899
0.3772872224547086
0.28916357451394836
0.5789399176784129
