Architecture: full
Number of States: 26
Parameters:
-9.452597272273277
7.657136137847532
14.735376597132253
5.250786315081178
-3.5527152386057232
-0.4262494161783911
6.030364468170914
4.699691688722709
-6.57499470811944
1.1577865804808556
-3.256151116477236
-15.0
4.414352753150221
-15.0
-15.0
2.149466997265298
8.580718862174468
-3.9972100028644357
-7.3267924509262805
9.778149791969504
-3.0450227721384073
-10.48324941116661
3.124219105055361
1.514463652188241
11.829024858017759
13.839075273196357
-1.5134334039673356
-2.9868588216333856
-2.5446474305481313
1.0922636176177347
2.734154189533961
-1.706849919828664
-1.1076297648518167
-1.1183893811404935
-1.8181457590188386
2.2722013652102038
-1.142465276492013
-2.1662807310980585
-0.010716327400238798
1.3284073291183154
-2.316442208980676
-1.4245308866546045
-2.01558849777178
-1.9042236307107892
-3.0876972036045998
14.723488358979166
-1.0761460207279643
-15.0
-0.3998646837765122
-8.427057664955793
4.087307587389841
-0.09879557205227552
-0.4615618881799698
-0.4636721240603378
1.163511109716237
0.6386183346877087
0.36121077783626976
0.7716254455653012
0.40839142725703903
0.002999132891655631
1.4365178921590782
1.9376802138834257
0.016537166316044776
1.6110024598771384
2.2565345799802885
0.15377280510179073
0.5415728214536066
0.12535917148195347
0.21701423591076524
-0.6961941709670196
0.9925113430837523
1.4049198468522284
1.140661308469963
1.9353799767504636
-3.1522065794482317
-4.816667101676807
2.1337813592206163
4.714698008354254
5.496262731731412
-2.1651594134303673
-7.212979312826961
1.0054805658723627
1.4128267589773165
2.4164354497371416
2.3463205123233712
-2.3214915868578667
2.316709998323575
2.6976888249924333
0.45247421411660904
-2.1890373291896363
3.3187998516245645
1.7372854747908475
10.41653643638176
-0.2819020410530061
9.84820160464503
-5.907526875289244
0.9181265737754877
-15.0
0.39469391866571607
7.965757249586492
-4.731835565733373
5.710122714651109
-15.0
5.886664746221457
-0.9386094559020847
-5.449238534800334
6.39926447572705
2.212413509723078
3.679703709382571
2.8188029939431996
-0.8293351372403974
4.389657290225695
2.8382615893240404
5.17004321176456
-0.02108867340555675
12.502196344185112
7.521137368312634
5.4363658716487535
2.5450158019676135
-3.26685890848276
-6.867608507898856
2.0728490749021455
-15.0
6.460457371242386
-1.0324876841059711
4.158955541443189
-0.21583633102649527
-0.854297910067672
-1.0626918377080186
1.2723443087233968
5.160283821608907
-0.3765797067095939
0.2050019386206417
0.4576632788264918
-0.3847161394539467
2.081561120126163
0.6383778199527991
-0.8640776697737933
2.012955045049136
2.0506889620397897
-0.8821659282687279
-0.15607982536879844
-0.7017253382392069
-0.6124272528235422
-1.2802041068876988
4.229602717274991
0.8355117661946814
14.605495687048634
0.8326075488437256
-15.0
6.938031989860956
-0.7703970933432207
-1.4879609890090517
-2.3253799874387093
1.1970703819138733
7.935837291127079
-0.7661597751170187
-0.3367406034422892
-0.2811177065290337
-0.8849687044338974
1.3173914332884602
-0.32026120000804037
-1.5119977526842876
0.20416492202749245
4.952475622689681
-1.2845982500226922
-0.7030773883429379
-1.0729467497077148
-1.1683446654986023
-2.1384880227143044
7.526548735088148
-0.22335559721103523
11.826512580237091
-0.005270592880326731
-11.359270681766978
2.9505950252071114
-0.2618605303633287
-0.7784013216678548
-0.4210739581590815
1.121576164242464
0.7050935342527673
0.10299136386799311
0.24912134704369127
1.0056037127090638
0.29367450909004256
1.493076666218164
0.8039637656797438
-0.15343878832046795
1.8068931262173058
4.244625441707594
0.15603146333757129
0.43001549173691006
0.247499173707376
0.6384461304756358
-0.824000133122723
2.0418383595923015
0.4611377114156509
1.212107145794823
0.2798768677733883
-2.833825468221137
1.5220579355497061
-0.2792817974760292
-0.8037945387996411
-0.701098603040282
1.3724141229851052
1.0104033565686354
-0.3132194545543697
-0.26654977000935837
0.09291618234695594
-0.34236602652766557
0.9155948863961252
0.30376206703273173
-0.45381140314438057
1.2814853551138163
3.0861453052220607
-0.1525175625927508
-0.19451164931227377
-0.4739919313002227
0.36251472473707913
-0.9937954186086755
0.9043815040529688
1.0991196677577522
1.0494890999657707
0.39564894321473
4.318898518940098
3.5719477709894494
-0.21974135275240816
-1.265006561281126
-0.6543465814131209
1.442860678708439
1.5856156905760588
0.010512807318663577
0.0461712125761373
0.3473223998373721
-0.2551907843254474
1.1532448481466673
1.9800369421560933
-0.22561084640571652
1.5473579058868785
3.903368135381786
-0.021754048109261105
0.13550055234402827
0.013950942923874549
0.13539182102949102
-1.3304686993723684
1.0356372270529377
1.127374241700658
-1.1087803644009542
0.5496079942142719
2.289930022598031
-0.3420335388823675
0.9961327846871859
-0.8343916349664954
0.1837914962893981
0.23562463400756656
-2.3540205156043537
0.8134409076051624
1.0557841881844279
2.1399480152433976
1.8921650962966412
0.11622149184026051
2.0128339363057854
2.2574617593894084
3.23820109884911
1.8331622290529603
1.2321561722224097
0.3849812819800648
0.9354518554687377
5.18294898326493
-1.4883652054612675
-1.2065178043676903
4.041714475795171
-13.099548101137925
1.2909836690605898
2.7034411722651006
5.066834235762272
-0.7623295212085655
-1.4219986162746265
-1.4811668205027066
1.0840053499756863
3.3352956881843463
-0.9007620310361235
-0.4345583666647202
-0.32908847668719554
-1.0430529856020505
2.061429482747871
-0.19128763731590567
-1.4493176029513453
0.7525284204615815
2.710347160729327
-1.9029636315985423
-0.8772327316473929
-1.082237595387529
-1.225004033466703
-1.6459485802571414
4.704579107834852
-0.08591130359566829
14.239518086272643
0.024192804881012008
-5.5584304850948145
0.755642786929557
0.6922785506680645
-1.898474764704713
0.17912372306952096
0.6224359195168084
-0.12674815654229696
1.2639514452821516
0.5311367138012819
1.201139171077973
0.9701560097032357
2.7784277363895806
1.6199564971413953
2.452960889435368
2.9420998321504825
2.8489718103748745
1.3185596034385825
1.5546677953194479
0.7276157913496863
1.554327972344109
-2.0533043384895246
0.9058506659641609
2.276063052230062
-10.237052559871604
0.6936997633671667
2.6498360314833516
-0.7605375852104729
1.0106447350753052
-0.9961566489933111
0.49977468149651466
0.04876545536860864
-1.690839607493074
0.9563503266439297
0.7884559475349814
1.2753229461721383
1.1878248767675537
0.03408565175789351
1.5527800699399723
1.39637240857714
4.118121238746979
0.9677456062610315
1.2864535666334866
1.172546172800941
2.160020865015343
5.115627924485552
-0.6383773620431097
-1.322461338049089
7.970331263871675
-13.12962093815558
0.3943489654553085
-0.8700686955801915
14.389071864173449
0.19265010591904336
-4.015132817472584
-1.3310535907858019
0.22186496124565608
0.5195372080989454
0.03612121906035068
-0.03772698739147134
0.5849218788696063
-0.07562030670635365
0.16161583621800565
3.201751166769759
0.27803287211584365
5.237333994351963
-6.226557954754409
0.05764137660627366
0.0960335334593789
0.6254676039732264
2.321972751084065
-3.6628989562131333
0.4378326207227471
4.127486077091826
-2.479362344266826
0.13929838253603968
-6.536785299619212
4.9740282092179475
-0.7516886534886021
-1.473633060447908
-1.3308612112473577
1.6058934575226698
2.177569818238147
-0.9139941523011463
-0.5049274757895902
-0.1752711110818754
-0.7915544496823835
0.9655342220745065
-0.21497146778435602
-1.1753335400452327
0.6817102258546643
2.165800886978273
-1.1589955382963637
-0.7142990200799689
-0.9246517619125308
-0.8703235314672582
-1.5924348365188636
4.421155413252765
-0.14179460406591818
7.526126742667995
0.043256604494887205
-4.037832070775253
-3.664777903102352
2.047702427947003
-3.8028050855730595
8.061439110644498
-1.425312094348817
-9.017742229981565
1.9094277277007283
1.363959974418933
2.423154209269533
2.0251881943066343
-1.35431992819703
2.7791701826172264
4.139733736902474
2.4011922366863363
-0.05505807147931449
3.7334924964971083
1.3403522337484317
5.339404670840803
10.046280766564426
1.2425991433856856
-7.274806576838639
3.308414281200636
-15.0
1.8586971476382645
7.285398545564568
1.8912229553736704
-0.29373613565549656
-1.0033138977609692
-0.6980270117099285
0.6523663338162283
1.7243690336595672
-0.12970539011516852
-0.04598138401079145
0.0998313970853703
0.09016558923716901
0.47878585930869483
0.6173303218440277
-0.28532343115807873
2.305714902235594
1.8455425411047586
-0.43515950724188884
-0.07006757425623492
-0.25983252604998763
0.1410346914653618
-1.1539516976937436
3.8021830712322267
0.8376513763362033
1.4896000628053818
1.1869901926757083
2.69526839806326
-0.8103462630606472
0.31393129213366894
-0.2539978152611514
2.5785036048222136
0.4867746887402189
-0.7814365423842003
0.6426557632691071
1.9204026882185115
3.049040430332567
0.6341123553936479
0.18762809670840463
1.4713377586545562
0.5265450238149758
2.000190782494428
0.7620684378488135
2.326612577962175
1.974920245997986
3.4714238909663324
1.2930391024096264
-0.1534337028526651
-0.771240402186155
0.3135834040311149
-8.559856811979552
1.3044962340948634
2.50593093526033
-2.2026183332948954
2.1966560587068034
-1.521937400511682
2.391037028796807
-0.7560166963410291
-4.820543940921336
1.6305341291071587
1.4749309170277778
1.9622463123241223
7.151259116994134
-0.8175209682857475
5.839495094115317
9.101375948704812
2.882667156380568
1.1063207492966018
5.130378846457859
4.151195284194358
5.471726220641984
5.974541361545181
-0.21133186302035217
-7.257100170006999
7.311479551260025
-13.123585518065822
1.6425124369108346
4.277667198320256
-5.3799853697214575
2.00523222958305
8.81264504024788
8.699508376601953
-1.8139220382723376
-4.323467607295863
1.4392681148979483
2.8656425716476095
3.4533955486940116
2.7785964463565027
-1.6326874133205798
3.2237101346256525
2.647619719595107
1.0319665053166642
-1.2942940696356562
2.7104203291372198
1.9229065851906937
3.0256221345012433
3.2081926791185813
6.574305564901386
-5.035788081961435
1.1585952520537102
-15.0
0.4546614175690143
1.260240389799046
3.7198930272091624
-1.1594239573480203
-1.586983888547503
-1.8142070248232944
2.9477360162231387
9.204372270121464
-1.4706707564805463
-0.637437824712688
-0.6049316185546786
-1.05739910163775
3.032197516977712
-0.5445695512499859
-2.437065297920824
0.26144891552752475
4.369280782051785
-1.5796090888698882
-0.8904666743677394
-1.3015542813212846
-1.8278555087757171
-2.54503658986173
8.907889615990936
-0.46861418534375004
6.774445479154886
-0.14996175355906505
-13.697163500906507
1.3212792805393052
0.4231047520431876
-3.0910292330866884
-1.102309060488916
0.4920437861030473
0.16819308714818026
0.38927261223397697
0.6461931704455354
0.720222198086234
0.6855133933810582
0.4981505830850294
4.271424484082114
0.5965987095565857
12.159770737975295
-2.8291964695603706
0.617305297687893
0.5454870199396881
1.3376936314106758
2.129310375724664
-3.1782857755740603
0.3016970301819346
11.286369086813135
-2.212862948119448
0.11952762205464551
-4.968126889594728
5.230224528620433
-1.26544275955083
-2.9626573120494393
-2.6756859546057403
0.6094772213996127
2.103324995395426
-1.5871207460491203
-1.090483988020567
-1.2009823957507524
-2.2364011915705966
1.5310319487275104
-1.8474577672435186
-2.4296374293364353
-0.7684615888775468
2.6542018256861386
-2.919222353516363
-1.3908737848592838
-1.8537862177367164
-3.224466559725825
-2.6236639254644336
4.447413608451822
-1.337951334831112
14.766352850893442
-0.8428445176632207
14.649504652143758
1.6307154738024339
-0.058805971028916625
-0.7938354544719421
-0.5779941395981536
0.5566124207904964
3.991822042831464
-0.1345017889963941
-0.23444704540937208
0.698030263125894
0.010781904672131352
2.0740791143537676
0.5452625668680875
-0.3108487986222653
2.29644306738537
2.2670152993044606
-0.36738475617546645
0.10916150003853152
-0.2042747066347092
0.18993039788046195
-0.9376399229303881
4.144667945162276
0.45175983728471175
2.7780945594061883
0.3436059062653934
-3.7810756310541676
