Architecture: k-jumps
Number of States: 40
Parameters:
0.5462381235766051
-1.9438618404745764
0.526755419308404
-1.854296599499876
0.5612868956543039
-1.8749731730166599
0.4957431959782101
-1.2996319175706081
-12.306365280246444
5.5567506756961285
-5.077466429112715
-4.180673161835559
0.5338651298229073
-1.0382996398796263
-10.873963353435178
0.5917525050330782
-1.3839933804234275
-13.408643574692611
5.958502614330384
-4.8527126850597915
-3.236306610760139
0.2241505842392526
-0.29282216151230067
-10.61748983722744
5.721456579200373
-6.770649559576886
-4.807364720562164
0.6770897724643293
-10.129273689591525
-8.303887820550766
5.011845961287316
-0.8830472115420251
-4.183815458581513
-1.8230185255888072
5.912596319151351
-2.227651584761704
-0.3833103016692749
1.448622722891148
0.8166139514322904
0.43186105253984003
0.7117123677740328
0.6067331495237716
0.5878158754564112
0.4155923536707279
0.40727351034759257
0.9745803505536008
0.06681491716292608
0.08065868390378717
0.35059338745864055
0.7384969521379041
0.9368758131542211
0.6603245213618121
0.9115411825654021
0.49095871005070846
0.935763625299995
0.7552313410155426
0.2544805651515255
0.8623146274817081
0.47949199032369183
0.7701437152100379
0.2635256710581866
0.26964459144845154
0.3184956596366333
0.08593075806939388
0.53483744455711
0.9413192853355158
0.9389883214225727
0.034644838770576114
0.7665481064240546
0.7780097792287534
0.0526834562002052
0.932462235496578
0.4639961043254751
0.5606222347053158
0.22120802353026614
0.7735231989204392
0.32695420713890166
0.888234306968072
0.9449572173792374
0.3369673302309648
0.9856219023827217
0.31600840683253695
0.8721449856707337
0.6525702105252054
0.28113078385497037
0.48204301417440487
0.6559299324142382
0.7061769263682925
0.4471018613668656
0.6412583305971478
0.5142084048349033
0.9146916988027027
0.8431570790943345
0.4112367051362913
0.6285007073237918
0.5694703045477362
0.6646915016707778
0.7048899035380566
0.5455182641798506
0.24351599209085073
0.16699718309830747
0.10145726111880404
0.47809241688940307
0.7946691636266298
0.17068664168814118
0.24236071137699622
0.8052594900743785
0.10590484559214519
0.5163205551039305
0.8394343660994505
0.27908644256754456
0.5882618619416806
0.9499216143403898
0.021219791058510906
