Architecture: escape_chain
Number of States: 34
Parameters:
-10.991930434909754
-10.952706042355729
-10.942877017762399
-10.964635180229148
-10.84140093574965
-10.901523267641325
-5.5445809804394095
-5.542082457202756
-4.026249364080972
-3.733786554113775
-3.4177322466400293
-2.657799624861121
-2.2359464905318918
-1.680487629553155
-1.4321003012549667
-1.1525026823462912
-1.0324777813827533
-0.7904348080615432
-1.002068973621278
-0.770090681492285
-1.6024175554647149
-1.3919531261110967
-2.095668903163724
-1.960905503284793
-8.583249104046065
-3.2034548382071684
-8.519239881986556
-3.1957781465358117
-3.1164815538707136
-1.6821595575823152
-0.915949891628178
-1.3945137718542564
-7.369896490480123
