Architecture: full
Number of States: 50
Parameters:
1.1763171963087014
2.016441452783817
2.6369784482103524
2.9121131662069133
15.0
1.9326220759312684
-0.6632552660368511
-0.9812569886441576
0.5614382665411809
1.0891421160306929
2.878614614899354
0.17952491116253633
1.2930465401275182
2.0692098943336243
0.8168340367285296
-0.8345941888352066
3.0351479137468345
1.0289851108313608
2.9130685034426773
2.4043798568419175
-1.1985361395714493
-1.006255280430726
-0.14733349516591798
-0.7469613253108078
1.8257101963611753
2.182149376618111
-1.5093316293022032
0.027473422984487295
0.47961488588836754
0.6979536950330287
-1.7677160417672073
0.1316924741438541
0.36908420618565696
2.383319271983204
-1.3546771544347838
0.8986096761533068
0.8213981182349879
2.925200117166897
1.335829259579722
-1.5146766676452357
2.0960606586609285
-3.230661043997749
2.183213922798955
0.2707228540224089
2.798632229621562
0.3755281788308377
1.744018091855584
1.4323956870965902
-15.0
0.9074856473888786
0.7527863963716742
0.5145427749245686
0.1416385487981009
0.43685116171171945
0.6433222167377012
0.7386891683482709
0.8644515217414741
0.5771365106711974
0.23116952086405967
0.31628015451019
0.12702433536792163
0.06420203893740263
0.23572155813548581
0.748956386385224
1.3854662207829318
0.3517573725852577
0.7462747481438415
0.025986123192463233
0.7040430431318553
0.5174215390652521
0.6741679117240154
0.179360853376858
1.31715146968847
0.5905274333730164
-0.06956920854673668
0.9918353273107062
1.2313669682027113
0.7919775758425617
0.14149670834778177
0.7169437416974569
0.60591363225981
0.2579792948967966
0.2577813216827776
0.9137585735389638
0.13636785547855407
0.7884322196724812
0.31874352038796155
0.7549345235386186
0.9173793547740988
0.06315644098335957
0.9940949126110536
0.8153468011892449
0.796215697916369
0.6788610302046474
0.08748082472390954
-0.013058056150079937
0.07202529995925318
1.2662882378835847
0.7831222050273628
0.9042358310451637
-0.05326674059538125
0.4392307390401654
0.17998226486143087
0.44612090848222985
1.079088337965265
0.2832612472409364
0.9179504964993066
0.21118839486143842
0.23945591179714434
0.42159899532447753
0.07537378534914554
0.6962101026923024
0.3209169086976057
0.6496609553762346
0.4953969997965655
0.10822470421184188
-0.03321189912416096
0.0736537656129823
1.4040786322504795
0.19279745686767458
0.6423709556497341
1.4021071873347128
-0.026402765787829775
0.10439048621086396
0.8000945256142213
0.6951534878761471
0.9165490516774472
0.2654249109167028
0.651745957690705
1.025047198595161
0.24034342880516224
0.3494027694837807
0.6325905265675892
0.44412834045780997
0.3019793422928605
0.21318901326294007
0.24719689781300083
1.319461967682195
0.46268606271188367
1.221378003629883
-0.03695512735038633
0.7623301284497878
0.7711323910288701
0.18259882999684657
0.01951738422104551
0.06191997641544532
0.239552354582779
0.603615467785427
0.7998545761142046
0.3238426501512069
0.6274195731602464
0.19394980344595758
0.6882378561519095
1.0821822242055794
0.3039046101628683
0.4555527627483009
0.5050726808051031
0.7743122341157619
1.1028303528814623
0.22924267248517421
0.501106274301003
0.7554697898457552
0.5334557394210886
0.7693909884952815
0.8498426266447664
0.08943601079417873
0.23450659970736742
0.4119229434955112
0.1149515074028555
0.7523900025435666
1.2397340020025902
0.6914757767321121
0.05255847524204049
0.24645718029580702
0.27736922126865626
0.5083398924300392
0.35771494064308573
1.006276113759472
0.6650218265051546
0.05041761226145948
0.6906085753055913
0.13453611458528789
0.18822803774011565
0.7334523292649573
0.6887412264516379
0.754931141000018
0.15707516305234046
0.04126589949580048
0.9083194515579424
0.7967931611334675
0.7317742727895343
0.7792361090484183
0.6453216474255166
0.39882516613421803
0.17717946148106006
0.34291535431208253
0.6551239120269623
0.7059046435978306
0.8058915790124724
0.5167954275963522
0.7200686111599961
0.7040532838595593
0.4568292149196513
0.7945228738294191
0.24620018068029367
0.2576177321299521
0.283015013040194
1.0117962914622107
0.8614950553367269
0.3585843061913963
0.7646032488103228
0.5180378198446198
0.5080889260933188
0.9098822953951818
0.4718171128307129
0.8140643585609201
0.10076499267848463
0.7281125972626198
0.5205408488674877
0.22531395268982954
0.6165995932919818
1.047885078786316
0.9450721437600442
0.9136994230907148
0.8920375647203423
0.6785190391023375
0.3307288708178169
0.25187699305856587
0.653568876723082
0.9914211839713674
0.13183757235798022
0.9029128288481246
1.0611348913921348
0.31505513429542575
0.9610397964449021
0.24439427984029943
0.38420072351522694
0.8785294764382594
0.8826909544815603
0.036815397610078876
0.7666290432895824
0.7381616071490864
0.281566783395144
0.8221862754018526
0.047563407965037996
-0.29923031383630166
0.8771694484830724
1.3707648702505757
3.828771607379545
10.91357472821429
6.428082404963137
-4.987115970345264
-4.652895975894749
-3.306062470163943
-1.7818173262132382
1.6721660093137616
-2.1181231943783914
6.439081121436514
1.7977510598804665
-3.3300824160901152
-4.494570092625925
4.990885365914466
1.5679059810673113
5.764969759480196
7.740762074024923
-5.143458882034405
-3.476564513949702
0.4279526939030785
-4.650363112419501
2.592124072840575
2.163398485846489
-0.4282148945930296
-3.356547686873947
3.97323362808553
-2.316955901945761
-0.1111035971355892
-3.8528727931657407
4.939194773541038
3.528764788296256
-3.285813942500407
-2.1245310680709135
2.31263250222976
6.423547822662487
-0.07482604396144993
-4.157473559114835
1.6818689437143304
-3.7745932402576843
0.8946577736082166
-1.2877937920483642
3.3837008911690116
0.4334167728609048
1.068991496111571
-1.7991084202436753
-2.622165520832797
0.3156653825619538
0.5208642010548926
0.9884259915486169
0.37442983599839136
0.19110395513553197
0.24538195209004948
0.7059099359216283
0.6548070698273636
0.5510963975718148
0.5863432307401693
0.17707686949907092
0.654064906614347
1.013402484967165
0.8009158142834885
0.7991927438748023
0.6951792975150927
0.2392382335963041
0.2060143957056575
0.13975681662995285
0.3721794514138056
0.09733521893493459
0.20564961022847567
0.39521766944332676
0.20633708602518772
0.3621436794822934
0.8003670266083681
0.1781765723407882
0.45672327724625883
0.46516364914096825
0.8904418487100502
0.276050523116433
0.42020085337040536
0.29986790234923855
0.31781005512422894
0.6251602334614621
0.49869880275098294
0.7320602106025422
0.662764853795066
1.071630045284844
0.5567125550263813
0.6833632386969742
0.3421865574412752
0.08746382329400118
0.29763296984697424
0.18272307601937413
0.7346305437362186
0.2302451953223037
0.06233947297740648
-1.5269919115469648
0.0032192461668472602
0.38911141606636257
0.12229414229178956
0.36062810517371946
-0.02503181240699956
0.5140458129694369
1.1920381951993158
0.5056922175017605
0.9223815172282597
0.7868342140258915
0.14068597345264428
0.8800826456170466
-0.03362295164768769
0.019741786926826262
0.3240867531259969
0.3582877340290018
-0.0860910111572922
0.5897564800089097
-0.012388863800134528
0.33919219905999465
0.7822257092194076
0.3333078067430398
0.7603872667333451
0.5776791836961933
0.27828922229071185
0.5359965579841222
0.8816537761037493
0.20853196373519664
0.33129132710326076
0.6771442262259114
0.11322294857630527
0.6925342332774623
-0.1062773839290781
0.2175646103862972
0.30940100322677394
-0.02651432256756812
0.15767935651147957
0.1535948049901374
0.6395225392772704
0.43281678075578894
0.46833826511388
0.8236136710560543
0.1360843360934643
0.5115955035267002
0.5283274995569851
0.24637849123713823
0.3936526967699765
0.7124461715151938
7.583765339110967
0.3001350018119406
0.35064610891797965
0.12699754174367348
0.5631381006549179
0.13482558297347422
0.36786497755116904
0.4735143480633495
0.23096085048866705
0.1826085148202295
0.25653449433577813
-0.07335565268305368
0.6100671138071785
0.10373832032575254
0.34584632829915113
0.41978852360565133
0.23591261407904762
0.10750313391582604
0.5167019447665455
-0.054295624371265984
0.16003415720000363
1.6863424863787702
1.4149835034110323
0.2870626803933765
1.0830980507865906
-0.00852493992667677
-0.06552921593437891
0.7853843498385439
0.5152968775704566
0.7631849411727109
0.8077008967524396
0.7397981430324705
0.37562573290118567
0.0153473058035744
0.1250566672024079
0.6260672865737519
0.20377805201161736
0.4131745778065846
0.39894960017518083
0.7979476649059685
0.8144092165933504
0.2188799081248409
0.8045368478451048
0.29292454630473586
0.5422966618710298
0.44896613436671357
0.1130703344972391
0.3575343713418522
0.21263124153072463
1.7565268090425696
0.28164487594988796
0.8457472399885709
0.3979579660393544
0.7075965742007799
0.6110298035086482
0.23881987558527334
1.1030921666590725
0.7677377331352583
0.09424997727089557
0.49558216236081665
0.2604167446465648
1.15961147087364
0.22816124056774062
0.588383314987879
0.4179011744337341
0.7402006695860709
0.34115023799334
0.721990713564112
0.8021456739759775
0.6684811861513619
0.25885483325737396
0.27165944707222495
0.7092632698956517
1.2652780992823551
0.08135744056192395
0.7372244084753159
0.09505365127564082
1.0331091765562634
0.42692907208760555
0.05122409904597856
0.7104272984787732
0.9920469765966115
-0.06972691525628147
0.3539367863199049
0.47099808102367036
0.2911360680555051
0.485759951692447
0.6171309073304695
0.37027571566635065
1.4323433266362104
0.1789651335031155
0.1547473276646304
0.7975953498795805
0.9989365236884917
0.681854197365148
0.2837554219923022
0.15393267995707532
0.5281978666370883
-0.7132917339775594
1.0111527937895575
0.9934512592124272
0.43907382984996035
0.049240648980326665
0.6374555803570877
0.48875432132122365
1.0657136506741056
0.37103803163800203
0.3505009634908196
1.074301816486089
0.19318556574877294
0.17064195003519636
-0.026775922035647222
0.08477766345876993
0.3449219149185296
0.469885000904568
0.5813785107225135
0.4463950478377111
0.378925637784136
0.3785771358477796
0.1666154909539403
0.9340445519233617
0.9788595145071255
0.7659300836501732
0.46244463285407694
0.4179636822824134
1.03407771371564
0.8763455802154795
0.3464122861829946
0.2050555841455061
0.23362354199045157
0.9942733058044904
0.42554832271902143
0.8487075860020468
0.9881158399572672
0.998514405427728
0.5517790729773756
0.05721576763224419
0.16423914032648929
0.9910393841294095
0.5019359638495688
1.042150241257235
0.7754379004764114
0.2547915080610663
0.16463907881778317
0.49691268292748114
0.3876845541204307
0.8959326954548781
-2.0242537772023566
0.4089387063295816
0.2166167425787432
0.4344624406422536
-0.006166385776037009
-0.013250719078996942
0.6464612305999646
1.2333440054824722
0.5626630101118631
0.9642072985707874
0.1199951186555535
0.3411806764407588
0.8331539120346385
0.12407069206176606
0.3626518311409699
0.7475655790591876
0.34512017585413657
0.7591284038377781
0.4155487295174545
0.5043142522172176
0.08543775556734404
1.2233334198402437
1.1425258656872697
0.950521510817605
1.1731381871802553
0.49421048886761937
0.043836029868201364
1.013999979732886
0.7834053677361297
0.7182293235162416
0.1582693420732122
0.8546169876802557
0.26851326142423626
0.5558849644744946
0.8054934553187983
0.08058788278730683
0.9499692697125145
0.521527481159644
-0.06146257656476528
0.4543314937791744
0.2675759658355828
0.7676826981436219
0.4711520702875276
0.24274486651425423
0.6468748631117854
0.8150614996504228
0.7421707679641991
0.7838463729406812
0.2215297407194375
0.020563214090557835
0.42615178383789165
0.821871823962824
0.6931316622443977
0.653263139428152
-0.132515788941299
0.02152398660535582
1.2657828979702581
1.3219699434516994
0.6293227146059786
0.06520403618829315
0.7975742710508077
1.1197405452886473
-0.01651556231974501
0.5405658741660534
0.9350041208645469
1.198848144271909
0.6010951551800954
0.9154712322166689
0.25369927554724925
0.17949410411789457
0.8015909025655036
0.4653561174270688
0.894374200645508
0.5871362630068125
0.2816126510471826
0.25832620646658555
0.4489158114211535
0.6106816353422266
0.3804993184505942
0.3935936488267263
0.9541319563948611
0.7525240269423823
0.5348146921850367
0.2432237221580657
0.6892961295929896
1.0006205123382002
0.5395429497914402
0.05679960252053763
0.729364191911164
0.6685265148138082
0.859565033050123
1.1367026991398408
0.6099591973513491
0.8297371368833716
0.48841732020212053
0.6347843619879072
0.8207644664677876
0.8332543859767568
0.9527007397271382
0.3803835687437578
0.4181436118460211
1.4426744982597484
0.9971950431922485
1.4295754290542724
0.8509718601915014
-1.028829155673154
-0.5244801214507008
0.023141410273062712
0.16394885816721078
0.6730363695353596
0.06426163636267757
2.2013034360184953
0.892686020686102
-0.16225241272629629
-0.5268823491195294
1.055586293964587
0.5742729295599059
0.4189890447137663
1.4073993927236452
-0.9110687829298425
-0.3215434309017285
0.6534844804380777
-0.7701757687703288
1.2588761622627536
0.8224551603693552
0.9663537584308244
-0.32172294163326176
0.508545572449561
-0.11356853135584175
0.7676468422807634
-0.4084739593749288
2.024178278496539
1.2657402415619003
-0.20640630888719239
0.3929257207069182
1.4536703478695878
1.4775427026783083
0.7090123838459012
-0.6762697212994877
0.5634863649938227
-0.35841620081659176
1.2517293166073231
0.4607603554131595
1.6419314479277654
0.1984005515499354
1.1292050530914224
0.3809362259367557
-0.870754221779054
0.45733610890035553
0.4697112813658809
0.8096168017165555
0.015590896716238301
0.549822610794012
0.6146890808981479
1.019588271895719
0.7394435048067045
0.5320605439294512
0.7620873316666112
0.5136296726055792
0.07751878098966454
0.0011353383991519958
0.1324051645037051
0.22013706537715894
0.6183985371336689
0.9674564953701894
1.0136561666374062
0.8204152486830639
0.29401633362345064
0.7559748715546528
0.7982658346663614
0.7706812146517247
0.4892491965116413
0.5712987063999231
0.5747595346018967
1.1392521707703989
0.22893309654485103
0.4213788756145703
0.6284360037118225
0.09693749830157986
0.243083542476189
0.4394049978252138
0.41933812165136564
1.1702512892553474
0.6139713737656546
0.8123343891082473
0.144391115037844
1.0454975504503672
0.6582483863557984
0.7941094512804383
0.2331751807857222
0.25884504904348254
0.9341063442438373
0.8998878924765582
1.1284240377603154
0.600989519094203
0.2989487575134756
-1.516984646433927
0.89325985540343
0.1122062855404821
0.24390477208716957
-0.05521352106215082
0.04890213540361919
0.2691532603010604
0.9112290495229386
1.393021105024019
1.04297457864821
0.5389586123343745
0.45627232479634217
0.17481260126712242
0.42538223118510865
0.01148714934591931
0.9253190271766165
0.7432234425257237
0.5600101510495433
0.5441550966956312
0.4852831649961466
0.07220080208531465
0.5314301855522201
0.9874691988912683
0.810414993057519
1.3367151606491445
0.1852178341828676
-0.024534717774718665
0.2747955909205385
0.7046080293902247
0.06404169624722027
0.3619846918182709
0.24046614171491798
0.9767749859012715
-0.011273801020718474
0.4962481058106041
0.08469963921830627
0.5494426829479844
0.4146001950708147
0.5774684304013463
0.32426980734916544
1.4902540474863026
0.6751389811483575
0.3933651484369474
0.5450493387481523
0.38838972798503835
0.09895921681425321
0.8502160592192617
0.7078739374230347
0.9062196083647669
1.6334359625879153
0.8642731285939014
0.6386187689444677
0.464655590834429
-0.13188786146931442
0.16937472135530476
0.28032741617523604
1.0732567836274471
0.6036973760226348
0.3984661876769688
0.696856474173343
0.38168537461870505
0.5871690040086315
0.027975884330709126
0.5989473646351826
1.016136028783518
1.2433801284585553
0.4024750171042718
0.37919636866780354
0.5968522983548541
0.5905371498959349
0.5424514820401751
1.2937446084518727
0.20337038768689217
0.7563798809298145
0.20015254031091217
0.4063824539783218
0.03292805938769641
0.6912679461381314
0.21429906849764632
0.5196158151314049
0.2976358177018625
1.1782857835007865
-0.17431945451578015
0.16153528817324225
1.0353275855342088
0.18001829416472606
0.07302151699363124
0.1572897054278357
0.32079913721559516
0.7809681988801034
0.6765205563445417
0.41282164999305043
0.7077227974677838
0.14128944606589336
0.3300027542441828
0.6276664576431594
0.10553073815079776
-0.00791970308488522
2.356437508217261
0.4720535367270613
0.8539891688284154
0.9081465183094081
0.7745224040565768
0.4556387995115989
0.12169496507777358
0.35704250275107896
0.30403507286030157
0.8682790527235343
0.47938090766827424
0.8679247437374833
0.4656158050694017
0.623351099883868
0.02103251213450383
0.6566655271093517
0.752947304783161
-0.012303393594185483
0.10760940452520369
0.4954705592500724
0.9450585626952474
0.5241167572070219
0.8663196118698429
0.5257031276982784
0.3909561804397979
0.23452688180012343
0.9794432692537216
1.0693661334428777
0.7081122305831304
0.3254320942636584
0.4545951002653769
0.729952471744641
0.2257136636927256
0.8268775442513399
0.5556589170043414
1.0055088421226417
0.562112240092657
1.0187034343777552
0.5865070964105119
0.45763216935047746
0.3453782954894081
0.15302059518693945
0.19050510602386436
0.8247649129636794
0.491435647445052
0.4889671064611213
0.7486787656632334
0.3454999741651868
0.9115867330101152
0.353782126374868
0.9025330241047367
0.951660301212634
0.2933463752745113
0.0662200494471059
-0.055023428858860815
0.40551549963180034
1.2511750864195685
0.6551306466741036
0.35457684235476566
0.7402797401022734
0.6460445779730717
0.49455272215013024
0.3741457357990829
0.19077390606695008
1.0968307766810712
0.5884317282298138
-0.027485788079918923
0.40205395233638375
0.4563127361850948
0.08146356800421176
0.8490501968109017
0.2651562125312694
0.07608630083857751
0.37024343760001355
0.2519046909854949
0.4406066836704873
0.49089358615784084
0.6088913840158032
0.4194640752804789
0.8077332920449208
0.7658988087744344
0.9126746723822443
0.01888584719812239
0.5786748941621022
0.8927781320124941
0.9726758718364028
-0.03502287360310885
0.627999601665647
0.09530107273566543
1.094727034611894
0.320584569275807
1.279427577909608
0.12770235367509034
0.9078670599397004
0.3284681582138244
0.9182238397799671
0.8832117416957291
0.7561730799100621
-0.3949283904020871
0.2544790524159899
0.46640861232785735
0.6986307718263443
0.6405606257042084
0.560092085349408
0.27563021741958543
0.5643596326799024
0.8584693359098304
0.5155099027422554
0.24999738849801237
1.0680399180579436
0.7441998742242487
0.8765893108724581
0.6156995864509348
0.44149759595106447
0.15801826323558316
0.911314220909015
0.34062253421775873
0.9949895169727159
0.6022213501094166
0.4040606393044339
0.31434791385139926
0.48741295829976794
0.7458782558334837
0.1719597284904614
0.9313145019622144
0.1841515869931777
0.307812912309799
0.4389464912688997
0.9163295261494997
0.5647237227228002
0.8831111264874778
0.15584291317111254
0.46609650214085274
0.49038592718299945
0.4053922191897601
0.48280051905269
0.4414978680815
0.09151510174196625
0.04088238244062786
0.27744150331237144
0.3181116594906702
0.9269848583332314
0.7273435009072975
0.90671611815277
0.4778666554582529
0.16529413294378195
0.5818475274086877
-0.19273751032228614
0.2611322417859126
0.41456354375869425
0.8502288715273576
0.5310846053515432
0.6126814830232881
0.6165791324317343
0.11260210124465533
0.045287271388368217
0.14880998275651
0.8232709186624771
0.258594836037539
0.7514094143856025
0.5841462384930215
0.48084393730102293
0.7285474870581176
0.6238664999133554
0.28781822044865635
1.1918928707536027
0.33843462007550523
0.3814435403359815
0.29841261199034114
-0.028329341512250923
0.43405914675731294
0.1508658634693668
0.34854953623975204
1.1000783905867422
1.0366133435185023
0.49009772991505673
0.4976574775180267
0.910347240024263
0.31613751221666975
0.5135607897973044
0.20011250319199678
0.8458856609672901
0.7322989934973754
0.7078258906625616
0.776175892907831
0.6818890594846883
0.366933748744834
0.06797391349891571
0.18753492615284428
0.6191511251140082
0.5124195258111045
0.625982070898492
0.0941707088433894
0.5619067995313398
1.0884671986851044
0.8320681781686204
-0.8810910517156698
0.6907092452696073
-0.028873561426124298
0.14864322644789654
0.2192870315445157
-0.12146912495934165
0.06668659599749113
0.8489441915434036
1.0727094954277683
0.10055438696449114
0.2425648708125797
-0.04907036155011679
0.5138552328000897
-0.1605043797374484
0.237268178139728
0.13606452430453883
1.0770687739497675
0.4144859983134263
0.4492528551976069
0.1007681164255026
0.4608292048313942
1.488817377944264
1.1401504399056566
0.7175500916038854
1.1115583163363076
0.46123827808747814
-0.13364617467279855
0.36361661143450286
0.32911685673572605
0.38920625095192274
0.5711830231680401
0.5542527670374544
0.23757037282194368
-0.0859656635743157
0.007255946720862126
0.04033916790053514
0.0538625929567888
0.32779548204136627
0.31550202039688885
0.5673879313571231
1.294583941137714
0.3576646908300475
1.1923840612899619
0.2524667829633705
0.024861845226530635
0.49464035459747596
0.5254328666924459
0.5214812103655572
0.12779706389830667
4.953232079540664
0.8337067317180133
0.7390401365170001
0.28854994979369497
0.17295461652444094
0.22543244441798638
0.614376546582454
1.5484839096199088
0.2940289445846904
0.8750632855498732
0.2770984436772982
0.6324537732113383
1.0662313161228612
-0.01842556599555427
0.5124615965283843
1.0175057274396286
0.22774179394458693
0.16655094888254368
0.2952644081837713
0.43068624358029495
0.37691346495868605
1.4115580719213736
1.096183162372275
0.7777943215334671
0.633495525537105
0.6871112953870118
0.29213935594343193
0.5184358991757235
0.17998249144530576
0.20894331058551507
0.8519520294624474
0.7359718355287488
0.8537963302296119
0.38853278564049964
0.047276024769888854
1.0157428374574142
0.3416883738398129
0.5863434610547069
-0.05243515696820712
0.18085120282685396
0.772356024544863
0.5480922274797446
0.2049429603848704
0.22587280055214065
0.79168341068458
0.009987652910110067
0.8324378363699113
0.5148021459243295
0.04866505235026935
1.7420368988111221
0.21080297333933928
0.10763587140145779
0.06543004131904105
-0.08323664438307665
0.5294765124197812
0.34534760453904045
0.9267142456454897
0.6663907460700693
1.096605413715545
0.7536801710854232
0.8439120517459822
0.7293111361432522
0.28365269339876886
0.8527608691612268
0.7370590671619509
0.3943452242633393
-0.02343577455786871
0.48707097492364126
0.825406955066953
0.6054137395855583
0.9819897164420377
0.4704133021682004
0.6626765191547503
0.7166497449572259
0.6561837467743276
0.12848552852976527
1.0492181821422253
0.329419244511768
0.40614579210464136
0.8995905876536439
0.707758961922409
0.6585810619481892
0.4602931576447728
-0.008117325779888928
0.8496127865876422
0.26822742314180875
0.5027541443676763
0.30083531323922214
0.7302956217709904
1.4918127676798583
0.1450299381326749
1.233560264792163
0.8089796280435787
0.3849005204572983
0.8322282373771079
0.8798045943762213
0.03313578920494402
0.41781305503381
-0.8269711316815513
0.42261684371711467
0.3932610816010477
0.11015498776695815
0.2176089685612072
-0.19937966181285888
0.3715793283153756
0.8840558180203159
0.7209781035617657
0.12583435381288596
-0.044711096072597385
0.38126875638972635
0.3606078643656937
0.4360255241495054
0.37061171963503525
0.3938784780951212
1.01788357367176
0.4564094862747656
0.1838397453820868
0.5222103193695024
-0.14501783690991754
0.7268538083736984
0.989377127876776
0.7484689026254923
1.3477799218446993
0.43049395205733026
0.5052377848152687
0.39330719535798864
0.3901866651994817
0.0289094680602677
0.170823484320625
0.07294956152686427
0.83196697930814
0.0701723443858834
0.2154126319409569
0.4793606809734488
0.3402435008772741
0.199888991788849
0.3150743358422529
0.4907703912175058
1.2170610168140674
0.15391585960789445
0.8625589152906794
0.4065405635401334
0.3104000538307803
0.3254613633247082
0.3745857974983674
0.29660861006975925
0.5005964983805224
5.944709143351605
0.29775791581397776
0.7502049617261295
0.34549521521187065
0.5058734985307117
0.1008228792716433
0.36065662315930874
0.389541716739594
0.7015478781746304
0.05979874541889588
0.4675558461343526
-0.0146565019857258
0.3443084373129213
0.8283718809182833
0.2718697950955614
0.9597318809852238
0.7493804730457878
0.110233685636633
0.40306215225128816
0.6917598596504273
0.39805703091310213
0.8610915724145656
0.29175456086479185
0.03830399699564737
0.8476154535307444
0.13905164277692156
0.012171817025439582
0.8408179786502035
0.47269543249707724
0.9142985218050019
0.9284400268107992
0.8148145423717686
0.4861942558108817
0.6923074389817278
0.943456691664447
0.5322210184394798
0.7855293950163362
0.9649199621685208
0.6338183904851383
0.5051263350712899
0.5201860263817941
0.5571219616737934
0.5736425748547389
-0.016097580681158165
0.19863911852344082
0.8409047128584403
1.0317357062047194
0.09737157280788473
0.45260072500895554
-0.2567628568916764
1.0356715378002823
0.7795181653962296
0.452038707145176
0.028935633081971286
0.5682175633658453
0.23392604228116268
0.5756848384468747
0.8667062334697102
0.6046770538499096
0.7715476331356654
0.5663481316584621
1.0709378399904328
0.3342201062176078
0.14458468543983857
0.661451510667056
0.11771506585210972
0.5526830663349794
0.7491177664840848
0.7781772562530519
0.43925117707507727
0.166001009507152
0.508711660202202
0.3246154890352819
0.7555575083888881
0.6090129274955248
0.12624452758769145
0.660988627404042
0.5876650307148296
0.34257861025087966
0.6597123500567001
0.6390794233625704
0.9449574927823632
-0.06290284602051122
0.16809496331629617
0.33862594785592137
1.043913826528586
0.4478384914705785
0.856599551485004
0.4477912458513301
1.1954600219926603
0.4707321610599155
0.1773250787796988
0.8610106012298888
0.7706301349909969
0.3778245208852903
0.9706301564907747
0.2559875903552322
0.33480373086830134
-0.6092836301448638
0.6469973118010675
0.587490387077822
0.3137678533981004
0.1927591800082661
-0.04393732521377351
0.2442915709880306
1.1646005244744733
1.2910706124838174
0.28753415145836325
1.0973838331059589
0.5437573985409976
0.2099838893521698
0.4358969727798609
0.3270406129893005
0.5529889213860849
1.2600891887692995
0.3972367949933509
0.811891328897114
0.28431661268741976
0.6730034765075644
0.8733368555270058
1.0832960264016058
0.5612229676797343
1.4800511733603856
0.05562105480169724
0.7828782092384537
0.42651738473014256
0.301857495544247
0.3086264711171328
0.5834156329708953
0.08842903047128782
0.3990390275697054
0.03281956521474156
0.7873574976570351
1.24564140555225
0.1956028707759337
0.784585151426299
0.18247080320114864
0.6498118332171325
0.3012171436020472
0.10022951908341225
0.370501579925511
0.366087556995338
0.3936163059338943
0.5463739653096953
0.8885800457164258
0.3996596712443363
1.0936655569075444
-1.9503046437401166
0.8866819611776023
0.29598216866904026
0.6356684493358474
0.22669242577274046
0.16935432884414137
0.3622453594622207
0.8099847378644445
1.082295897374986
0.6732246209878581
0.828757154601056
0.5861349551509835
0.06496121186276868
0.21280952046561624
0.24952565054157957
0.09763842804208953
0.331189069788124
0.34054693917285817
0.3262432668593206
0.582078057477102
0.5724224783339358
0.7063668673761615
0.986307324750548
0.19016087983589722
1.4428311900306672
0.3573436308909355
-0.04497354405746298
0.8779917553794356
0.3148006993459639
0.16081464640853899
0.4688584932410616
0.5318785731921603
0.2346289989860342
-0.15610249098456058
0.6459184307901743
0.7241644659526493
0.1009538728398069
0.01589248667287649
-0.11590220474934693
0.19221040422334887
1.1199612759691597
0.5764280625714953
0.23379303499639936
0.6039405837515616
0.8950144539820365
0.7185127120328968
0.7394602458768431
-0.04632380569910803
0.6931541484681937
1.5598369978658755
0.6962020379185543
0.6734424651120086
0.8467213733991439
0.034718433089577366
0.2139718878442484
0.7047327961983638
0.8526684986758933
0.5662651061346511
0.33887410997621487
0.2066124938197474
0.5306741326188282
0.4325867554600966
0.13103970514022775
0.03489907231841634
0.9203412114249597
0.24390295625588507
0.2214018157400825
1.054381550329429
0.008806346086908026
0.06677527097093684
0.8713384570299416
0.860900690336312
0.5725182611346218
0.3807052361970045
0.6830168732281515
0.038505544645043986
0.972673100711604
0.9740742613336806
0.8898938220596785
0.24570473391741218
0.44324297879574814
0.6686957779306414
0.3356087876518687
0.968884556144389
0.6284008453648477
0.7516711468307561
0.9402551388371413
0.6158815890255359
0.443264491998399
0.1785537364903646
0.6070551957092651
0.987190452576073
0.8839353622670875
0.8540084283940794
0.5756387882239462
0.3701372742455595
0.9519806522919768
1.0253740348766431
-1.9919000680911934
0.05115395559097452
0.3221686538368749
0.4757585003248914
0.30221186473255535
0.30508024233294534
0.5645135974086836
0.1928762330338589
0.8637789600257545
0.18597698105395952
0.7106498894503475
0.3307815194122665
0.5502751105673577
0.3261847904031775
0.3807622529165952
0.7940429857719785
0.6425722859366466
0.18595395643303808
1.0342840839181267
0.534629065295728
0.12177190395397519
0.8014916354077753
0.4508178093660343
0.26108869907713167
1.4488263431883885
0.33118608318753706
0.7207423700445418
0.7923479947921086
1.007424124295211
0.6047517846238961
0.10646381528289603
0.4807054036906757
1.198084226852341
0.32548326628137353
0.03595731349076438
0.884336174919756
0.9646227376976129
0.6497298478453615
0.5742588306882797
0.7258315845876474
0.3128814902814246
0.050508175564997065
1.3136810649435184
0.8235378251559161
0.43377915820704016
0.6248916486565239
0.23417555774870275
0.6885801402259177
0.3073295837105604
-1.9186167276392343
0.8187926426818165
1.0857694716553175
0.7296468089594087
0.05761775922691572
-0.02171757698377537
0.9179143088200132
0.7455173630126826
1.2782861592459196
0.423362439349577
0.23309311038034897
0.4623777308751919
0.1531729047671496
0.747119243262915
0.5815849964371358
1.047941762461695
0.844682607963834
0.21365285893376113
0.13974569098807268
0.49576217946191287
0.3876043713239868
0.8978124428058069
1.1928921427739492
0.9991331890608142
1.1744429627066217
0.04193994423976555
0.24737318252408608
1.1667109611666429
1.0119929897055773
0.8728961112682329
0.3452278050688874
1.1815408288754226
0.4145052838071056
0.18528926862298073
0.011956953737349146
0.8028355215063153
1.0873952931707531
0.65620181275335
0.21209534743343683
0.08717303696788449
0.25660299624897476
0.6383902275590161
0.3095655588704925
0.14168700156944133
0.06004282029708255
0.677145796312065
1.0515613847937657
0.5522028009708815
0.3480117030721076
-2.9498072214935407
0.22001070217755894
0.7859319556666221
0.21371278865690083
0.01707749516202258
-0.017537639520243946
0.47023185219928504
1.5656986855945123
1.0659500337595942
0.9297396427630729
0.9711332648859746
0.1243904278233262
0.5423645347784682
0.22642965835295964
0.2305565392945749
0.7377458590025782
1.105701503798491
0.6839734107898295
0.5062507738363207
0.3828860440705207
0.6330867617927984
1.109231313767913
0.3206313906184542
0.815984666717122
1.0319885365136745
0.5984948758618747
0.03468356740252052
0.2530666802456979
0.18524628139030325
0.7309822050106184
0.8063985271124618
0.12965686041420532
1.0970664686090108
-0.11837066780580083
0.3154225556612193
0.7860341191537638
0.11967056345063778
0.7945471692954645
0.716986495985359
0.004935748408609325
1.2287517511177093
0.7481454156977451
0.9088773185315455
0.6396952611818413
0.7779374322821216
0.20248674427517646
0.7118011082071505
0.2557752163340264
0.7931097322804007
0.29056840147500407
0.1992526057083876
0.20427614569832894
1.2415728346108068
2.6283754615996133
1.1029707143803145
0.6087194227035373
-1.7640136664699078
-0.9934181820525497
-0.33715952363701546
0.009762544171588797
2.335517130058793
-0.22015622348697833
1.9241258448572625
1.299392167031128
-0.622461470524777
-1.0868045259238717
1.419477805669791
0.7662836649859928
2.2899827048861057
2.378309392206591
-1.450805522379641
-0.8425633626876654
1.1600732491644228
-1.3129126804286608
0.8102724292432482
2.515805542406705
0.5788260005242631
-0.8447625402598291
2.5438621979012197
-0.14038946317659967
0.7897253998494769
-0.6268016225340457
0.8113282145428521
0.6659997304240716
-0.1680973100668833
-0.0028469671013487685
1.5874332458652542
2.7872574642614008
0.5958022586033221
-1.0973023137230857
0.8699256052144608
-0.6057903494581518
0.6368920056885307
0.2754603530667577
1.2978809627945742
1.1008251213837026
0.18055566342305943
0.03417085387653215
-1.226238835978365
0.5699967849346366
0.9934545675075602
0.028789316236385337
0.8352723465125236
0.3809801376497687
0.41533468465472834
0.7388651059110728
0.6921214577340313
0.7353246330179257
0.47763346790692357
0.3493007421066083
0.9512873324843008
0.5413918300739577
0.7194079383740778
1.0426119438165433
0.915499808904137
0.3017951976121537
0.7739693083755095
0.9520544038456681
0.5815707833743572
1.1476582072022996
0.3669724599153454
0.13435394233229658
1.1184909910304368
0.64201581962394
0.04350050085797918
0.29551786442820094
0.9645554242352369
0.6468448288937652
0.6226527355490188
0.5920862675513425
0.7011345471804512
0.8225087393190169
0.758838436024401
0.7183209925666901
0.22377637857996532
0.25798947575081504
0.4016255102311578
0.3790209205768345
0.9579939180214839
0.5968430951622082
1.0085649921089235
0.37591290100264935
0.6857373776477764
0.24477990096002916
0.8683895985183867
0.19345164658404926
0.4193615663639424
-1.0104124826444045
0.6244404559258323
0.6713341770409853
0.037219200728764196
0.7108099423360505
0.5209785010279915
0.37074879791338394
1.1565853042017256
1.3874104641300775
0.3714652847308154
0.7080137765432682
0.7871712970552989
0.19599179268431083
0.19882599829993877
0.20962120480782329
0.9978977333251448
0.8767644485355847
0.05836953332134501
0.21866874342842155
0.44170613205070214
0.49663416359160567
1.3863239870301782
1.3897913648849762
0.27685885012843936
0.5225855588786777
0.06523744050357373
0.3109488789980101
1.0956644983804424
0.36647666614896696
0.09072566104956094
1.0516526177112095
0.7644483611381734
0.36288844055616337
-0.0796072946295095
0.0043017983211249295
0.5673155823679471
1.1214756562759105
-0.00324778551967873
0.051642785138166114
0.19249472796525186
0.2520081603668256
0.545379125945516
1.0667233598818564
0.3387527338750981
0.7566475186830534
0.2250193342329569
0.5271823597757934
0.6716268751382307
0.0778115363632549
-2.4279138347896185
0.9627066252348769
0.4598790509862486
0.7307375140410989
-0.03871067694866974
-0.0826111770390089
0.4777843306980003
0.2913457145097986
1.2081716723635845
0.3638997814603181
0.7001193967161573
0.5512497545147715
0.5762081796790457
-0.04055208002749672
0.14007670659898158
0.8066784608067877
1.195877483467637
0.4466044409825486
0.9893971190656479
0.8275258382011926
0.6715581678772576
0.7433260078150897
0.7007994108748989
0.4023069060569446
0.9856026738676441
0.7462286197308798
0.7161680464784185
0.7559591585478052
0.8979343378823121
0.9413774139926061
0.8794334081051136
0.6563706403024545
0.21566488891833843
0.11228944202496334
0.14190371801257437
0.9812914146483588
0.9944538936199038
0.02048040642844983
0.17152494743150792
0.8034105733114743
0.8370160425819806
0.6205055523528658
1.2195025764011096
0.09585020706500642
0.37843873599234185
0.17589990708238848
0.043811868582453894
0.7967597483938659
0.9861653311224472
-0.7011472185840578
0.1786736500077341
0.14844691749576072
0.5034907330743347
0.16859962934995978
0.5900626928950564
0.14544314920494317
1.1767984462589236
0.7786431287808704
0.22848309750659546
0.8516612215566194
0.5741099221000054
0.6680631186486917
0.765713187747803
0.4914190009816356
1.0397775936002531
0.9900271045296184
0.5521884103399254
0.43264254145792497
0.5117136475562737
0.24253136085370383
0.29421987260024846
1.164922356791509
0.1804841772549438
0.30679912916608665
0.8923611856843289
0.7990859388119391
0.20748940399065022
0.5145108212128158
0.603589182551826
0.5772032457692069
0.482279855244125
1.05245608390881
0.5336772756981221
0.2880851690877584
1.1011645414060875
0.8926905037510688
0.7217459800630597
0.704931189089104
1.008593659436062
1.010673010909093
0.5408233229854883
1.084985291139924
0.8625142791660305
0.3320758225940379
0.8865263191827712
0.7594489557860908
0.37939857324771753
0.8155404245988223
-1.2948813089638016
0.4382926848074303
0.8792712116536664
0.7637221301029458
0.6578219087030316
0.4231821480010688
0.8394882286524208
0.20124326240425247
0.33394549012760183
0.30667385476540815
0.8054267058149477
0.8400519958365069
0.9282988650267656
0.3527033785323409
0.3886722057839459
0.12138461744777831
0.69209618112072
0.7866022632432661
0.7378559342071425
0.9764940392870138
0.6775178852397532
0.42971934669661954
0.4124398278994625
0.9840939540933689
0.1867359283420933
0.7608078855466953
0.12506313701546973
0.7311971619975044
-0.02693648160730259
1.0098425082013436
0.7094094238971335
0.5977347784405136
0.5514145314978564
0.2551187985865414
0.4064915865916612
0.7481996524244944
0.5260198384830872
0.8679518750875785
0.28430515222255476
1.0390117624676916
0.3809625530519986
0.8165375875770386
0.728074393290274
0.39809764579388396
0.5607127099635852
0.8873649522810635
1.043826446688344
1.0029229986207104
0.08710926603706151
-0.07985479180496191
0.5210685250624945
0.6333960063925634
0.5134168865962309
-0.004484327576324518
0.40973401342505944
0.30410420431653973
0.9638081096196904
0.2444491107334268
0.635250599765936
0.3032080892782858
0.03573039621901273
0.7433568773784949
-0.048566723188641366
0.563228690985948
0.07451321589594581
0.35339594754757075
0.2095440158223691
0.4147261341509671
0.6021131732560877
0.19955941443145797
1.3111805496440614
0.39767186891115663
0.6991901211327202
0.8272972686231809
0.0018596357327155448
0.15355580807494212
0.08601315376318341
0.38413605281791574
0.39549777703804595
0.9286911906527482
0.6858854235707652
1.1655082178609075
0.2664963634988484
0.5233904178990672
0.8848240067492865
0.3777856832855352
0.04798026499250682
0.10706964163827992
0.07596745252105232
0.25557836599238576
0.35321007011902045
0.251412842924216
0.30720116655192503
0.6931205348172628
0.6858585503522262
0.6893150295106768
0.4003932580374449
0.9102792037416797
-0.3986917645584154
0.38234117497443526
0.2201191007887153
0.1539713120457354
0.47770738006712155
0.22404016638056556
0.1488000058537375
1.757160991730752
1.3252545095557908
0.4309315294996505
0.12830909575912797
0.42772583419940374
0.41778645958745264
0.013645544780469053
0.18282527261165096
0.8712678517793023
0.4945522819564125
0.5840418800188893
0.32758894113769194
0.5627268127175541
0.26830914824241425
0.37121829190924527
1.1604010109644163
0.7403842079696844
0.6530034556991757
-0.015047721804629918
0.4219953082413529
0.9048420981944905
1.1701143188348628
0.4231216805064814
0.6954036954609971
0.3004330052673819
0.9166400908402176
0.45926868716576497
0.5138877564400274
0.08124467896889269
0.033969699087063134
0.7020316099727187
0.17476105376458528
0.39625577119121663
0.22993454809189867
0.7241556970186535
1.2291378149907393
-0.11221824838026861
0.028492055923896857
0.25336073994757363
0.15040634592993551
0.1590097357227626
0.5873166378312084
4.75485602961519
0.5307406726910744
0.4354280966202808
0.8511205177150611
-0.006799175476913201
0.2898488693193882
0.7590882093143956
0.6692921974109376
0.22294360191137028
0.1971831259120839
0.30017521487467325
0.852466507024486
0.5184575623270788
0.8118693281984792
0.12135327538908551
1.0357472734613073
1.136219867056939
0.29498821961771976
0.3792728003443807
0.3087712504224134
0.020874078461197015
0.6543517516141952
0.4805650615793455
0.7528341766071304
0.27936266941292676
0.5285531853358799
0.445758783854846
0.07552226280301323
0.3843105932678811
0.16998622387613532
0.5033259310102465
0.07383564385787332
0.4995777961620288
0.7024422868514072
0.9431797314316952
0.12502073439947275
0.05826904931517324
0.06057603928942256
0.43691109292250097
0.6614650725124329
1.1994441027213774
0.5200886163434459
0.9080297143702566
0.7945846669236143
0.5643499600498834
0.44879542199952566
1.0259725446603722
0.5631951017651043
0.8165387509735498
-0.8608945256662842
0.1919492734542485
0.2994296691491819
0.2192835410707042
0.383699290268044
-0.09988989237910452
0.16828250708525622
0.45320155730943545
1.2312197833740335
0.8471770419353102
0.23925899766075895
0.562759192421153
0.569634967054987
0.38923832937663394
0.05461886083540974
0.24993624035822068
0.4258685442909698
0.46154867095286856
0.6933198117732599
0.6135407593880742
0.16148196990980418
0.9113906577159725
0.7895945265797821
0.6409520303108919
0.8260888240413676
0.5463131214033888
0.010190668768140069
0.8499516475265573
0.7374792059091543
0.4794965110284565
0.8204052178625656
0.7057650276802306
0.8881077754952317
0.15860599642234235
0.8586542088563928
0.9010855080063451
0.769051065824415
0.11265685674805449
0.190413607267234
0.07774218470736383
1.5374931067955115
0.38197486766248845
1.455328491793728
0.23951093742880222
0.6635896433838171
0.3456176033278047
0.9409323971977862
0.8773609645395078
0.9263011447041837
-1.5537019846473779
0.08565094840643776
0.01615163143610097
-0.012852168717353996
0.8060985212219097
0.25211606606035863
0.5603026804401066
1.276457471864723
0.48762528260327176
0.12722788987539194
0.148802468638929
0.18722347971799463
0.3377909353791587
-0.07216075922246679
0.26559972411524424
0.9324554155139759
1.0284010922981957
0.3196067525797763
0.9122942525865614
-0.008064435783439027
0.8650565911162114
0.8782523379007938
1.1324735585473082
0.8981607837383979
0.14460068940843004
0.2974296485434466
0.4636072391530307
0.9206650791033069
0.7263752601384542
0.9656266730188174
0.5909986212343159
0.9059392839181489
0.31253092885885847
0.7152448647848513
0.8092438111933616
0.5374841671758867
0.31969890481333724
0.2610320061828618
0.1621006378448613
0.93560702183623
0.6190493841718285
0.46426111360596767
1.0940727764231657
0.04144867692510619
0.9492118223466566
0.7345018903332355
0.405779152057331
0.7376532466899768
-0.006014611082803323
-0.5622043123289509
0.9661666257099084
0.34677123562252643
0.8041635648050343
0.1786521248672069
0.05396445745196483
0.34152992488092565
0.9476642968268181
0.6675684479274999
0.5121371781455158
0.6826633302282338
0.8089605257508949
0.9777979156159152
0.43060690675240715
0.6858725336930533
0.7902450594337508
1.2994342252246684
0.473501750836708
0.8175609806886913
0.28630520933759257
0.01985969304367795
1.0627302928943236
0.34629872393091454
1.0384384873570398
0.34752046478573523
0.24736391029752897
0.7389232999212004
0.1605731674326049
0.6909644360999873
0.2471206533555993
0.7897031722981693
0.7661939278018057
0.2695640904973615
0.3754142878028451
0.7187506185220641
0.8247865764477121
0.40951281695725233
0.8567747915433418
0.023541326249270317
0.11187929281232076
0.3993335088634597
0.8630190259825197
0.15076895975403207
0.0937126473837962
0.4458983418478428
0.6702325662174299
0.07935002809607054
0.08669953919239202
0.535440350280003
-0.18561954959925653
0.20049884746451604
0.04716881890026174
0.6749271649273878
0.036492251217886226
0.06808102982435152
0.46065609739642416
0.4220952325452458
0.4135339693118313
0.028500685021545246
0.7639333669119163
0.10423492318169866
0.4569713809531416
0.670060765358419
0.4846664651362687
0.14933604171012968
0.5075310317526196
0.9166258420233259
0.6476143044350859
0.4905685022864702
0.3136494141645474
0.6127825330056557
0.9697199131933193
0.11271788702079011
0.5818172865565142
0.610722781169147
0.8125472070610539
1.0238698680978566
1.008437593081667
0.5568212603208404
0.13650131039448332
0.16071769781413667
0.6962449688370616
0.5137864437933547
0.7147953851501471
0.46712381311138623
0.41766007342874
0.6327691813456359
0.6461677098846529
0.22523323654839203
0.06420665224068389
0.2876526487456449
0.6072622873179503
0.15950452205430568
0.699766437120556
0.16510346708243198
0.06766497145246718
0.9368264762911661
0.5653272342760008
-1.2862883962084977
0.007103479210690048
0.9188618359319289
0.6663094229923822
0.5151386222032281
0.24163752224717025
0.8415376639291008
0.517716947715298
1.155389265247162
0.9775938876270405
0.33329248482926804
0.5624049253967173
0.07075182845086792
0.6681477843604201
0.3242627510209139
0.3055088084141193
1.1347299526739691
0.46191370977936025
0.614894904494966
0.40571982953116054
0.0036931653362679284
1.3422069306442532
0.6839574709242044
0.5672678275372172
1.0968789741872944
0.20148873373496012
0.4236168354481155
0.9802709168037095
0.1448881233916155
0.5082292035448351
0.36455066028985295
0.6781457077534805
0.6114245273442568
0.1470700961448079
0.03926742303161296
0.9748941196473789
0.8016652627199078
0.5849395643143087
0.15263524479378365
0.6479040766247446
1.171512213387361
0.2677196166022275
0.6184370042969043
0.8346397371245946
0.6589115304314321
0.534994486445097
0.008459981737791236
0.31275442224890077
0.879123548633054
-0.2552979197217202
0.13680016474179624
0.12849050430964384
0.6874680043553897
0.7033936181128665
-0.06486927216134648
0.11936255088586072
0.7491002577330211
0.4791848018013433
0.19815118363973003
0.392328029247638
-0.010191065443775751
1.018663948859042
-0.00482283942283687
0.2880532802371799
0.20997839597601461
0.3945150963012357
0.3942267804839416
0.9958466115504463
0.6738688711523594
0.5661962337124438
0.3709818000710308
0.19497886460693487
0.610726283932767
0.4388190044279651
0.6948123289793742
0.04091113483124525
0.5958932903386644
0.5579813045845927
0.5304471793564859
0.7323406893876637
0.45283359009327084
0.7821256812297459
0.6191552869310647
0.6110940221557482
0.10158894011658574
0.7211212722195514
0.5382675439691895
0.09805185709756564
0.44137359800447457
0.6884160518930854
0.7911316615820059
0.541194803344097
0.5601085387695438
0.07715475930338174
0.7935328042921891
0.22323161225715252
0.5189215191135659
0.7778395523332757
-1.145472994176723
0.3878576386555396
0.6247811570900622
0.13444662940984065
0.10751945321617724
-0.14961425126717248
0.5562700229639111
1.534547876096131
0.5084634353263812
0.4682037967468316
0.09612596898602803
0.37819350692327836
0.5467917742854991
0.5116143695601445
0.17528487801891143
1.088998273675292
0.6244077421491071
0.6303546206284594
0.4783681040511704
0.13528597213558358
0.07595478511941615
1.2346781395891968
0.5876189289814036
0.8844117646394088
0.23977426779161137
0.3936364282240585
0.6784918636947985
0.3767395339680389
1.0772788291225859
0.6077827472775696
0.6825084644475343
0.3871643357702198
0.30044350075548526
-0.04062651721652499
0.533251689839083
1.1712345897316183
0.8440505257671538
0.6372852084238121
0.3982306805496521
0.49713740484550545
0.2678160496506409
0.49505667062361974
0.514368036912736
0.09221781931988018
0.4623777600365189
0.16174202513591734
0.5162978125831678
0.6415787343701521
0.9344654391307087
-0.14351970515810708
