Architecture: combined
Number of States: 34
Parameters:
3.232432535143599
-8.739023670950727
5.346572903428656
-6.779316621532404
4.685739562927799
-7.518562881774585
6.094685398115834
-6.090763695662371
4.988746988688794
-7.226576557078618
4.402208154531446
-7.8212921076727975
6.118825167053048
-5.948403689294504
5.648729124747764
-5.6751363147091425
2.375512726556163
-1.8683998265125419
1.9231481894882625
-6.880898654460166
1.592619991681405
-2.50395962732281
1.8625109882530977
-4.2605320215520575
1.7658122887685053
-1.8098225936745733
1.373368026392402
-0.608183757732678
1.926990977393565
-1.2338472107519711
1.8819033904886728
-0.05104015830053872
1.8517597131916173
-1.4650591606832561
2.3408291352326094
0.007840263737622049
1.4799170438846072
1.0496461428876163
1.6758941473407736
-2.4950736443869217
2.512116926523925
-3.695969532934756
0.15772781612377687
1.1638332465904668
1.1411372963369362
-1.2834712067603646
1.6887779217165044
-2.6750236080118146
1.5238310694289252
-0.7327548500314531
-1.280533405340274
3.1776109834322854
0.02475796197701878
1.6453233757815813
0.301578237888981
1.1228573836761984
0.059013060645602126
1.0005781437220642
0.8190967991418785
0.5656106076610381
0.5919471992831038
0.41095662880832884
0.8743190309345218
0.12120155407593199
0.40934747531920546
0.20199763933369158
