Architecture: escape_chain
Number of States: 36
Parameters:
-15.0
-15.0
-15.0
-15.0
-15.0
-15.0
-5.512808289255346
-6.2025535996986285
-5.1036167077959265
-5.097637957926477
-4.236533076795616
-4.38015217437082
-3.9541109045791782
-3.0602234294162947
-3.06342367236975
-2.6243647256135354
-2.3098492541521467
-2.482248351661882
-2.088068964336424
-1.6257928377078743
-1.8138435979979801
-1.777753468825384
-1.372445808307755
-1.1532138227651274
-0.8168668645347473
-0.7922302526216943
-1.727101579221527
-0.5004250230705332
-0.28761321192926564
-0.0003787523712966282
0.0017517640699262482
0.0023606308355974166
-7.676706630915222
-7.705236010718347
-7.495077825445294
