Architecture: combined
Number of States: 30
Parameters:
0.8248803937027216
0.9807261606148852
0.20644410155192705
0.6158196296151324
0.1951823111304054
0.6372179377864755
0.5519572689376702
0.8418171148326284
0.5230318790354863
0.11617309360523775
0.758709387865674
0.9908189541309383
0.20286638438332572
0.5770244423597882
0.41064259836293926
0.15698758487372122
0.7583181888376392
0.1445054150546099
0.5860419249612301
0.20551643161969557
0.19599846713017766
0.8771084497547031
0.7367957590110955
0.66335712038404
0.5758904074105567
0.8094165749570668
0.42409840486233064
0.5416491127316867
0.025753521185186923
0.05591284654467743
0.9275070036961027
0.3308467905770702
0.995687253650637
0.11788972883460924
0.4044309604341173
0.7814958314317764
0.3764219600913147
0.9177340191971263
0.1735878803753701
0.03809858510328634
0.20573513225354223
0.6925784358276441
0.5927169952395144
0.12174226403942379
0.2838173633252906
0.1579745450920229
0.19291332508168157
0.8601349775056086
0.9125563701962885
0.7159577921780211
0.1889367834822041
0.9344149213898679
0.28745281824424074
0.5684980069103212
0.689776263700675
0.24748999521756165
0.684596096905122
0.06769493267996463
