Architecture: full
Number of States: 48
Parameters:
-3.9872329916304112
-3.969773851514315
4.2405080847861925
1.3950698131194126
-5.9098813550161875
1.947439667759494
3.4390657611483584
1.8912233727209573
3.7640726445794392
-1.253349805070419
-12.765194928093177
4.857293115132431
-0.7184771441216362
3.074587531835344
5.886098074854367
-6.3190989730680265
-4.025202707465911
-6.813582421431902
1.7908787174184853
7.494268122886044
-2.961862264979941
-6.410345323225474
-1.3148000397749837
-3.946979910972067
8.846937044595803
4.5853946614966095
1.372053188689405
0.31655039623909337
3.4820419214745613
-1.6319676169679955
-0.5991776504998876
3.460248927688184
4.385960177104436
1.3403887685489901
-4.068432910710123
-1.9859092426678857
-1.085703988520984
2.4147722488688865
3.808196584813282
-1.7629497839594082
6.618449270870871
0.354757115162204
-5.339517545137909
-2.5938504121593864
0.08950106109039511
2.8207116757413995
6.494245385404208
0.9081952422214353
-0.024777996454819543
0.3907858521705257
0.7884185885437243
0.13543813881394734
0.5010210460656735
0.596853825826966
0.34942229314342965
0.6132468743156777
0.9379029513093803
0.9493200932199942
0.839671445646405
0.13766438394023744
0.5816940348988108
0.1474170444723177
0.15195068579546958
0.8067730886459609
0.9048477701985448
0.8656890145747528
0.3326446436398715
0.820324471591544
0.40996977561685577
0.7464395182094098
0.1322528667197204
0.5638038330916036
0.6581236179465855
1.410695521909858
0.9430929444398799
0.10603550157929552
0.6672405070409483
0.27387560331585337
1.0281756798685555
0.10632039598888579
0.4354329999097653
0.5354040721752928
0.3991438203541729
0.017778923878596246
0.6398802000909475
0.34246420645902
0.24649338928615708
0.24741969896116126
0.3986752495798762
0.3396129084674059
0.14530352877892797
0.6857100075731744
0.1670949672002989
-1.0294296156584637
1.2131638838151524
0.705501525975157
-0.19027102527074585
0.9317305360586431
0.7290957931162592
1.1900564838487648
-0.11236130309391101
0.47193145520380436
0.6721376772022477
0.6477867461641069
0.490932584765712
-0.7237517869782988
0.8147672084458198
-1.0344202456519467
0.3900731391075065
1.3488638410510765
1.4677524708107133
0.45796004228852955
0.5737125655994364
0.9280678741827308
0.2308819541107015
0.2854587383540358
0.8951261580526921
1.093639126581927
0.5638908876770614
-0.6413272040061766
-0.5930252369419585
1.1571905036473544
0.32826144135140867
1.4719922908624576
1.2962489158263966
-2.6904876716648847
0.7401852002588947
0.8781587132753603
1.2366417370090539
0.17182208418646103
0.6195302328027169
0.1533666499974519
0.24337383518111777
0.3365565305475864
1.1263543584384128
0.1389925424099731
1.1927679839171772
0.8606827410923313
1.2327559141268933
1.4033628429579943
0.3632485906365016
-0.15495247348060123
0.41225949832504744
1.5266984856902666
0.3896673937190158
0.4583469896348741
-0.2780027298358432
0.8688241711039779
0.684049855225935
0.6153719310981907
0.4796118646590235
0.003862422006996086
1.5740150758484468
0.010537123006816126
2.915949536251544
0.18508555068782884
0.3136727782040256
0.10256302523635366
0.24121551329449833
0.20050766552506438
0.24039741096758563
0.253325536444604
0.4251272253127744
0.3299981729975201
0.09049754973501369
-0.32336011521914476
3.0800027000836483
1.0902390797922417
0.42371345597340804
1.4082319365855474
-0.0978807108793355
-0.14063938716556523
2.0973480218563636
0.046460737034010144
0.641349957481508
0.4081904493220966
0.5638323093355019
0.33468569472908616
0.7834556147738222
1.2800226480254109
0.2077143301296197
-0.23977321194241935
1.135517443158899
0.29021427891064994
0.22474564138420763
0.7615808906662133
-0.29957781327169697
-2.0414494238005445
1.0724772875123216
0.8014783389694943
-0.005948391411533083
0.7148397977211018
1.4051622707390181
0.42844405576273226
-0.15038098380488982
0.7036431545856289
0.7407303407443766
0.6829634748758132
0.3022960441946231
-0.7163517299168293
0.35316336183082664
-0.8303388752060114
0.5452253449911475
1.406148490769523
1.327688110607222
0.8786430581892838
0.5629999176648556
0.4457775632046262
0.7022019549933849
1.2988291569647241
0.7002592856575834
0.8652549709647406
1.0188214095709893
-0.6356820409579814
-0.7396216641605691
0.26200649459017683
0.19598864915653502
0.8529713395938976
0.5571721490534727
-1.8855783518557252
0.48954858175957944
0.11754454075782682
0.43837510136639396
0.9742980283906543
1.247025044687195
0.9749311565036214
0.29885789760065634
0.30050206062987667
0.43171388343635425
0.20126068330223798
0.5439022604599144
1.2800780414395747
0.7195082674822896
1.1544857185085526
4.262607990560134
1.124817153442771
0.28345432158738015
0.10347344360887285
0.9150702494249673
1.0966008253165578
1.4911599057043978
-0.10480258645017097
0.15028739555150533
1.2377592860561841
0.5212296132082231
0.7049904783205252
-0.6861121806755422
0.8840512405735664
-0.7194671104422343
0.38527356346820946
0.40610153251141234
0.39157743398784106
0.2641385246076471
0.6837639914015103
0.4995577488481427
0.4181119267349797
0.8760569815441839
1.1055734923181357
0.8182993670576844
0.6708821479193536
-0.7008853361606975
-0.6338383778987238
0.46093655415354273
0.20718063174033693
1.3933681758873748
1.2589536481529215
-2.3861105810011
1.0254704450227223
0.8536297901797391
1.2029725985137798
0.5469145482180255
1.0823356373210813
0.6714122702448047
0.6823809862009217
1.3206305309690558
1.0923914625948903
0.5899370681133213
1.2758888336054235
1.008415250855665
0.5589683476961973
0.48952103541669434
-0.1277502706086109
2.4595898321883976
1.3555017059759609
-1.2345083741764131
0.6786593397111103
2.881536847117686
2.8410472901366517
-3.139596657581355
0.6413423471025562
0.4565391492236377
0.23275814362072125
2.1638171200397025
-3.2920243203802553
0.988114519291643
-6.319990570203048
-0.04979560959232293
0.6334610635487414
0.910416999089223
1.1207209979218724
-0.14616267566393942
1.228086703258085
1.4055352666398886
1.301579994290183
2.5527693845550252
2.138505622912689
2.715264444891817
-2.571805267395699
-4.159340375051868
0.6438210456453826
-0.9258930097300455
1.0980169515406057
1.3406986545816915
-5.83219533956039
1.0059232437794317
1.1035874428805046
1.5539116971850109
1.839670441840868
1.4647593487499753
0.8699341763624671
-0.21900136252675942
2.483721629446747
2.5159545033750126
0.030720712663027422
2.334284381577176
1.3825087674173115
0.31276472404355227
2.6706810796986957
0.7516357266208756
0.05853084967179814
-0.250478381867586
1.7270821230910387
0.30169223991213
0.011042327930779736
-0.25267415901184087
1.9887049370698864
0.2051517424334697
-0.08622624735266102
0.09411513042834448
-0.08910512944723761
2.775304730780517
0.5059561416744915
4.303969815082882
0.23759587823559403
0.5157915864467653
0.2791183128231677
0.3940568311500075
0.7914789949507569
-0.08645277998645882
0.1884556014870578
0.13743573586974422
-0.08221984671608644
-0.16211537357249578
-0.12982619121380207
2.6842541736146974
1.780903285555512
0.28100234682845393
0.29074116257904287
0.10286704014672624
0.26405063665070566
4.698608524107401
0.3825874292771806
0.1383388490572211
-0.12775576157455748
0.3741610136143424
0.2143334266221866
0.8513922139187681
0.4698159249117554
-0.24961817610572298
-0.025428912612513233
0.7031578838807946
-0.1479169237981704
0.14594250602455056
0.08594613633772649
-0.23180200194723619
-1.4128804571404454
0.4977322276443299
0.03812168471828711
0.6007873079475743
0.4794091020230392
0.20156018432336445
0.3428618294234682
1.908276804405618
0.0868850304141901
0.43494187863970984
0.8623367262463606
0.5875586006014897
0.5585644240001228
0.2906828727176461
2.2287501539856986
0.21952070055956124
0.12759096849149718
0.3169549051157475
0.6922192888424039
0.6733654976604759
0.11659504591078347
0.006859065747318508
0.6119619313675447
-0.08535638682632726
0.3402494512752297
-0.2825116456184805
1.741658303765301
1.4493333970077205
0.43799878214406807
0.46953886007369827
0.011597313506104413
0.40298510919732483
1.437795600207303
0.25154711506085486
0.7006545500871202
0.23747583919202359
0.31128610044561583
0.5200870078683166
0.6275151809440593
1.0813462179203075
0.2349742161954645
0.043112471463280025
1.155553872491704
0.026461178080271305
0.24365067059959436
0.9440419649003969
0.2397524641987278
0.9501524726659576
0.14701845073629805
1.1290764750383966
-0.17457651902331062
0.11826903557917393
0.7971573904816918
0.8924222548577795
-0.2870611417153757
0.7458254604497192
0.13588992992164675
1.0424452286065935
1.289850306429876
-0.4851887628004902
1.131750798361286
-0.38742289283325215
0.4358588784488773
0.1734227495264924
0.3415189378063093
0.24631433357837185
0.1349334558292391
0.13692744772787707
0.5148757596847403
0.531364240313549
1.2556864231164275
0.29935169478723955
0.7823610559420225
-0.46026884237463384
-0.2316194173425345
0.97032130219057
-0.14185263778563853
0.6328756445688145
0.6296909239416293
-1.5759983212980142
0.7945614400142597
0.23888276361485627
1.1649287194907534
0.7442919483542828
0.22863531741541884
0.6979037183036783
0.2899534370695514
0.7608244041156849
0.729937538527519
0.8306639321405033
1.2447963334634593
0.3843496129126765
0.11467856327308647
0.20292996154013807
3.3828604232988577
0.2028595664079278
0.178489207382907
0.9945619953346108
-0.19032199037831649
0.18112305645940902
-0.3378002961173337
2.1899623381815254
-0.013896393984291069
0.4414953432345624
0.8161648803060446
0.633317668078827
0.7492459619144289
0.038963997653947126
1.8216690435695821
0.8479505657064408
0.48162960286507284
-0.053841591645043846
0.5706198440434022
0.692288733015023
-0.24703531225333644
0.058889703454035276
0.2702057114515886
-0.24155815992516416
0.042278000170443544
-0.08618680144425396
2.105162329000107
1.9990527705511645
0.056626747292459055
0.24483255728882808
-0.12057588745394962
0.10546175271714488
3.684653294603782
-0.025460001843138937
0.39212036285803353
-0.18359234682884487
-0.029948597997109427
0.2266818734309033
0.6115389034792752
0.7058424226311152
-0.31155782709725666
-0.28003869348547084
0.11562425644628439
0.30150622051743087
0.4451522394484495
0.4130819428385018
-0.07999066536885961
1.9145745329222341
0.7969122591788659
0.3727189393785885
0.36721999546897777
1.0982116620570994
0.5224864056685626
0.7964916891630233
0.7913748632914087
0.519050599746137
0.1476346661792142
0.41879451940170276
0.31915778587688426
0.11281113033337731
0.49611328659627024
0.3708182639557873
0.03571770780439862
0.39620232933998895
0.4447618085355914
1.2892716182065018
1.0909911197982631
0.4704572597354514
1.3111805250123272
0.2525660488171962
0.1678813483657707
1.3389477736045
0.06906744737742022
-0.22506171306455064
0.38102620854245767
0.2672610083537074
0.07348725071030723
0.9216829292584259
0.2727837522300076
-0.9310547733825965
0.30276307095554317
0.1298587349824463
0.5413287425308834
0.8700923752857286
0.6572387082516797
0.31075382863589757
0.15459165955371848
0.18273941641014402
0.5750028769715864
0.43873733344033194
0.4617164888855726
0.42483403384317864
1.2126345735094903
0.4712189160627542
-0.8118255883360668
-0.092753733734031
-0.3428208797607694
1.690336814517275
0.15386146469619266
0.028514568914929594
-0.24272347667713023
0.7976896283974566
0.2467688996955601
-0.25036834310668665
0.8984532072923543
0.02441645556913042
3.520276929635614
-0.05782970560209537
2.953140098602754
0.7688711870852454
0.32047582010322406
0.0737829650982238
0.11769671700538087
0.728684584332328
0.005868757522181647
0.0573379323824713
0.35633638782107147
-0.23090552827220073
0.024726370953607038
-0.361809477045558
1.6777047998812624
2.3531133212087414
0.021487202476380862
0.6882778915346683
-0.30276748892686145
-0.09882443088297874
2.6633242228210774
-0.0372544210954367
0.4916630151405554
-0.299631546812016
0.48737207134562144
-0.19029209957007515
0.017414354590419096
0.8440339042525519
-0.320818598130338
-0.19003189302922036
0.49107919616784124
-0.0951542844333288
0.1809562190375126
-0.0785909314918846
-0.39917536206784854
4.134225157258713
0.8255649365742046
0.5982568510172317
0.45747110882455144
0.016028135441720295
0.06792530629335546
0.38769945929231797
0.6414758023993203
0.8697362107188419
0.3531054553932267
0.32538866043424636
1.254743723200691
1.0549639544498193
0.810546059677983
0.7308332235341684
-0.0037465260998750024
0.337499130400268
0.181201339880699
0.6030477627595258
0.3385959492497681
0.03855951814543438
0.6559152402927194
0.4606397462212502
0.5379022187335369
0.7888146698210328
0.2405497618423902
0.6062830622349556
0.25623272424830024
0.16718107110398128
0.4371335758981445
0.5145929969843324
0.8099942587841412
1.0528819767557613
0.08743597225014312
0.7754832305491673
0.7542033977355689
0.24784307794934393
0.5754139593912634
0.6169942579477816
0.4254139551608967
0.7794497934652407
0.14375523480071728
1.0294432364395039
0.6373860361352242
0.8596884304241513
0.5498412825657919
0.2548496263051828
1.0057283804995207
0.04460574818963711
-0.019076576944929702
1.6000600739106026
0.3051030240476724
0.09767611711153198
-0.20374463778787982
3.195777029632608
0.162266284985762
0.10570325331737339
1.0678088825370922
0.23812429337114543
3.476174782669394
0.29869826084249673
2.371363966856121
0.8654921706815426
0.14774833357120834
0.07366326996669945
0.42436024653093657
0.5498309176992502
-0.1848738297170998
0.18766564505916528
-0.09224837640201225
-0.06213638102822444
0.24908526096769362
-0.3361977939767122
1.3625463480596156
1.895390693766156
0.05870560578474596
0.8713186685220469
-0.21340210421876735
0.1303943591234575
9.198116001396938
0.14071063475645335
-0.1043066362002676
-0.28425818786254387
0.4759298294271484
-0.34974695324526445
0.26793568261583967
0.4266162606123446
-0.38322081343250924
-0.3311616955257526
0.5823476000143406
-0.2476488614571034
0.15409438971917794
0.3153409920990348
-0.3669300815745938
-0.7532602979687197
0.5019617850138903
0.3807553058685308
0.9475382009663803
0.19418782568458354
0.31948280077314506
0.05074031973890088
1.3864282130771874
0.5351469011187925
0.39449181867683086
0.49644439498981374
0.6829317609362868
2.1543852920005726
0.2723299903426813
0.9521724158515255
0.5002447641079331
0.5178034319739955
0.6298236952206894
0.7042259523794875
0.7646480160917518
-0.14817990701386738
0.2798266890841472
0.5818683802402443
0.22814648068886867
0.18260237201224291
-0.08143111446318582
0.9174634491374241
1.4350009722913872
0.5677133871316001
1.514617328337985
-0.02155516382046542
0.07124779907231503
1.8744155021950086
0.4360991593477067
0.2544033065356181
-0.017289817069970168
0.1422942299518806
0.1079467170512099
0.5965849686023381
0.14365147702655712
-0.1211168943510331
0.07319358112553095
0.328951708894657
-0.032077552676821164
0.45259397741463386
0.23672478121619744
-0.13401151989341342
1.3797232092435712
0.0311074019585899
0.14650962012941948
0.7869013266003435
0.6346864228808735
0.49718076819480383
0.004986620526815419
0.31245880338918774
0.017664366114229297
0.8159035518985859
0.5519845355563149
0.40635354164007365
0.35829532617793675
0.6488635423100044
1.210084311432503
0.6039659188289735
0.8611157776649322
0.9963001234086382
0.9983474217273279
0.2254485473806823
0.0623180926831825
0.5078819014383215
0.6155773860344106
0.2044541776867901
0.19378991979172913
0.6119399142705004
0.7229638016776031
1.2903656482303791
0.9931938078101288
0.9296537906842243
0.8543141215480314
0.6356054120167717
0.4911991496436072
0.3231868969449668
0.46831144604080543
0.16192455165527783
0.897401317436728
0.966610635350635
0.29144478621706704
1.0711157861752272
0.22124058769086363
0.49587471837138514
1.016754271845041
0.251707089253605
0.6856668778681798
0.8088449541709768
0.5257412969081003
-0.15052452278114284
0.3121877350859618
0.1570500358362502
0.26040352426222324
0.5333197867957946
0.9296713516031868
0.5600100492621375
0.9002579877745978
0.1763586303727351
0.18903625304504953
0.37043243571720297
0.8089266248911408
-0.0725882792264491
0.5811683085090391
1.0647546960296046
0.3995826540920435
0.5879475584022518
0.6893647318813821
0.22666212522138923
1.1225857111008695
0.11046799939497633
1.0902676518292322
0.5628861912907615
0.2038892485299235
0.3910105771503796
0.1781570327634469
0.6170127270737404
0.8750160019151041
0.30556489849997126
0.8287696819847543
0.8734842572545938
0.7173630551610779
0.5370388977217969
0.5590454404301125
1.0028223730153578
0.4752081659139552
0.15292129776760494
0.7113800756481793
0.08666037918086514
0.22413253639458874
0.5957333381990577
0.5925913024908877
0.6630032544742358
0.42642857740778295
0.8388728885438763
0.07899267037709207
0.3548487132055404
-0.37856182679906003
0.40409971518735094
0.4524518123508188
-0.19901050518806832
1.0354787562162286
0.950139662994466
0.238283885936054
-0.20885667784670825
0.26138468671471704
0.22247235492061734
0.17507756671965752
0.9930586832884906
-0.6214071330123356
1.3037608470757287
-0.5438861874219414
0.012724779336252254
1.435492437433134
0.9160217396084994
0.6181367540191652
0.5294173060824924
0.556741194190238
0.24474076002380943
1.2321729440948415
0.3437527592169041
0.6585886874276606
0.15656302080235496
-0.5812066293686173
-0.48671288438037086
0.32028287853348836
0.43518845832911135
0.22904726135840414
1.367331794848537
-2.7114034157118647
0.1481318158000225
0.609601280928658
0.5916719516283706
0.13715658579221854
0.7646779102200407
0.3178476270430117
0.18345144230336252
1.4105774044314772
0.2685926784534523
0.29803398062373954
0.43915478621432097
1.2720166588677124
1.1302812076300992
0.7524735578577058
2.325791124927639
0.36963102865664016
0.10293977241127139
0.7857144168694767
0.3687471096616286
-0.167309483889397
0.06422172785287736
0.824150332006458
0.7342681236843959
-0.014528731834287864
0.4078978660392393
0.5351675187650933
2.88865834424931
0.4040657621812014
2.9539763730747985
0.024725547604103233
0.1884716203492078
0.4996085496891478
-0.03291738663113031
0.541326463906689
-0.12802684497415273
0.03375323093343149
0.2847926769949931
-0.03456505704388544
-0.09219273845427817
-0.14265322661611382
2.531484058424539
2.1830830798412566
0.4016548567575858
1.4427460880507075
0.039051894058939135
-0.05632912862886537
2.487446323828958
0.3052527957776761
0.5601022645658196
0.11375242903330954
0.36386615808422595
-0.20870932058432212
0.7499717788309996
0.8121727848963597
-0.03443476489451916
-0.057087653350253675
0.5100629251083425
0.33939643989598856
-0.12346054155491912
-0.04913070812835887
-0.2422599789616906
1.6515011032247193
0.703803685676035
0.27550408620851397
-0.06448735159294819
0.5773423711740114
1.0120057597676848
0.8551962717851076
-0.2726010731882864
0.036155458437033786
0.6582692213306308
0.5847927702495018
1.2986562981965435
-0.5030566327367669
0.4767859523623645
-0.5839762984159976
0.45317129063525663
0.49502732004847033
1.214793681503816
1.1375383928659124
0.03733236015226975
0.2613566927081199
0.8002577167269018
0.2473834415843294
1.1804524891869557
0.8647263649812968
0.8212470891217724
-0.3777863881408888
-0.49276814215549647
0.4795818372461408
-0.0295404293554168
1.1005999594854705
0.6544801400648829
-1.4009516016507289
0.42833324292192154
0.6535355316305649
0.3455551464520766
0.1365002042785498
0.7162930236315391
0.20243303287972408
0.02939741440800183
0.2862712680848757
1.2050365919243649
0.3435648617054764
1.0739606268078474
1.1836579861395613
0.17114200996391019
0.736181327628895
1.1874677307175903
0.5965442776257928
-0.0019759071464817432
0.7422778522627064
0.34703127104049436
0.27377799021025073
0.6148902018764311
0.8852271478988977
0.06046538056648637
0.011627594020339168
0.8002485584095399
0.985075039381063
1.1714468719836701
0.04772676277275702
1.8794920376688167
0.16128990450859743
0.5321627969060461
0.9142998093748789
0.1729955256382175
1.0531501020625822
0.24966328746652458
0.8668399875801894
1.0665474763063423
0.2691315706424652
0.8390805616440771
0.08025422058667969
0.5510754477456785
0.4409937113379357
0.369180121386188
0.7317213706800236
0.2055752367336423
0.737362698977579
1.50743263163032
-0.08549949975347561
0.1671148320025978
0.36285650394598745
0.8826725116380959
0.5930496476967828
0.7111976274853483
0.48544498370584777
0.22234333589067684
-0.05093821992557469
1.040576985430338
0.568147166111536
0.7304559831690024
0.21876957728336222
0.3816521917299844
-0.641843157577441
0.7916075764565047
0.40176469924400104
0.7199204519089131
0.41927077668835117
0.3387788236247861
0.31125702527941007
0.704104419474357
0.9273094319395943
0.27119600225774476
1.0634221503357997
0.6844093616974603
0.07854456581756816
0.6631592350191048
0.49918790525109236
0.19893532101678593
0.6909792757177424
0.815880681587768
0.34678176845459036
0.8009829863440143
0.16625800650669617
1.029398089403925
0.860454937944809
0.24745472330416382
0.9766043147589161
0.31675489198418133
0.22557024600953546
1.190972790752759
1.000009561625362
0.5389115346236806
0.40286977263868456
0.23590184820965207
0.2298981800976641
0.01488149119168571
0.3741799356850222
0.39954535776555333
1.0005277046044212
0.048817630510911286
0.5819885127228915
0.4237921382230844
0.21112503084894496
0.506855438044915
1.0859763484248326
0.35865601912227174
0.3689106843863447
1.0163480009527548
0.17207117460939741
-0.361583520806794
0.6484267423364021
0.828450977955941
0.9448205158647207
0.4191004507997076
0.8614941924938387
0.49883247976667766
1.0043473947415662
0.8631902248972333
0.9514667281517266
0.8766270509886644
1.1204425327148682
0.3758193250508617
0.566686195416287
0.5695488086623477
0.2718268422841667
0.9206367330151408
1.1452028783683375
0.10972253667285883
0.5194399920576681
0.15969103511451616
0.9745244512331647
0.5754792494401852
0.898423028041732
0.41378388755214074
0.15230419114585975
0.36963260140131016
0.43513598430580025
0.30709440718391134
0.6147151933066816
0.6069623913924251
0.10963126787454933
-0.12420103233016211
0.3440567875138503
0.28345799810475536
0.7499164224117065
0.6135728707994601
0.43502664709196087
0.27610241063759966
1.0099408874615687
0.7351502244918678
0.6369535475806225
0.3437262925168144
0.9084728520078524
0.7381690254644773
1.0872963180354664
0.011732659316019602
-0.7730885331059428
0.5981618856659786
0.015845232086092544
0.4668081387104853
0.7288600862015652
0.7919424913388372
0.18666073517074908
0.6829137798957954
0.8453224952117115
0.4422504597972238
1.0531035778305515
0.5335163045004071
0.5111817983636036
0.14389202905995452
0.9485310165064573
0.6117369724240518
0.24369956131644344
0.4925930957859092
0.636867218033711
1.157511611138186
0.08776893589720017
0.6686102979761885
0.5802301386902012
0.2631611541166105
0.6345083747386598
0.16041692781204495
1.2239574304184313
0.6090142122030798
0.4455950843652595
0.5860640851455063
0.25576083355456053
0.551558644992815
1.8272890994383522
0.4434001102639642
0.38411412638148246
0.008582659439947245
0.2072557462611
0.6343196028315429
0.35903005046648595
0.6623911051254376
0.6628504069756077
-0.0002899398707888051
1.227348801842665
0.6112780786847476
0.03595336602105932
0.6600222041552409
0.14863356845858927
-0.5290209583955381
1.429630041868116
2.16431667726934
-3.3571560959100584
1.7064363453751312
1.7454446228312994
3.9952135464267093
-3.495057448680278
-0.15598410996768305
2.47473413161528
-0.5745326416397853
1.475982306122189
-5.180927804395374
0.5288934989548164
-5.872358818545019
-0.8474238352910959
1.7774828682837267
1.777362817706287
1.3146731333296553
-1.0609081810025138
2.4276435627646404
1.3977945223618982
2.3072767539500716
2.354900126865978
0.6596361819827835
2.405471446159166
-4.257507585188742
-7.056508055791106
1.5264197537628008
-3.004422075558558
2.1364928892212935
0.6623210325245688
-10.964184090481929
0.4437392334660474
1.5395573516464671
1.4501417806691226
0.5083841540876566
2.0505328324011742
0.5333933988198327
-1.271508188321628
5.94319724591729
5.7861665399515125
-0.9908827419157347
1.6379682469717818
1.5537272635982442
0.2623092761370669
5.284442924305383
3.8132054161647053
-0.22999208208762775
-0.22312141178485606
0.4685438354547702
0.18477410006877887
-0.35841265771933356
-0.26165350296319795
1.2413378707101783
0.04100071443291034
-0.0708974858151103
0.7663145027481671
0.16681440082992455
3.038791565365691
0.0021082478105855645
4.117940300208933
0.8241365003293888
0.08548141442064842
0.16147217388021456
0.329955936388523
1.1407894261643325
-0.03057652848075866
0.15976017150176078
-0.21985431864151597
-0.09253272448426234
-0.2045843145258957
-0.34316001746963076
1.8786489167784421
3.321944285136375
-0.1836185985160167
1.5319872936668877
-0.1324405444712384
-0.07370889662162058
3.2543467702274764
0.005790858656739201
0.2078371311941468
-0.1931803108096046
0.32236819390698834
-0.049530726450797466
-0.04250699756253243
0.0913157151624584
-0.17827655446437413
-0.22018485683345085
0.6037520380652796
-0.04261749738038294
0.10567255821210003
0.38588456819383954
-0.4375482619900389
5.19724047158286
-0.27208527693017537
0.016471276423734443
1.365666924978819
-0.13273631216871806
0.15664752558437228
-0.391053973901424
1.0954531285288032
0.5232887666885354
0.29259379344591174
0.41453381502700937
0.19720165133476267
1.2895192302191103
0.18019623741560123
3.0147716504593376
0.5070652793824204
0.4047212623417878
0.29156872685819296
0.5864918967786636
0.5283741670376843
0.06216676325835281
0.231122477635614
-0.11101419370216542
-0.17584016018228044
0.15634396974364267
-0.25816757960239
1.9634065291660194
4.187948442406487
-0.16809203686508173
1.5990867404010196
-0.09726774547167988
0.07463982626732327
8.607169363778425
0.3712477354425685
-0.004008497495970688
-0.2364439630009993
0.5174294046731671
0.0028041959081519796
0.7711707011951485
0.7422632959413967
-0.3764551516663671
-0.3060575747928215
1.3438915498015092
0.058007286651183876
0.07719728910737901
0.018130895871963173
-0.24359968002246965
-3.206612321352371
0.7342627500390323
1.0458693025563381
0.48995819170349136
0.9499772206445852
0.5744068074608499
0.7099737357092736
0.37983049632782884
0.8823924122250202
0.7975590132264815
0.4911791088056889
1.181899305144658
0.15056276479880215
0.9387650968235088
0.4114958473862519
0.7956773534739836
1.1620080417726255
0.9262140141338081
0.8282866148473857
0.8388377918326644
0.7078167227487959
0.6804438631232509
0.3723016478842335
0.22765605880569922
0.08887829971715114
0.24012696043210516
0.5233085066767241
0.5457945278793979
0.49148549724391233
0.8655808628183783
0.2747664571724965
0.4819809715182676
0.11797840526540065
0.05666177001608588
0.050301981342803094
0.21650816249210114
0.9151130556020153
0.6136872678474641
0.7386469735781349
0.9022661015471112
0.9569596205063512
0.5030224464234384
1.1622706421116935
0.7529806627939375
0.8298946970762068
0.5769012651311554
0.6285963961131549
1.1094520046130476
0.14956880414439425
-0.09978430655156678
0.5772230325676151
0.4353339501987723
0.11620194987431293
-0.0741088478216479
2.067185494081933
0.37097387427568274
0.20333060680213147
1.1863811801056863
0.5415233322019661
2.1599479767715435
0.46354438650497304
3.578712174550389
0.6984185266804904
0.018354845607761516
-0.04240673501122515
0.15816569798732902
1.0918150041020738
-0.08599955610039112
0.4674339555035205
0.13216425300270906
0.10711404617361653
0.19343215382028806
-0.2246295084125856
2.2336026869084473
2.400893915524004
-0.042272945853914445
0.4295138065256946
-0.004666067784291489
0.31076655602182973
3.4683968198045925
0.22657846168434753
0.2092375992271722
0.22534882404141393
-0.03156106187259465
-0.18133318639618065
0.8436570759676209
0.9170184242126529
-0.11885507649740074
-0.05012910990182291
0.3476417241937132
0.15172604881942128
0.22715206027042542
0.36044330910361255
-0.24647903466281054
-1.417040804195592
-0.010540946725807673
0.8672960955491656
0.22459453613857255
0.6308849189830683
0.802306817216216
0.27508251029000186
1.3787840676076675
0.4673912786246118
0.8200435531052436
0.3918190101910925
0.7885825804487636
0.6244914771401238
0.3392203859868502
0.990118496014284
0.40811445665059815
0.5431588818771024
0.3178897871954295
0.9454718400425924
0.16090539304794554
0.5464474103697072
0.8762992458641768
0.6306894430996572
0.567395727758322
0.4177020655317462
0.1975272318749925
0.4554764196403513
0.8255156979992999
0.4161560185710496
0.7102076196031925
0.10342625943176838
0.13225361395232435
1.1852008052185228
0.35837469266754074
0.02946399353873408
0.4178448117767653
0.3034568183238449
0.7698691292506479
0.38228656434812663
0.9942855522184962
0.4975032573165139
0.0986323091761489
0.18985072510471182
0.6965745721315361
0.8660007258567741
1.0560914113358557
0.25461642225312164
-1.2668436804785448
0.10540526901236916
0.488042381588018
0.4833782185218271
0.8312653334793131
0.39064454796481674
-0.07747326355074052
0.8102676627133989
0.21145040137971827
0.4454072233255666
0.6819740344964543
0.8655494489381046
1.0655082410126662
0.7992795901053952
1.0513183308479754
0.5367735498404358
0.30747464967373783
0.6426200024206652
1.018677807675833
0.5918377352913002
0.2763819707469259
0.19422438894808852
0.1941921768903738
0.4448794049621919
0.8582309164873814
0.45705995807948163
0.735739491247431
1.2474358407173265
0.8376628118350162
0.0861309549085934
-0.032256131989744426
0.2474577932936254
1.3373225803830993
0.39916444402175266
0.4149049252973639
0.4582303018419163
0.6240026702016143
0.07310059506696069
0.3462021930182831
0.8289892109496713
0.5231744280831607
0.1674748494612745
0.8187713638888562
0.7622815728299419
0.017849482505788626
0.17714046550059293
-0.0007179035683031326
-0.12796096423005865
-0.10623640744512522
-0.22175242062747336
0.32417425639002956
0.5366669839705894
-0.1853667699914534
-0.0012292059375356018
1.4712240382047557
0.6990023664560834
0.34278287301956517
0.08728005113860514
0.6117160836310457
1.1891178464294048
-0.15906668312776354
1.7278362485585146
0.86314644682504
0.4083564479571726
0.09761513477877101
0.38652220189123365
0.8229396491857472
0.437292857324441
-0.18878274422811986
0.5243746689263111
-0.20320234521690433
0.10801670429215386
-0.027442587707039612
0.7640624030712859
2.1180627192258927
0.1734634942546788
1.0439941786834808
0.12082026178476016
-0.19384723823825933
2.6929017159256015
0.2249596220925061
0.11871306767805015
-0.055848396647154644
0.1678464157411508
0.2560464927409227
0.41908876410977663
0.29483976573266063
0.22699034999521628
0.25041588337644277
0.5015412868102107
0.18518563465401533
0.09105743630485999
0.16815464955116965
-0.145489551601927
4.363082937636585
0.07982956893317449
0.35924859595162983
0.4461649401899894
-0.007408149038818916
0.6898395193330022
-0.17119951125731372
1.137700434944945
0.7251942694222093
0.5813613691706144
0.9692811066830135
0.7334008562623576
0.6086747149757575
0.07526495754066155
1.7931127313407795
0.21884355019233587
0.2201776170489275
0.7008377457229086
0.4970887551877712
0.4802835313848019
0.20503268869371769
0.6321404661895329
0.6949972434936329
0.3808366379920644
0.7709111894522103
-0.2242745722523679
0.3993670391430992
0.5746343463311008
0.23475491090616654
0.7329707223425543
0.4565805028960573
0.022120779270643733
0.9312972851573049
0.11154620114075654
0.2092155152717599
0.6482263371255408
0.895960860940502
0.0923629396947215
0.7606305621332856
0.5584955728755943
0.0009714129670914534
-0.01695696658792567
0.28861904338728783
0.01750058921924932
0.5685171906121119
0.11632419081119448
0.17342143974182223
2.3343332085269384
0.7158836554316813
0.3726936973431855
0.20095224084283045
0.8835618055883417
0.30062330353768263
0.3780255688523198
0.13023080138428458
0.5290169984175335
0.4118218210109271
0.17225000701108845
0.658084869636621
0.18509446980001745
0.899342337252647
0.5515986484450256
0.10255310419607472
0.7146231034189893
0.3079644390619361
0.7566133296310552
0.6327834753782778
0.5412027928507661
0.13819812704973597
0.8513687065734141
0.30219575618549
1.1179276401742952
0.026179874901930068
0.2941633816155742
0.5970322431928319
0.22804719999499595
0.13160852748101046
1.0210199655913499
0.262630375356154
-0.2452017567259554
0.32296389414974924
0.4348031652403869
0.05216403869408329
0.3376317000103119
0.23998229019839148
0.3896484300644401
0.2687137651327226
0.6901307977838987
0.41645492552487623
0.9498167732712353
0.9117094128794638
0.550815529545279
0.20746790170463256
0.1688333741204636
1.9615468169146877
0.33702262300603825
1.0960623955960593
0.9213269696335424
1.059251102041434
0.3419965894813116
0.3846329124587759
0.36636571363665765
0.5777858447175276
0.40166318665518835
1.0578499812012234
0.4442938424718771
0.23205375685812496
0.30554856345572085
0.2237733997353827
0.6317982595619451
0.41463593758697054
0.510272546259931
0.9685148626892246
1.0243082203282277
0.757970250721899
0.6727623528257708
0.9624421693098394
0.6650728330994581
1.0049987750141327
0.5036664984747649
0.34103831313893873
0.088984333729165
0.43214580394442176
0.6510847071660095
0.11905759408923872
0.6661274590244275
-0.045592706550211415
0.050425431262726673
0.13004534840265486
0.9062216886764458
1.054481320814356
0.5506254796316412
0.4502556939294067
0.15073619175829378
1.0638710816300383
0.04143911359738847
1.0274989067880322
0.706036625612511
1.1326272328770894
0.8639894065486855
0.6211554797475312
-0.8827649601362595
0.44192020517814434
0.6923351576221867
0.9213127246168585
0.07243456087322207
0.6004189482223077
-0.011411622219492289
1.5375923493486359
0.4115494627163902
-0.03333759051138742
0.4783910264351009
1.0229833816192209
0.9147347772982068
0.44475650720870225
0.8971233992132279
0.2180761389303909
0.4540448656901934
0.08070061857643884
0.8127872812936157
0.5850886567262963
-0.029216725494399562
0.40016742614609274
0.922219452029698
0.5375795412443385
0.7581192868089349
0.37680127355821036
1.4947778370119913
0.8466819916230838
0.17399458882754965
0.29626529510830424
0.22628659652832672
0.43616562232477113
2.161664269714226
0.4472379883278848
0.7862136031421789
0.5349475666587198
0.5655637087938534
0.11760769913437458
0.09993906315263658
0.8603403933637656
0.33086394891040755
-0.01496769942045096
0.2896415997207667
0.6526225581352946
0.14227846461984664
0.8949093940905068
0.12752424807488283
1.3160258265934528
0.6883562475528183
0.41976297983728417
0.4236694065140765
0.6661326278993095
0.38567211799149864
0.49977761170784896
0.1872366895180822
0.09262583499926544
0.006952272119957558
0.8115409136843019
0.9511220572889658
0.544613270586566
0.11164580832614017
1.104757928458254
0.0960463900730493
0.7744244908565585
1.0048496953445165
0.37637715463380983
0.5884686427526143
0.4542706288287767
0.5105259595325481
0.6047884612847316
0.878269439519033
0.2718823720078673
0.4100511548408601
0.343842377030651
1.4133459272243758
0.13682819006802358
0.1898400580879035
0.7572364309223333
0.6814378096440192
0.3465436860015215
0.6538177807134994
0.7839122097361777
0.48154715567844175
0.6759169084642365
0.41889972712496626
1.0100947300443748
0.7564396600161907
0.4684653186270338
0.668077388226816
0.5321419690511879
0.8025793810076485
0.6219223510661128
0.7086782484170753
0.08343740151664233
-0.8410973734047554
0.4160370420297087
0.5017061159382799
0.4642307291544542
0.641335283279955
0.29528760321954417
0.09483420756105829
1.008280628860003
0.7542207920261869
0.07324940115055457
0.49381136230240485
0.5472670846255107
0.5728652026574385
0.48616679922600714
1.5735576844247983
0.7873101800048662
0.7464740290995446
0.6430237591048521
0.07351404843991705
0.9028491301400842
0.057280310347837565
0.17239941109021645
0.07002920505138642
0.43346158054184686
0.021340798396790324
-0.1772285723001365
1.2281184700015004
1.7822207424271452
0.059127520912876125
0.08555875666857714
0.28463617863595525
0.6279901891552404
0.8815324655248047
0.5824788281858733
0.26803779781505366
0.2307593694147821
0.10707742153586669
0.04484753286267609
0.7167825502259944
0.07755462475198972
0.19750496712758847
0.048315538523931445
0.10046431097770926
0.289810331277124
0.12599500424928875
0.5927776513629426
-0.1027241271391017
1.8722410860414256
0.31920748831238555
0.07073656270406656
0.6969912794449414
0.4441378439085407
0.2335358381981456
-0.0754896104474347
1.9256260530570533
0.44856877245914156
0.07438482094014784
1.0279256490246296
0.3855946620252815
0.8483029302445915
0.3266607779869384
3.4275182257409176
0.7229339327444986
-0.04269097042583716
0.28028711798498973
0.27409286422827706
0.5694527622034202
0.29829126726429656
-0.09280242344308873
0.292692056784129
0.1489001867433409
-0.1470169427302267
-0.22550989566462
1.7958222491120517
3.9249245148608836
0.37456380851300936
0.33012821910027695
-0.01560240500100657
0.1534863556082362
2.35270578633648
0.3236765724608437
0.2612613888595812
0.29593169400543107
0.27955652484633103
-0.14878856890158143
0.3301784197797973
0.21768714403942083
-0.11807272828834071
-0.23352498217444345
0.8177184662118732
-0.0770828063868558
-0.10310824647275765
0.7395977830117917
-0.02036629339112997
0.5374467464110906
2.3012586577061462
1.864559029134015
-1.3608343461600672
0.5599673996823632
0.7021530736864319
1.668934448208221
-1.4718157427002843
0.7267888176367541
0.5801934634794816
0.24341286457717995
1.7789017984869304
-2.311909240864554
1.2334583535666281
-3.945106466383509
0.008067930499742443
0.8416001772484656
2.377244824255973
0.8636712909180553
0.04191571812997477
0.3221829728505236
1.2522432295201353
0.863091587177222
1.1067869737818254
2.270420453909854
2.3406460393352253
-2.670052521944646
-2.293824196480292
1.2828814938059787
-0.6441216755438186
1.7787542659197977
1.0486594611125999
-6.95949292728048
1.0461301948256077
1.272508922363831
1.6749959899797189
0.4234597317611877
1.582854532386902
0.6189093532618732
-0.01566642222363754
1.0677100590661504
2.5103869404379346
0.13665080141591252
0.913178739336723
0.7125715096122109
0.3958885822111279
1.1781879170765082
-0.19636144209263975
0.9326052475217326
1.1519440422673763
-1.7218503689983051
1.0326224235666484
2.9366852346504384
3.4885401137476633
-3.2032202700234693
0.8118817093822579
1.7786601741204426
0.31018750603832035
1.081804162694508
-4.948855403895914
0.4161065235226439
-5.499103862408061
-0.12580378145717686
1.5978517608065321
2.330260645735348
2.247728224984062
-0.2031236595742342
1.8910400289751013
1.4815277569524565
1.2126187679087066
2.0428818578657815
0.6320733122909311
1.0258029305979168
-2.705479006867973
-2.9436459280367497
0.6815816884173147
-1.0117947048076612
1.2783406633271324
1.6558852655197218
-5.792283510285946
0.7340478465385762
0.6427410496259389
2.1025069878026477
0.3575323733253625
2.18934497889449
0.46109054903199326
-0.4762748056720021
3.06098344404059
1.170241095724926
-0.09089307704226103
1.1247783862849983
0.5544629188779766
0.23819698955355872
3.4615617920849857
3.3946051483249597
0.14965239280179143
-0.25658094697346345
0.34095597542642436
0.24183725634487932
0.2741982381431079
-0.2600275197423594
0.9678383142253653
0.6993999330236769
-0.06176615852679088
0.9158531743549099
-0.007091538820604091
2.27705518264626
-0.14160328537073688
2.946555612519325
0.7544082799485963
0.140514805191718
0.26254230469090034
0.012210721850641107
0.16147611985431867
0.032116216091158334
-0.17837415353865338
0.38863537324979813
0.056445583812772704
0.3385803877103402
-0.10161206510796544
1.283768038078423
1.4191432288075765
0.20492434872405174
0.7140501095818481
-0.24926164481785806
0.22536056298801627
4.549632142917434
0.23146300971011943
0.2265459924326258
-0.20404028685117986
0.4592437905274939
0.27598846419936796
0.04986161029790996
0.2026946459081808
-0.1297120994055534
0.05142668931726155
0.28165152377253244
-0.0878998986604425
0.2208017308023858
0.7961656061512491
-0.27368009967914253
2.1747227400035767
1.402945926237136
0.7583667109728383
-0.1607979332593265
0.8052235534941482
1.094948203129197
0.8418195781100853
-0.6348764722035469
0.9360035507167985
0.5409312559350079
0.9223071279792249
1.5749402411958926
-1.0908246350877042
0.8193546322675296
-1.2075081035212032
0.13331965410882327
1.358453878777149
1.3854935461397586
1.382669873852684
0.17495043837547603
1.1386151352684715
0.6241357468879043
1.1989460516453319
1.5979783320934944
0.6522953569304984
0.7801078459835644
-1.0194678188973239
-1.2991198126872705
0.9773408417964812
0.00275092271708155
0.9259987514199076
0.7915738848558319
-5.1963363344132505
0.20738453217035577
0.4670103363300651
1.3750471120790606
0.5235409089166365
0.9737856278457302
1.1040170890446208
0.16346858143843787
1.188805600812542
1.2258638517786213
0.22813834348174294
1.472024217375091
0.5914483183629134
0.4742340830347666
0.7919757351603354
0.7599501296527983
0.6492773678119438
0.019952880357975246
0.32674696419417254
0.2723634670916842
0.1378429414739083
0.23845359778328157
0.4985788250670721
0.2761389337620625
0.1894807179299262
0.945944866735469
0.9420097968818615
0.5549208293848805
0.7367506467241459
0.711211663863327
0.6715745147520816
0.5721483850240732
0.5779590012871991
0.27379269750182456
1.0509795409153437
0.6407018669164615
0.8269787876983881
0.3614556724375596
0.5016882606294978
0.6983999593590531
0.46261279533872274
1.0387198170148337
1.2752286233202579
0.5662515474227682
0.40595868671339513
0.10366137162635358
0.39572004134211974
1.4122575938736495
0.7199378418171385
0.9978139028910229
0.7163950517575131
1.0360697136711021
0.45001631858104524
0.27894856252558037
0.8179256645624784
0.7137273963877557
0.4113570366002148
0.4632222793593903
0.19179314467296524
0.32185081276823546
0.4266281564559565
0.6056764751131364
-0.04287170512090899
0.5100268552598679
0.42778063196537797
1.2847717908745613
-0.12329471189686166
0.3667931119036093
0.28669975694713484
0.9414056437410582
0.5941304206101804
0.5871058688866108
0.6385666485053172
0.9138744005769157
2.1338647689836026
0.09819449776477435
3.126818404388893
1.0157724870815128
0.08060328298917632
0.5239599735906272
0.4073777023241443
0.4536030902354447
0.2497616530419806
0.28645731636615934
0.6720581821135891
0.21963068496706023
0.34394189993316016
-0.14699586569528805
0.8604054935397317
2.3108385601948287
0.13345219557274707
1.1066533925845377
-0.1521083239585025
0.4666889895611654
1.83458306403586
0.3896889986224062
0.2817329893187612
0.3053230329411686
0.47263638317944956
-0.029831829228078192
0.8992985398981557
0.9026133618031477
0.11100224020923112
0.36672540393055164
0.32216270330376506
0.09097066053459418
-0.045133407109382184
0.2921527206157818
0.1381474011943618
-0.18369680470622363
1.6976366290339495
0.9416517270489102
-1.3368945033767963
1.8897532886097594
2.2335740500938517
1.9596184895728572
-2.223569633933511
0.3710284035362955
0.6169103324524375
0.0276353742818043
1.9657839485139854
-2.6894167884989004
1.7437048452558466
-3.0585882686363854
0.08135583346237904
1.3063969117067111
0.9578831949333584
1.3086436983395715
-0.14679011665338168
1.5378010979291505
2.2802078475185876
0.973607862483127
1.7859915769247237
1.1374384562420308
2.735285892271168
-3.0255924646138124
-5.217976280232387
1.758401003078857
-0.9217642278657011
1.9321627517928368
2.1556928416581966
-5.296819858944586
0.3735724976688611
0.3447246711861719
2.0041409220834616
0.7231697828169527
2.2755027054619257
0.05279115409284551
-0.22506796823801833
1.6793298242758672
2.65032810083549
0.4414091224235198
1.4061403481388024
1.1626477446489099
0.6915181909925944
0.918754107312902
0.069862110021892
