Architecture: combined
Number of States: 36
Parameters:
4.281476488502363
-9.266019102879108
6.763219476245177
-7.570230323920894
7.266665043199755
-7.158962225371876
6.852316297379791
-7.5115871993731735
5.415246840768322
-8.59858919068768
6.4454165569563715
-7.876786247672951
1.9095275241477399
-3.4564264781444796
1.8333632277204723
-4.442140569621372
1.6998709439591297
-2.9945672358977924
1.5956793587851714
-3.474612588194965
1.859868832733308
-1.7409897954334428
1.9599399304207703
-3.2641346595036778
1.7709999535050946
-1.4522287162598897
1.8636198013185403
-0.3110150357466334
1.9203736443396322
-4.447300503676321
1.684583966901383
0.2869686288333294
1.8178892787590035
-0.8672056558665567
4.310838048989004
-0.9805575254718609
2.2322247303828173
1.894276056321439
1.5578318782065141
-4.31749873897963
1.069442257390538
-4.259871730360437
-0.2816822635637526
0.9429656324025019
2.3124641277018414
-0.3347301038804943
1.0185882329170333
-3.5620665351347287
1.8134464092287317
-1.5298884026412647
-1.7761365831297529
4.347037258565529
-0.9320431712366859
2.3017486167545047
-0.26068556454718667
1.0060201235998427
-0.09365193420025773
1.2981982546240771
0.6075807129910347
0.3207554834494258
0.46854916945504105
0.5858501261967256
0.4383206492994184
0.4493221545208924
0.5399557488011841
0.6349603773938276
0.7545485676798921
0.5733176567870849
0.1502508371928585
0.6160398441554156
