Architecture: k-jumps
Number of States: 14
Parameters:
9.090028783274791
-15.0
10.58967542058528
-15.0
10.975778604165733
-15.0
10.771245683814326
-15.0
10.091625933245124
-15.0
-0.34413543282399534
-15.0
-0.35655696698629435
-4.559995889299018
-0.3772508978815973
-9.561155279735408
-13.61775079729555
-0.5411746272719699
-2.578205042413201
-14.998983573326209
3.293547728141865
-14.577598312296725
-9.576376898177937
-0.31291663081140914
-11.044165843423954
-15.0
-0.33656379599296654
-6.138822204831566
-15.0
13.747762101711572
-13.997574117835603
-1.8649859952639918
