Architecture: k-jumps
Number of States: 14
Parameters:
0.6546998173054486
0.6052818037705966
0.12531553494920766
0.7153436759708387
0.06495508525955107
0.6778731071825486
0.2387221271874974
0.41019490766606204
0.4537229485025648
0.12123231871318019
0.21130008945184053
0.12609775919455068
0.49271299572975114
0.5595588723784176
0.8156318881163422
0.958548857206934
0.8516558400510672
0.38620023644269486
0.049361555937017965
0.5008603980976201
0.055429982496116414
0.06368666281438551
0.8589706583478239
0.7829530425725167
0.3272017958855462
0.035403172966165686
0.19272069038615358
0.7078380697123745
0.29188002358298915
0.48849954929100936
0.5575550505338821
0.35481741373598885
0.8673151826772137
0.5473231605150178
