Architecture: chain
Number of States: 32
Parameters:
0.6833706765741648
0.8245512551661073
0.4114832579594845
0.6110432736439924
0.2526995370185563
0.4307235977980717
0.761960227250257
0.6088884750734382
0.43113120725518683
0.16073935986970056
0.2915882951089145
0.44293540519557906
0.6420358937809575
0.38984319669599554
0.22026785128803983
0.604692390315945
0.9569439340590863
0.14646828547483448
0.3199306878907179
0.488075860747871
0.5834895521815142
0.36985318786358934
0.44571594917242463
0.6991871423833792
0.9695941393878014
0.47053607309503775
0.21239456060673656
0.2041080688047444
0.839562243384922
0.7814748639177477
0.30863040527701935
