Architecture: escape_chain
Number of States: 46
Parameters:
-15.0
-14.982999669753376
-15.0
-14.96138817654341
-15.0
-15.0
-5.507128192398866
-6.254979763473159
-5.093043991887225
-5.0861079064131065
-4.235216908188073
-4.375628609031457
-3.954292870436767
-3.060181646997398
-3.063337130963395
-2.621651983049206
-2.3115657978683677
-2.48196066460619
-2.086034398854168
-1.6252240997994059
-1.8107520683919915
-1.7753204459047385
-1.3729367568755972
-1.1540102909541414
-0.8177411022020445
-0.7922429745203134
-1.7265950751738708
-0.4991421658836089
-0.2875982959796459
-0.012771265555018204
0.001728823091998907
-0.005967488983265211
-7.635776051414276
-7.568420205432086
6.454231734479523
0.08025121634778287
0.9813349663026387
0.09723753900020693
0.6836941260535704
0.8451713576710289
0.6446758450054672
0.952283244942798
0.23332971887760467
0.843418716729466
0.15854925136826348
