Architecture: escape_chain
Number of States: 28
Parameters:
-11.878271047731438
-11.954012050199749
-11.8846264684685
-11.951578133903345
-11.947024211476522
-11.915679900423829
-5.424281624342023
-6.040725844456652
-4.9990033391530115
-4.9917813816067875
-4.140538975633196
-4.285756034829734
-3.8528266289615813
-2.953479342939881
-2.9518540514152396
-2.5015461255951985
-2.1802617226397443
-2.336713537252618
-1.922446862433697
-1.4249087469590895
-1.574894955838037
-1.4931164782201871
-1.0038846725549906
-0.6334752459077793
0.06061016064015206
1.1025647646129784
-7.597616675433985
