Architecture: combined
Number of States: 26
Parameters:
14.554480779758887
-15.0
15.0
-14.948129824087255
9.419604291759173
-12.853094575906226
6.0781833461942885
-7.010730065770399
4.146493342316935
-15.0
-3.220108214938613
-7.847958269791157
8.476430874864956
-12.810934526798837
8.023514885867698
-13.856960133013576
7.536510201939835
-8.515977905746578
4.9070411023827
-6.610956030316064
3.8695749134028476
-6.700178849994534
4.8061756653328835
-9.128454055374084
-3.2122983149717763
-8.566622985808287
4.41887375724385
-5.854114405871944
-3.1969536081862326
-9.835866050874152
-5.907735468165862
-5.254838394616376
-1.8491679456239554
-4.778589888733132
-6.698640792916566
-10.063149489358935
-1.5083952623740429
-5.146914430800091
-5.064953378435389
-5.135789205051091
0.5696445870490703
-0.6531396769928091
-5.258294318217622
1.2717353359550727
-15.0
15.0
-4.3075233164717535
4.515528742215702
0.6968374599095681
-0.4178647289315467
