Architecture: combined
Number of States: 32
Parameters:
14.897540723558075
-14.892873266685465
15.0
-15.0
15.0
-15.0
7.38162199516548
-10.723951160106662
7.106002426739841
-10.722745276273567
-6.5193582017877185
-15.0
10.267738038450544
-15.0
14.536368082257717
-14.955891834891307
11.890520218651794
-14.89734281173584
0.3659182223707835
-13.208937363841972
4.6738826945693726
-11.859785162842229
7.560927449374598
-13.975647918021808
11.775838336564254
-14.981705547972926
8.91805304160076
-10.72479825102234
4.742009854389814
-8.871085330359293
6.061515733735817
-12.282595232063684
4.735442356302955
-10.246708245862333
0.08415198967672613
-15.0
2.7166293064237212
-6.098542671730795
-6.256589512395548
-14.976344901373961
-11.54028751633993
-6.546231701916614
-12.502584468835822
-8.276904933424033
-1.1007098302003053
-15.0
-8.636657615773276
10.640348376438139
-8.987696587850774
10.909962048655002
-11.903130336001116
13.011932587640857
-12.152958890835045
13.418049677339567
-8.737898306428825
9.380365160921565
-10.278502780859935
11.798290691227225
-15.0
15.0
8.792973774300929
-8.032824604314065
