Architecture: full
Number of States: 36
Parameters:
-8.841205209020416
15.0
-4.598375767326133
2.6244754129452716
-6.586248220555137
-3.874892101116865
-4.821569280521729
-0.7541029688228149
-2.360846578215779
-0.057603504545003764
3.460593117551846
-1.9911207660183805
-1.189121590044775
-1.832072151645822
-4.2341666000576605
-0.5409978112524623
12.510112487166673
-0.38605503330054025
-1.2143147816880193
-2.2892326316730305
-3.567415082489852
-1.8077701333064036
-1.982782185070517
8.37039191469005
15.0
2.5423352194111826
6.477715157087729
-5.482719237354976
-0.7609979896958522
-2.20137062855609
2.7439843933164654
0.33231553352367743
-2.0834333731956636
-6.291984668323025
-15.0
0.8200134973550621
-0.3861637463397334
2.0083462393615785
0.1280347636946669
1.034639631202561
0.7213140649193825
0.8345543557185593
0.2835980014614056
0.5698411385567554
0.3524989196174114
0.12596660634291798
0.8160606183109996
0.9114658539551699
0.42746679558489015
1.3773493770719478
0.4132034190640526
-0.2262065092733909
0.6574522141881252
0.7799103026423286
0.6077817155161469
0.9895901886144435
0.36442964260492017
0.2990224439262423
-0.20737940533813587
-0.3360277957132522
-0.1640985854678959
-0.2597800421297036
2.0558243828025815
0.8400118759832212
0.5074474914616797
0.13794042769253081
0.350689986408952
0.2654185482925037
1.0474618548850532
-3.201149927903839
0.00292717669605419
10.74162790221771
-1.2791669403834762
0.8403756834848285
1.1472309913993453
0.004754454898787251
-2.2345383965802226
0.7766953898644454
-2.0912013329785872
-0.06620375778426188
3.2669719008900135
-0.9081574283168043
0.6710762517352038
-1.7458077673464025
-3.1421650101894767
3.6849213808431918
7.5143900355887014
-0.4170298221569778
-0.3117938747351103
1.5764403420825852
-3.0759907056068907
2.009745407639378
-1.3569412153848963
2.1757973672462048
7.779768463262334
3.462179974358447
4.034342053132808
-1.5818136921278216
1.168308131440849
-1.7884212862988813
2.8273713656181294
2.629441553811951
-2.0330022421556055
-4.504515031165877
-13.592414355047671
1.9303095019957006
-0.039793727662052164
0.6971868501385419
0.017561476896606313
0.5822607344935353
0.5963057202358522
1.9835491883052647
0.8904920030138649
0.8848045935545882
0.2570635169257316
0.3094038276763011
0.5485846700406719
0.5322561157221449
0.5234205069794664
1.4810068772251122
0.3393347479233504
-0.17347353145875413
0.582897078920646
1.0634630750666478
0.9070775655988524
1.7049588511395994
0.6115407899530444
1.0481137363022741
0.012872877429374631
-0.27012671125844406
-0.002337446671607988
0.0034936535673600333
1.8522838869700138
0.042922676442219566
0.27232347683148883
0.013665213661902077
0.2984724932701101
1.0698187233970131
2.6568716509663806
-1.9680258573079608
1.2305780631232548
0.07855859321058731
0.7150814280249339
0.3101433686716176
1.1733897170439003
0.30341840027135497
0.4166091577686881
0.026810698847740972
0.7378830067050318
0.2693076389880472
0.11304554165798913
0.9835900607645782
0.6200300629364782
0.6276346376951276
0.8724315451043272
1.1398646463848046
0.3440546463041006
0.35382239311317604
0.32029569040030126
1.128269115888336
0.19812533324948925
1.174392167539286
-0.1876236950192674
0.8147722657488975
0.04433887074373296
0.3779113775163838
0.5278043449187062
0.8705808039703348
0.772539997546675
0.5315977899660569
0.38947134599181504
0.797079841803948
0.32560572013103084
0.5538091763306363
-5.379164035679977
1.3141046850100764
0.46959702769630635
1.0973336619717895
0.9956810436375575
0.6993656040436501
1.153394305077547
0.7117833495510079
0.5112253315311351
0.5824325945741785
0.5173677476132514
0.03751242145985503
0.5576551683385844
0.3909369142802859
-0.0825436677043059
-0.00792894710977409
0.6678015764519215
-0.01747661483518982
0.22004433835601508
0.28223468297305004
0.32341845135085584
1.1542961125466247
0.1994761491830679
0.374038667870616
0.0818909086298771
0.5517457587287469
0.2632824588104643
0.5016050308328233
0.13254886725301904
0.8124626065253016
0.43010008422298224
0.4322409871222916
1.0842972938773585
0.04009189182054783
0.5863913594364788
-4.128288785165242
0.9092629458222655
-0.35404700376453413
1.0504274313037758
0.14198855070871985
0.07677131966000615
1.3029361183754657
1.3688025458105926
0.3438797691083684
1.2959193877579906
-0.004701487023385992
-0.11704725610434767
0.9338191316211816
0.4056442672625768
1.0163694722180854
1.0883998573789206
-0.17679047631270445
-0.002869153653632578
0.11235787234219231
0.0304670984833253
0.5180150420904827
1.0027864944612952
0.08285347616541254
0.31119465364468446
-0.041368325264745626
0.1619329846817041
0.3136560633533515
0.39388433292482267
0.6931861414047482
0.23714040064044323
0.9496232570355567
0.19264206172151502
0.414505384237515
0.7988537081444408
2.0628460769365162
-1.2718351905950736
2.2668491685958045
-0.140282924189866
0.606862818708614
-0.05670130674931208
0.44742985631736676
0.5483739577392268
0.9804769341719539
0.5951769470913102
1.0097882418537496
0.17245572839909012
-0.06811088322837666
0.5560262447595623
0.5476966062068223
0.20003263242148728
1.4920001993089698
1.1249627863379965
-0.3287883773785648
0.1616133226497859
0.544943038061386
0.3706820124761048
0.6036882687513232
0.5026496041644642
1.2916976318219395
-0.13067395361160217
-0.16680053078262544
0.1186781730729264
0.2250068219209521
0.7906305155120685
0.7707016636488538
0.12652815637451761
-0.1362395326207184
0.08657234389788857
1.2323426771383053
1.9366198361131326
-0.5467935090136989
1.46561251588791
0.13941443885309354
1.2081555902715098
0.63299805764209
0.22430583600386153
1.3512641001566943
1.8049187307302168
0.44422603997089316
0.49747725444112884
0.11168816711159778
0.13425411928481593
0.8966096143536314
0.3661905036715445
0.012088372143492135
1.2673017730460094
0.7132931631924503
0.15975249388870666
0.2798621840266873
0.8821103869405769
0.5423606905677262
1.1098885499340712
0.753619752605152
0.6556618059182712
0.2754321081041029
0.37978016957426364
0.3250015329720384
0.4196611985281171
0.6814023696275163
-0.0016718750807393538
0.9494814614297917
0.43289291378459244
0.5566543258683231
0.15057936424959378
1.2864686662258773
-1.5877985107009447
0.7178121047599769
0.05229265150778583
0.5493340803927602
0.6699896492758269
0.8998936627043906
1.4301380056898012
2.1717087416447183
1.0681873884160467
0.9162607311577717
-0.035630318466901456
0.40549799817988924
0.3434997344838323
0.5261321720001584
0.09279690478426982
2.1632498234339512
1.1241229740930745
-0.07793711533222797
0.49810231393430127
0.7904628500242534
0.812642905873576
0.3581149375189752
0.9095240771005215
0.19585966035764252
0.2027901120774874
0.2083543163297309
0.05971858304915649
-0.40274632497658425
0.44343629670392204
-0.0939172512888224
0.19875209124681192
-0.10574926790894042
0.73001630725173
1.0529813029683894
1.5616044986083766
-3.3182435826223684
1.5787535786238842
-0.0392882394609384
0.13082625453054994
0.14785819853647317
0.3573279699517912
1.0940887439159894
0.38453986306693294
1.232669339712705
0.8695749731648417
0.03923914016264393
0.7141047800221132
0.5757061800694138
0.7650017008871937
0.7008402423935497
1.0312017334197177
1.1814534405765516
0.43416235627352834
0.4205541995593827
0.843065448036237
1.0560659902418712
0.9304756021181697
0.9788654702160641
0.8470129567204425
0.5385092016363806
0.3134130509785842
0.8004314848813132
0.4740023044466185
0.5703000627050725
0.16915169685115788
-0.014965754082195993
0.5162462937152714
0.7413089157350415
0.22321883790427963
0.795859855772152
-2.2320640391872453
1.0050342527403788
1.1307950016239035
1.0153876048180643
0.7969020987969845
0.70364214103101
0.713602656476047
0.5522603511141118
0.8128989524249088
0.25841880624332264
0.5457548467773089
0.5683982629030501
0.8182463596634331
1.3080346317871383
0.3675188011552272
0.49063713634971917
1.0579331309392037
0.6568885120698552
0.251049005590671
1.1305806823941191
0.3083382285060529
0.5346497970354505
0.7370434031576584
0.4798715398271865
1.0167133074383072
1.2567529323004842
0.9417667144063814
0.4055092815368549
0.9981401156333942
1.5604262340751036
0.03899335212484932
1.458944242878049
0.754334729302266
0.6921001801139147
0.7682542295820411
-8.480140763800058
2.0055710578512995
-0.27440850853002846
1.0565526764595667
0.5468468906182611
1.3973495762276853
0.09333195214466712
1.9515536176353168
0.528725017110468
0.9150224613433194
-0.12493460827477598
0.37176910622095827
-0.0393543978996381
0.7470045419058039
0.9108806159533145
0.7676926849250515
0.19690644789283765
-0.18002115374011995
0.42528152728467394
0.44818248630909613
1.1262636964445718
1.274562372814335
1.0570295127429608
0.2919324401030997
0.30103349830637766
0.09503131505650492
0.29615780737953196
0.3583698021190714
0.6759508087633148
0.8768903090672907
0.9977734212321984
0.3362299742027718
0.7848905927427583
1.2173825944327032
1.1446376031434042
-3.864295110460226
1.556395920600089
-0.2433231644024182
1.2483005461344407
0.048848740240251994
1.2250297352470496
0.4408794597009883
1.2419417949216522
0.6883360047848024
0.961570225339884
0.5050733179333944
0.22383154793735385
0.39495675541508063
0.7720352108595975
0.9150774225344236
0.03563395214018823
0.4110155054489474
0.0387393963210124
0.6939996762250574
0.11617570645259756
0.31993719743685
0.7107540763762765
0.38112385284129646
0.8602524765534799
0.37565576985936017
0.0129299640254441
-0.021852857157893257
0.6433847821727168
0.9444600503360598
0.08797084586960266
0.374166808795715
0.2044887480576187
0.6390466771582346
0.22796382363669196
0.7488625070787014
-1.791810074870415
1.9720785983884053
-0.16697361659925852
1.8257622719759639
-0.02372671104821703
0.5641946003162452
0.5200155728754962
1.1198907237715288
0.3576372059737179
1.1216853026297262
-0.1003660600662686
0.3112135830660826
0.008693436152888298
0.3827231819283878
0.9195730527104808
1.8762204055278382
1.0924871425457952
-0.019548952023915392
0.5012038804498969
0.3181896261703122
0.7061780875627892
1.887219915990191
0.17924969762644008
0.07764013157457521
0.0006248848232179617
0.2079282893739986
0.32425271717470483
-0.08427811770749825
0.8492851491987737
0.8599080278953496
0.1435069537118097
0.2908201673387516
0.6687279354488775
0.4656675876661164
1.1884194186626444
-2.400658228061981
1.703188255676627
-0.5916102626349401
1.9235536285023023
0.038524145195951695
0.4460536130715866
0.2216190220549195
0.8098336104231172
0.11853877297385873
0.3497018695219222
0.07215705765705056
-0.05429070254368458
-0.04323327704490841
-0.02285597828632171
0.4318685742562834
2.027120915943762
-0.015927432035556265
-0.488146100391722
0.1025065391227202
0.7521349525206374
0.25722635007440975
1.7154716091605762
0.3622571712107348
0.685544127035733
-0.1855097058885188
-0.32402070070100963
-0.17738864241502547
-0.07039430776011046
1.3998482494708366
0.026708179328722454
0.18699346496968067
-0.4398942288297129
0.22049825431246262
0.17093279168498623
2.4125563463067845
-0.5435038877498795
0.7126336879651938
0.43469249842552327
1.1201050201262597
0.7082978740078129
1.5237231163792346
0.3069810685217535
0.8314707084382739
0.15714961727445653
1.1572197707248169
0.18583621431638106
0.7199270591074463
1.147395192615163
0.21202429744615053
-0.0024970667186713855
0.7254246203909939
0.2482995742129083
0.5107191472204672
0.15105509656963198
0.36270781558338555
0.3029776875483137
0.5893124669945133
0.9998953092818894
0.6112736774968696
0.7847707728683269
0.7605716257357736
0.1316092628380627
0.0002433348589069486
0.6051994602313564
0.22267088657140194
0.3398194635822684
0.8053265049559059
0.06456709787285775
0.8127116312967039
0.5999351811854652
-6.443886808957003
0.8878524631459355
4.534855358042238
-0.5876149711452275
2.440567503070399
2.5619717836016935
1.1969507756349163
-3.745227382000066
0.9066082825722116
-1.5972572224545998
1.1202405516657787
1.5569794822305194
-1.1358613506615123
0.9331097968201415
-1.0707223173884415
-2.715974336252271
1.9020801400479561
4.15971826472776
0.16373458635888455
0.4075134920451494
2.4356588002056063
-1.9562103319722801
3.7789534240047487
-0.8175070608650541
3.7921065609948803
2.9857181518264184
4.40014448101184
2.4219062780126914
-1.1204170931197937
2.2137344619554407
-1.2410482144995674
2.2551393193022617
1.3815871742440753
-0.7941378548630225
-2.3135134658274206
-12.460179045423843
0.4914818671952563
-0.10797655002201756
0.859916810878575
0.06386953641386192
1.2197459623206544
0.18870992355902674
2.0275762591639093
0.5211852312530689
0.8763138436054584
0.525013967472519
-0.1477059883741518
0.22057599522724292
-0.21984674355139955
0.7039912969700021
0.6026720582142796
0.8377259769384987
-0.3241279290102319
-0.06122991686163343
0.28380024843681906
1.0041105885799948
0.5777890361596577
0.7799626639250954
0.5014474473846187
-0.20323377285655556
0.13921228702048008
0.5125122302775144
0.05369118885424464
0.6682829188198642
0.4579019326954283
1.0693767876316027
-0.03314444182192476
0.5884917269262131
0.9289847579553462
1.5500410193202296
-0.7742497097162441
1.1040908162586285
-0.13542768240646555
1.5196841334326725
0.18630802556932755
0.323222366852407
0.6594040537553038
1.6648411586526772
0.47075979211539026
0.5714237521660559
0.4302973737566983
0.6217926087139721
0.18404118339234904
0.014048546727172248
0.6441765238881769
0.40122442145849035
0.34107900914302414
-0.052312909956737624
0.3482873349828979
0.2530146743115997
0.7450137577533527
1.2446893593413326
0.02533160164511693
0.503062135960778
0.18443755978158954
-0.16551692329184517
0.45304637739980713
0.3772852498473825
0.8305907856175923
0.45313141459859857
0.859764181927457
0.23956913487649087
0.1668115422879432
0.21424180821811406
0.9171803728541704
-2.2806558760364806
1.0247636600185182
-0.12468875056642713
0.574438761447176
0.6717263953363233
0.7668924247552255
1.2280990560685527
0.5965566610952029
0.18146332639038093
0.6811725610096785
0.28146305288382395
0.06795225876643454
0.28909803976253473
0.7043620349025058
0.8656500514656599
1.4687833501698935
0.27960367461135655
-0.139630604444698
0.7041023156538374
0.9735587393245078
1.0262849316335856
0.8051144836633105
-0.04246004354896284
0.22843436344509319
0.2066739015605347
0.19747371201135622
0.1923696120860485
-0.07282736750859074
1.2542380635201098
0.223484761900012
1.1543248321879864
0.11871266260849435
0.6343566889770238
0.5404889925550723
1.0228853429028604
-1.6719422465281653
1.5065344025803598
-0.09181043695475101
1.5751458716615239
-0.06961238061249428
0.20306806815609982
1.4880540903367068
1.7079113932403798
0.6010304990049921
0.6814523502908967
0.2907129555932969
0.30296134341509234
0.847786259733398
0.8243503748313928
0.49839124601759205
1.8477874560809673
0.6825046573002839
0.1649678652364717
0.42664573158501945
0.367502138311389
0.673710684905543
0.9691813451943315
0.44698716753173967
0.5751317375392124
-0.044052094397699186
-0.3079533352917072
0.33427058192213016
-0.3019258606639053
1.1658481780721726
0.3801190680242711
0.47165818611405136
0.38839549955487085
0.5444626049190118
0.4133429326713644
0.7017389308669912
-1.7738391325565956
1.4551850299044766
0.10304298372913015
0.47755548633166883
0.7834928530874921
0.5562213096255386
0.04018262168148742
1.2939907515095477
0.25100114466986995
0.6702478874434895
0.8400115412542015
0.6639551044424709
0.9584424042510045
0.44399824660496784
0.34662010462503456
0.4780373807115176
0.5601117150114838
0.6749951981002829
0.8092226815793655
0.617152829250505
0.2684251141242023
0.6892390250906671
0.3426523139067789
0.3805826231768107
0.3141920684970971
0.2815671155421737
0.9538722140228947
0.45481713086749803
0.8171103181698124
1.0343003359718852
0.3150538732513399
0.3487292063193931
0.8586443490157636
0.5702567449336283
0.36540402780215137
-4.116525548910971
0.5804491271172056
0.1627618658468642
0.5958050425210834
0.33294016869596305
0.3012848740337447
0.8048933005666652
1.7181952057953231
0.8063082781581206
0.15399733144679564
0.33295521258496724
0.6737090040247986
0.6012067695877408
0.9802815962520693
0.3213557706372281
0.5403534136228234
0.9360271946684391
0.3064366022604249
0.5946469634265936
0.6179215579616308
0.3496519950885537
0.7727616305581498
0.8345957279641625
1.1133131482604843
-0.024783210024385983
0.20000860480633842
0.48938909125142693
0.4305030487889833
1.0520318818305194
0.31459873112500447
0.9845950210471611
-0.11687193056009393
0.8422119559282506
0.8155887948674791
1.8299268908917359
-1.816729789413399
0.5251934323982881
1.6489564019863867
0.18070643336640244
1.6236481126697906
1.5967238218386957
1.506663277246222
-0.5361103333145791
0.6828715983045947
-0.32340404471165124
0.31731172954133463
2.2737179503764318
0.17054966049532685
0.6115631457277018
0.16184638377099048
-0.9540519521126273
1.2339415474883033
1.4345636428689856
-0.0732351868896306
0.6627974651045938
0.7336180983239527
-0.7050385161535614
1.1241444107864336
0.4382070095175982
2.114752611651827
1.2648472134880837
0.8371451835794742
1.8987603490312566
0.14003466977381548
1.517047216455107
0.06847122880580457
0.7102588299908976
0.7187572370128426
0.2614317705743424
-0.5440443951276419
-9.469074586494974
1.3127496707758717
15.0
-2.027594144228256
4.628815079115102
4.851796469613237
1.0737149199080385
-9.27572157007392
1.5757249782389706
-4.47135735475672
0.8612739785872422
3.543659933814697
-3.3486209706011056
1.594782269118833
-1.703621293413642
-6.537780203297973
2.8509568353028953
5.18543446073479
0.04863350398401961
0.028983643537395066
1.9819211280191735
-9.064559399305482
4.583603347271837
-2.1328440460838554
4.667796614271297
3.0985377196834585
5.541894894157032
6.835943907494725
-2.1134555594666176
1.0453944557106236
-3.924742855231312
3.5580152677699246
3.76794502590627
-1.519453711595368
-4.684521720108267
-13.216522628044883
0.742949877821457
0.6156937877931393
0.7886971764108719
0.7261671777551602
1.2769915383434964
0.5938778069571488
-0.08793095992709452
0.20729058607477427
-0.033076400075690085
0.4883168621771449
1.5662980056261668
0.5848518790369386
0.5352796425573069
0.08207435731217078
-0.10269968193533174
1.3156850484892706
0.8738826230964637
0.03344400009117689
0.5337835889228992
1.3928494881367504
0.06921544136290747
0.24936735756852504
0.13403312840346232
0.48006812257673165
0.8270534624542807
0.35735632413052054
0.14301853554581928
-0.045834764877054915
1.2146189680475241
-0.021908352185839614
0.7765961290039457
1.0238350053155436
0.379234505279629
-0.2550636096081186
-4.742081822268224
0.2519037859723232
1.8951905496373136
0.007423751399418565
1.321375797863396
1.715647875222118
1.5753722219843858
-0.11091491106601846
0.2595954920282569
0.4638238559668685
0.8915334646311514
1.7053672399898312
0.11813310960141285
0.5018434667006219
0.20411734504037202
-0.4263521068726698
0.9294579066173202
0.9005950549858442
0.48934788306841764
0.3450419061686616
1.0230206225490905
-0.28682022018855347
1.1541204812121824
-0.25385872653923225
1.3244240453729175
1.007615782302496
0.3597931303730156
0.6761094188314518
0.07422867479573408
1.3957850661224607
0.059845701669013825
0.8437683525948951
1.7503020934304898
0.1448057231649007
-0.33589590377548234
-7.677200064525066
0.7443133324107918
-0.31820947824202483
0.2807569768193869
0.38983224816079937
0.33545902163842833
1.2755384580574376
0.7410396308886694
0.764995418072112
1.5403044187263426
0.5941258585516497
0.055657931290974696
1.0002955449511457
0.20151420107330703
1.379826303978116
1.3142857136012218
0.15098307216651363
0.11968929296344738
0.4343804300041401
0.4546068504616329
0.8843815047099046
2.151446337193911
0.4418697108792845
0.30701709028156876
0.26737973842261936
-0.3834698077169488
-0.17057965459229074
-0.011713144653063525
0.8213423564179754
0.17007417098693792
0.1969286797071795
0.008373450068732396
0.05112439707390059
1.0863396119716533
2.739966698646422
-3.5846555223345273
0.5821153561616783
-0.025661923689974473
0.7977314923676546
-0.018695003374546274
0.34237821172383653
0.7904667451683878
1.6060930794380701
0.5528304665063171
0.5119477730684167
0.12010700761463852
0.7246700242388838
0.7865517410151683
0.046991983172278505
0.1688619363212313
1.2381099382704475
0.5253074757087278
0.16747916209727373
0.049053805172247306
0.6419348932546954
0.6690939360417956
1.343620115466242
0.6697956998167994
1.0775222520273886
0.17048402061549017
-0.10781563994167959
0.13889749213798885
0.29024583067192994
0.2918438474436768
0.5344312915764894
1.1321710509081062
0.36188615582989686
0.5493987157913265
0.0033649032101160286
1.0192586931877932
-1.6597740247503652
0.6900453213799543
-0.2755708829250693
1.2500050805080507
-0.27795784750164854
0.5183610476338123
0.11989450299214847
0.568705649205461
0.4658018228545957
0.5722866436353439
-0.35035965626766047
0.3738746768130287
0.4971518205965833
0.11084353406120197
0.3973431135076347
1.905499473199407
0.4804727245887924
0.3028914883133878
0.3357809465363507
-0.1304781745630821
0.9421057307067775
0.3991972094730454
0.37660351017212107
0.5102087695776876
0.24259975346327847
-0.0009805122589576568
0.2584250237759443
-0.010094476204636998
0.7006904698270321
0.664057512191815
0.610612300593623
0.18521773462902358
0.42357735808090513
1.1370686191645947
0.6650814354168223
-3.365108167190046
0.7478352548934858
0.9424608168696966
1.0235808361702117
0.6594037828155056
0.8638478819876908
0.4389148983203409
0.572228755837897
0.9466432740860967
0.9038761547428276
0.7248682906484071
1.0003557420618188
0.4893502733797518
0.43996275304151305
0.550458980419527
0.14307928519696558
0.8292593734811817
0.9520180777171483
0.715293693359637
1.1651319288683823
0.29677519414508935
0.06732793779303306
1.6037691748546048
0.04680394221283007
1.5252416250295788
1.3714236238604804
0.8772193882544369
0.6860425216548562
0.8461424576537275
0.46474284243819913
0.711768366066752
0.3205696403158601
1.069734068624046
0.5223434963282908
0.3029873326457686
-5.473906296909721
0.440309622172307
0.010746434449074038
0.34555577403629384
0.7287655528535206
1.032530598150042
0.8141940434544649
0.5323204479137864
0.6239057134323303
1.077522964389978
-0.030572153196741367
0.37258394521022253
0.08677694659668408
0.8486957993955123
0.8077973049212085
0.0563582070905376
0.8174978900327919
0.23850592535886933
0.4046741170840068
0.35115533092152135
0.7454353610240125
0.7345443603427108
0.09545007976768023
0.3787912201717454
0.5096412377382717
0.26179758598004227
0.3951877033084784
0.3076467551706398
0.789669737660695
0.9741299765040462
0.23424162925584197
-0.09398531181780789
0.2992166605147482
0.4007681080387482
0.7454331968938837
-2.540506284024714
0.7135210396909936
0.060024065365470995
1.4985131293386238
0.4245243287194099
1.403320644464712
0.8033403883552858
2.1352954327733276
0.5545848434296988
0.5046399538063173
-0.0747018355035466
0.026275099013326083
0.8085048927269626
-0.12060335045644777
0.6746521354494797
1.8399693464326936
0.656746779656893
0.04142990858344881
0.2572682444022203
0.21609460149269427
0.1918887980164228
1.5992489695451115
0.4304021644612552
0.6119456187087446
0.17044312687672494
-0.14182724547492903
0.315993973400946
0.0721893496471898
1.5344489331343827
0.5330115002864002
0.933670564680771
0.14894032053709585
0.4071992153207481
0.2696762429723173
1.596095117526214
-2.0791452498886036
1.6516866786168778
-0.7683632697910865
0.4325478024023935
-0.09839892152312527
0.8685672481439557
0.3810417535082834
1.5092115589255422
-0.0576800978845866
0.8120862289408706
-0.1294368318229992
-0.11095062376118174
0.4015039615031436
0.12301436786917033
0.4960385357710076
1.8243035715652451
0.006304158709912636
-0.4948705087504674
0.2583369410059745
0.20219833730350684
0.012219360361422044
1.0487874606935912
0.46074479084604186
0.9636474916813006
-0.15066191257385728
-0.47770959716403705
-0.0535664162065915
-0.3663974159824991
0.4744861277788333
-0.17205928198499182
0.7990997668085197
-0.18292535061534024
0.003737258001059479
0.5522418042246816
3.330565727027382
2.244071982764347
