Architecture: k-jumps
Number of States: 44
Parameters:
0.6838976120824303
-1.8521544241912637
0.6613463297844152
-1.7908487716171637
0.6616743940291825
-1.6635525812582297
0.6699332327215973
-1.7835210999363158
-8.707749578285116
0.5800349914561538
-1.1097436018518125
-9.690609802331698
7.158142923164488
-4.106784084263831
-15.0
0.6177763845661738
-0.8631323454235497
-8.785654713011356
0.78862166627206
-2.0537413811787815
-7.79335313460862
0.4409185591337537
-0.3263530073625352
-7.488624450273215
0.70349612539865
-2.055683555675113
-7.041102053282033
5.385377949275072
-1.5320874598483316
-5.797237632166298
4.217665525787429
-4.024057646688652
-7.560603846832072
-2.151956159647113
7.444569378157486
-3.346984854620156
-0.1783588851496857
1.9713924661524058
0.3536598033487421
0.22468020952336143
1.3448644155496545
-0.012980718013490645
-0.11709958725394715
1.157981476750177
0.6562522153514797
0.874731479736493
0.5745126534683099
0.22338824619139194
0.13972889630839957
0.1322532367445142
0.18485908265663437
0.9131314540274513
0.4156804197603749
0.3948024905410224
0.9781920848685917
0.3682553788724906
0.4961073960771452
0.16902690722434943
0.05771814477767334
0.12058976884337591
0.6189498853361096
0.030256840705347843
0.31146849549006617
0.47851870899216953
0.07984507876296765
0.6590499532531893
0.24572236242805923
0.5177837862155822
0.7606045873633701
0.7719798451863269
0.5686762321072568
0.31267973004384286
0.752737698163188
0.03353106802096939
0.4035095234357101
0.6830521503947733
0.1866722394959235
0.9190234961982564
0.7364515385261992
0.6053956536579833
0.6508318082781364
0.2783338771117453
0.5866445892707698
0.5802259137120833
0.44635566046965647
0.7824599889267598
0.7799148323865068
0.738287764402156
0.46419338281714306
0.8161549970524398
0.6275070481532694
0.7559073927698668
0.9815705367339657
0.26109475522726944
0.50227039439975
0.22682553395205574
0.9814666711790585
0.028023738401293463
0.03765425356344565
0.0419987943104857
0.4597725989392969
0.8372553712464631
0.28270257156202117
0.32853712916234934
0.43709947483869305
0.9830769302340558
0.6219072116210882
0.5422534847436864
0.7928367319683929
0.9958319872144811
0.4902414606599844
0.16417318236999012
0.8668312600004837
0.15134892424050672
0.3413823859575077
0.6234399531447893
0.8193234434957476
0.9544469660502412
0.6678934615596674
0.6909336959100529
0.7536432742860282
0.4843582311739332
0.4224835872830711
0.29951566241996563
0.6986984783017198
0.36037095812489084
