Architecture: combined
Number of States: 26
Parameters:
15.0
-15.0
15.0
-15.0
15.0
-15.0
12.05164789369966
-15.0
2.790630010102084
-9.119516273805857
-6.07265695782427
-15.0
-6.887250851639663
-14.999841019267024
11.556539587357948
-15.0
5.697615074589762
-15.0
14.524434545490626
-15.0
6.580191585546364
-9.278959556488664
6.462159031715674
-11.362360671174313
10.081376500124735
-12.739197878080073
4.493512386057569
-9.554194104246609
2.1304325220421254
-8.040880267326603
5.084369040507883
-8.532813669321508
7.970755325075359
-11.877466882599462
4.387218360461782
-12.567130735905693
4.805503926510121
-8.359879817102957
2.3569604206224426
-3.8548317770102822
-7.778253741253976
-6.276232979031118
0.3923960514601234
-5.1331412334795905
-6.515820758595954
-7.033876596829118
-6.326865827981575
6.385389512317499
6.961165631337159
-5.8488624770206314
