Architecture: escape_chain
Number of States: 44
Parameters:
-11.715374033394134
-11.73678425847402
-11.716993484090692
-11.738521886952435
-11.71148266707798
-11.735779686121049
-11.713398188907993
-6.115052088120966
-5.519215654505118
-5.516459703448541
-4.2396053641476055
-4.090598174024944
-4.383261135430789
-2.9763707571635685
-3.179819729874724
-2.752470705605317
-2.211244515763215
-2.405620935793784
-1.7937619019506257
-1.4399985917337963
-1.603956645075131
-1.6568949535994812
-1.3635421691359204
-1.5363593438888172
-0.5547024331738337
-1.2621014973615652
-2.809338646803702
-0.405045805610889
-0.5346926314745907
0.5403260251684964
0.8584303050846448
4.064699694040486
0.04895541106408963
0.7611080575735204
0.10291545387267764
0.3736595646493629
0.3696990924910236
0.7085738015159542
0.6520903105578794
0.3062252032255809
0.4305742486205505
0.44693285805130034
0.42334972414264527
