Architecture: cyclic
Number of States: 32
Parameters:
-7.708440243719715
0.32207684412381155
0.7080076381501154
0.41205053159082783
0.4645732539089805
0.300229994514849
0.9829816248566468
0.3004079197615026
0.5638330937785239
0.11290367972173576
0.794814354429494
0.9037146962770665
0.1468001282195871
0.14651567276245292
0.5543645516462679
0.6802793754840397
0.9549359240746865
0.22517173690725079
0.2762395141127618
0.4101560937205758
0.42883744311911554
0.8617136022212826
0.5233549486996955
0.1393669765693304
0.8150580982894599
0.9837335173480696
0.4196143715424109
0.8885763534144641
0.2745718185263669
0.9202432505180237
0.13884847711828252
