Architecture: combined
Number of States: 16
Parameters:
0.5698337751774686
-11.455191825332536
6.559840138381082
-8.022207671884585
8.294580941136031
-4.826597003725392
0.4882328320407768
-11.442386581758445
0.6187603566560055
-7.6017263392354435
0.5493367913330149
-10.024821332811142
0.5471354111341786
-3.4410314295526856
0.5103941609988465
-4.09998355784713
0.4857578267037899
-2.2652644817278866
0.5709324011764009
-7.377823682389547
-0.051370014849184145
-0.11429407961544123
-1.587767317365085
-15.0
-1.5854943660923695
-15.0
-1.589655698720883
-10.726366035776662
-1.5842434385089819
-15.0
