Architecture: combined
Number of States: 30
Parameters:
4.8865598403873145
-8.057494930883879
5.701281176777196
-7.101050203553882
6.596849303661078
-6.127604110234772
4.799493856472927
-8.156398362704653
6.568822282090387
-6.158617919644194
4.357217312063026
-8.71696823309927
1.2461981759465364
-10.704886486361714
1.3593082647409225
-4.994406906843648
0.931643525701974
-2.499025776891548
0.24846351317342594
-6.335398023569597
0.23195182993543825
-2.5281073758472097
0.07058515806779043
-1.3698638292791252
-0.1289458003473759
-0.8401314984972659
0.44604268282182175
-6.721185091392202
0.45289368751745385
-7.141809457597185
0.4765355879042927
-7.129565716723015
4.284927457889866
-5.467974617435992
0.38216933516497803
-7.736497922683921
3.4295169001044465
-6.612036477484379
0.3740696457870545
-7.9418579679696455
0.42348160379035477
-12.82354560103722
0.42159661549069455
-9.82097611660787
2.5863851002799
-4.90487929374174
0.38443162737011877
-5.462266529690033
0.3992843835902981
-3.8014548310498837
0.24510119946116937
-2.065552814207941
0.36282321331181944
-5.418617904995253
0.3548293454694804
-3.7025888975307555
5.8741638903668
-6.242649507230012
