Architecture: combined
Number of States: 24
Parameters:
8.225901069275293
-10.042136568465056
0.4092511304207068
-15.0
0.41127871340856076
-15.0
0.4068109623449035
-14.342946567484566
0.40620937798299606
-15.0
0.41140775960919757
-6.947073430318328
0.3919715658407553
-3.256285962490752
0.3907516221924677
-8.876878814169151
0.3786380765258808
-9.792002969451021
-0.2924495556550997
-0.3548864682736535
0.008755405446317416
-9.012448953806345
-0.005845109436624259
-9.78899587739868
0.005320089168096386
-12.935207266518457
0.00744465310710107
-15.0
0.021934530151722392
-10.22618330559395
0.013337911971093415
-9.079343398578281
0.009779171525744474
-11.086438503957456
0.0004988283236625796
-10.722216227502992
0.007906057470626086
-9.958807702132939
0.003968270322762637
-9.475196374215203
0.0011064353485894373
-8.14234770578022
0.024660463978886916
-9.578647681239916
6.661160993480494
-6.463767244006155
