Architecture: combined
Number of States: 24
Parameters:
0.4504092458013267
0.6762404773436101
0.9547690860823733
0.15087788584002726
0.12529533355081157
0.8048317323321703
0.7361393735225398
0.8642456118577388
0.17622368371564712
0.21137791139730355
0.4164544559963088
0.49740073221407344
0.8535073816511907
0.25141439479243444
0.4115859486257307
0.9802012814466344
0.5418074464897782
0.3245217841886565
0.41277944046986537
0.09291054995317838
0.4154974994775288
0.07231889874672481
0.3590905164511793
0.4597664297846613
0.8506403285788418
0.42028953637622557
0.6910286776863762
0.2909583608858014
0.32377022110457787
0.924891633343107
0.18203229029657753
0.5897235959866665
0.452352726443214
0.21209047272381398
0.8291019487632766
0.48778712041523964
0.5030559694412368
0.33510058969043255
0.969163026833976
0.8206448349131737
0.5279923336944042
0.30521558253823367
0.2091837441593637
0.5827559133268861
0.07986272998959032
0.5128978526754203
