Architecture: combined
Number of States: 32
Parameters:
3.716535607634641
-11.6383126262043
5.81141122252997
-11.66275637718658
7.60444449197003
-15.0
4.463820090262535
-6.430116302869068
-3.0425084882384983
-8.753745937516964
-3.2727933989312157
-12.979877895085838
4.117733928120866
-12.985319292847223
8.220523129434435
-12.899104876846687
8.76081605840828
-15.0
8.369975158280498
-12.544975338279736
0.07896691860581846
-12.166962226326039
-1.597923613848788
-11.974666910376506
4.131276583374537
-12.628482076523117
-7.099299927950174
-5.6182263860060475
-0.676263924865141
-12.561772062030048
9.122112276508162
-15.0
1.4995707097894198
-15.0
-2.713110057990922
-12.613311247286747
7.6285752627301795
-15.0
6.319459265518179
-15.0
6.786345643643334
-11.87899331923366
0.6112478016792934
-12.966485974108743
4.194533414346042
-11.132370068291165
4.768242066317374
-12.91694332461095
-3.677883631052662
-9.218786906489191
5.245025098155334
-11.902405081242398
0.6591384655258551
-10.680517310563548
3.0459798608365762
-8.398484603401611
-14.076889846948738
-6.996437348469156
-12.49524433007649
-7.964656937436818
1.3797497192053982
-6.161827649583828
