Architecture: k-jumps
Number of States: 12
Parameters:
0.1515428802280185
-2.1652133246199363
0.168279523697672
-2.154057360353129
0.08193502056492677
-1.6440957833978618
0.3103942867857596
-4.898012435565805
0.05318752859281675
-1.108136852486649
0.07631371341786222
-1.218023589304484
-15.0
4.271813665293799
-4.89044383491348
-6.13682306718873
0.2829202637326676
-3.6364123062234754
-7.113980631992517
0.27510421618065933
-7.318938001421062
-11.881562974099001
-1.868998875703058
5.0121490045875605
-6.177078558580271
5.140710387860524
-3.6851139654845557
-0.25016927134962963
