Architecture: k-jumps
Number of States: 48
Parameters:
0.08446272112080477
0.30788295008525235
0.34766177923093955
0.14235043555918503
0.05329019674181856
0.7529041936899731
0.0036392556286363176
0.9359409544472658
0.3433465802228898
0.821943420294324
0.12874881957702622
0.14072528521494632
0.4269693603686524
0.5784242281747332
0.9998726278653541
0.2457903970304316
0.8763285728952522
0.4417849460436193
0.13716896282128366
0.7730968394175279
0.9922548465677691
0.12495236480346295
0.9135486738146672
0.7235361061827027
0.8332056777454289
0.8545540485535639
0.5923282542429285
0.19497477120545148
0.9566033423755221
0.931067093006517
0.35425356327791646
0.5014903228773284
0.5655982539146743
0.1700401610268767
0.11851829763750199
0.9046523179649724
0.07820207239889632
0.4207160772306455
0.5485191652591823
0.2784089778591742
0.08796153872686596
0.1618886006359299
0.24729850559794253
0.04565688262755041
0.8945281510433949
0.05868052151133285
0.9611376196602943
0.21173187267769644
0.945450548178296
0.775885734584833
0.34387443960069375
0.6929492861508001
0.5124506746424354
0.5952518202872673
0.5506342958897935
0.02204981117627769
0.043103310642432446
0.7450056928946553
0.06005033011573535
0.7321045550441456
0.6093024291118707
0.6463953949005178
0.2308548410410468
0.7134495797942685
0.7891326690223631
0.7093811102026462
0.8143413638580551
0.35499133718047693
0.46264296656201265
0.5477196151178334
0.0622229049099724
0.7363777049294712
0.09740578769743835
0.3754635850891791
0.612145958754742
0.43104528591262437
0.6144445992787171
0.6160921303590017
0.3636926770636969
0.5759761019033486
0.8202210844721465
0.2419245555769094
0.5556833078461415
0.5293571844037448
0.8978716652096848
0.7982859253190464
0.23019716693338277
0.9548897396125091
0.511636551903139
0.6190653057819955
0.830563040255616
0.43597073460413716
0.08939640970222817
0.8729213593348231
0.7590326062655104
0.787126082642815
0.854997230817561
0.773541898864364
0.44508593746157366
0.06308683790066838
0.02344070279874877
0.7451687695797542
0.9242723662422885
0.20119495252402753
0.44632051948333185
0.8570927148073356
0.7806742508210035
0.0792066188606132
0.8586099157142929
0.45986880824437426
0.14791241022694446
0.32842620644157805
0.43384781437051634
0.5527932302220284
0.026216312545520815
0.8057908878704734
0.48139026583612665
0.3004694989254588
0.35330722938856485
0.737834539037357
0.7432727347840414
0.9050568718951514
0.9962845807064079
0.21698239057769952
0.9977438928237828
0.6860632740314461
0.11593911371386623
0.3589260354177005
0.84281286530563
0.6856038898300898
0.7047298246220275
0.15001894763812273
0.9386022654444875
0.6311303206760267
0.38239697940743844
0.6537906572479828
0.5610878437462826
0.22232580444618932
