Architecture: full
Number of States: 40
Parameters:
9.2518880287556
9.054828889777921
15.0
-15.0
9.383344598192268
9.417119446882266
1.9069319001026384
-10.55633961922746
9.364446468916778
9.40605730313231
0.3580755699324734
-3.1597969708774967
2.509923820346972
9.651909332395608
8.639559765324583
-10.481662857921584
9.490217091764086
-10.198423872004089
-3.691165600887545
4.748747404591109
-8.343428211914103
7.912513800674898
4.4396605502770905
-10.885136680744866
-4.786955814535276
8.51347349039375
-3.2172892214567668
10.198130306520218
-15.0
-10.707940359524201
7.844258305931884
-7.92240936357746
-0.5769446515468277
-6.747895021020078
8.273980774362961
7.048522568201886
-3.4035525193718774
-9.37575672228619
-15.0
0.5068181272631938
0.4248015871901269
0.7477376900976408
0.23210577721103076
0.3403962804895056
1.2262424632052644
1.0327450706752257
0.4033176725455153
0.44686217582204624
0.8893789535334211
0.4476657581664586
0.562023356442338
0.5637249724048441
0.20318969242524437
0.4851456939921015
1.0591564215970226
0.5407552936168468
-0.07180724101000462
1.189555474466487
0.2429708364477798
0.36558354807809657
0.7800306153960443
0.9211934169359041
-0.05516885243223458
0.8624676113827627
0.6297008326862233
0.4957419246399853
0.48038013960386217
0.1669141734256355
0.21023292024139956
1.1178369132274184
0.4695053857057766
1.2148034961989538
0.7749413218918687
0.3300666364113547
0.5823354044551461
1.3844226202316672
1.0406085185176712
-1.0805228306568386
0.3362368713170454
2.045212707735668
2.8170801175400006
-0.7038986815464867
0.6375515989628747
2.0362395631712333
0.4860553815214221
-0.09675013390030301
2.050917269036319
0.8131624293308548
0.9919253948496751
-0.06402536547030102
0.6416480803904854
0.8529670983445562
0.37513792114471867
0.0004661681630953596
2.1838911958794176
-0.5479744878733467
0.6835912604878192
0.6764933242075949
-0.130469197047234
2.2049043430088724
0.4438362566646806
-0.7206240609708683
0.010549461943331187
0.8620036695322054
0.8988609762143335
1.491196106941599
-1.4523407875889116
-0.7293874053920147
1.8760401161296139
-0.14775210927215748
0.9382183645288831
0.055781583677607306
1.93707093301515
1.0014741943235204
1.3632449175061212
0.05318603073821712
-7.298518162764726
2.0937325647103817
2.871431070979651
6.491316708309663
-2.643227531079661
2.471805584370834
3.2385147519345927
0.893382672590935
-3.1584558925212507
3.21978284083693
6.0391966154301935
0.41008019845230637
-0.8494054528194215
-0.25369038083443646
1.616115278894907
1.8673206834783491
-2.9965973457547843
2.8987503315410628
-2.332710620891868
0.03639422733257214
0.7071448770827542
-1.758667803228546
2.712739220002835
0.6880513176389123
-3.484863705305621
-1.0389404398852542
1.6306482067097732
-0.2232744964166311
6.938996596489683
-3.733004524898996
-3.1243854624928455
3.593180210397865
-1.6112872742682938
-0.047207836240492865
-1.2792642385966309
2.537219848162911
2.9149584201946297
0.20360824893062807
-1.841873835665526
-3.3874051143709227
-0.9709708105787633
-1.0553621642498667
-1.3254236903682852
10.969013495040773
-1.0908069051298843
-1.0057805598495484
-0.7480089662858368
0.3926813092891479
-1.0358817994221945
-1.174579892011635
-0.723661487859412
-0.30542976610195416
-0.6838695541327141
-1.0267378777668212
-0.976813366439627
-0.03775424057536994
-0.9691389555705385
0.46776707214579316
-0.5827702899824498
-0.9029530566702015
-0.0249363948426313
-0.9409457766390638
-0.7956885755104647
7.178372158176531
-0.47052380390937176
-0.9733337716099767
-0.546683848221619
-1.0189187490390268
0.672979728589324
0.9378764119359952
-0.9818777427311285
-0.12178569401759937
-0.6439322314392109
-0.27925774196235564
-1.0248003393697842
-1.1139904737035233
-0.5965813507772963
-0.14960637645214336
9.393018881829413
0.18734743495638415
1.0015096116627005
0.6117456425448954
0.13412649081010958
0.03626027177677591
0.38685421079693105
1.2973644304872356
0.729914457459104
1.138069487040846
1.116983779874989
1.0328610317553966
0.053215792138401885
0.0888940015497933
0.7213364184209005
0.684703871905235
0.7808447108879498
1.1193933065652508
0.18654391170027104
1.1648471062105514
0.5251542939115129
0.23015863045599189
0.2986581962437093
0.26195057765147556
-0.05876225032913852
0.9537968944309476
0.06169158009942849
0.16762575176181344
0.967527605803777
-0.13558730382697282
-0.19336486996906868
0.9971093114171778
0.8264302678864974
0.5804571951356797
-0.036793994049766
0.5812041878110693
0.5875276414751542
0.49804676281342486
0.06504465777331372
-1.4669863124059959
0.4372126006451423
2.226247697408613
0.9044739849775014
-0.4770445143873698
1.5766899424066216
1.2873919335069182
0.4783756215315269
-0.16121854633004462
0.7497866873832352
0.8327307891711396
1.3311263118389935
0.6739911268797536
1.06134142453353
1.5041792734445956
1.1888343735065583
0.5433819708885136
0.4470899648808019
-0.19149481838515256
0.809893393563948
1.2159166614714336
0.2182410915330908
0.3621570089300729
0.5289810972043139
-0.439645539077072
0.5836491670010727
0.9984219064578521
0.944384979991055
0.5246740817371826
-0.9754002965550518
-0.34832980173612516
0.8223543032627674
0.27618982060949404
1.0112173126163295
0.18618113084487442
0.4418401838083461
1.542070917206779
0.37876064065696996
0.797066738989357
-6.061778413116254
0.8841688073065103
0.045966672545137595
0.6842946410886367
0.5848693814692705
0.6325343749144171
0.7530173193462165
0.5762972952206852
1.436899211083152
0.8027474742284152
0.517912146453773
0.5541749935434606
1.1093216100838132
0.851739376814977
0.12809993525058244
0.25712188534894476
0.8857914627670942
0.3286270009285695
0.6951987749829333
0.5162574563438881
0.45854454940524586
0.7960743384426024
0.8044606361900322
0.5418629849692977
0.3327520472733101
0.24190748951079694
0.7295237540241326
1.1145338364423063
1.078918450938809
0.8540785272923502
0.48075649325710734
0.17558054736462764
0.44856149828608216
0.7176463942965567
0.8748357731579249
0.4626789836001481
0.08737789152241716
1.1279187308172454
0.7571297475293844
-1.5554416084195826
-0.028396021785962434
-0.2021739252221033
-0.26883457006754957
2.7339047162579377
-0.34636108789468534
-0.005952650979786797
0.5387092536394855
1.012081323238629
-0.05349170462909667
-0.07803762727193078
-0.12454008120619557
0.743191387942038
0.11372257674153226
-0.010479809070882029
-0.004470739512878241
1.7551714718258489
0.2551671532846742
1.9471231022213833
0.9659423789273334
0.08933240051282901
0.9735328828689805
-0.09434062929653259
0.31184037737265013
2.056795154918268
0.2499051812014362
-0.19555686614865822
0.14968182145524042
0.077759243809576
8.099967454199076
1.2842525043858959
-0.02902115889889787
0.38043771068004384
0.2680867742432071
1.2143837917024736
-0.13665803229218348
-0.25124398373322254
0.07592632270348397
0.5511881738824926
-2.8387169102278964
1.124391913595659
1.2713389623617815
1.7519773323818442
-0.174097134476625
0.5829762806825516
1.3661606964003474
0.24520272928579218
0.5580162822761239
1.5125406794983058
0.8896635860718061
0.6085188459477717
0.26350913136423737
0.613308377527644
0.6430808647306884
0.5533818455041158
0.7699261660132285
1.8836013201318718
-0.3140888727017075
1.0197464140651542
1.282870329255596
-0.1723052155734267
0.3652589546758283
1.1603445998875586
-0.17659968454945235
0.2295286893543146
1.2543426623961287
0.2590725224906329
0.7771694852048746
-0.5525324761657733
-0.20866817903787999
1.157120762597574
0.06408436692513632
0.5083772663516003
0.5476299197568884
1.3655526703210576
1.374328337269266
0.6834985469687814
0.8294831320909812
-4.090517141554586
1.6149131700356627
1.117599641416558
3.3711433844670813
-0.6759400807327445
1.7912167683876412
1.3207365995191178
0.3255888178116667
0.009156529277916992
2.2796451772040767
0.8986227007105017
0.9631540803721645
-0.0031500213282424083
0.1689844588703367
0.49984063926365696
0.7015443594488169
-0.1858610385703216
1.5584927111407854
-0.6794865960599309
0.7474745042796842
0.9081714862530263
-0.5076154268980604
0.5791695460876385
1.0853244851082162
-0.9893100059885924
-0.031789235623589984
1.164870087242703
0.5349592804665261
1.4954033222640908
-0.976181862277355
-0.5370798393988144
0.8889263694976152
-0.037565164062881115
0.979006996708633
0.04276286677874343
1.760758668136901
1.3335972802324614
0.6498086836688035
0.1692076006302484
-4.688784427923335
-0.059819578366869935
0.5862366126330172
0.17121048914765555
0.289145284404637
0.4936917635283824
0.64871594953143
0.7093255702173988
2.071093982474928
0.3870835884961773
0.41213369209676964
0.23677061539734776
0.19145416625598244
0.428068130045955
0.18318609577056674
0.08058009668858977
1.1897525472586357
0.9767408719250436
0.8726374255939715
0.5237308099835628
0.03273912095863331
0.39601501173178966
0.5507555557255602
0.8447751105963719
0.580408198542037
0.22251100156501769
0.4618026896940033
0.7027801079861287
0.04886462965047241
0.5524397173086629
0.8894969090548204
0.07995209803118278
0.36463249628412603
1.175790884650553
0.5683417716767378
0.6884243492961004
0.4880171574818236
0.8203284976311674
0.5709541011352474
-1.1933088410713697
0.05900737223700619
-0.1446857055450666
0.10209868229850955
0.788413677752265
0.2531526530059482
0.4699385546046111
0.35707379715804083
0.8410472368817866
-0.11727805184963903
0.20539473761867688
0.2762969581567612
0.6049256384151436
0.647309809410105
-0.006791787432270852
0.31071185978033133
1.3237737527686082
0.0641103977794363
0.6398496015408981
1.029464019873968
0.10261047553369684
0.7574866842129259
0.17209724101540907
0.08709386305045139
1.1196956906782807
0.5994609015407092
0.24304354602936012
0.27381036729441455
0.43519721093629654
3.649089925437005
1.0612820727423051
0.22485501228618937
1.0991033356509536
0.06329490933707503
0.8506907233479698
-0.16819041010446786
0.07591821251822603
0.2597798288624031
0.37080242793161705
-0.6578827277277864
-0.08986861249460129
0.35289937092716495
0.025280590727912916
0.620399136004743
0.020005972705863018
0.13320363226405946
0.3573284564292905
2.340485320603397
-0.08250882761078257
0.03777643639822194
0.7948260761453475
0.7533027273724284
0.16742024244971312
0.05425038978479846
0.22046384228035631
0.6581015998654198
0.4830184560650469
0.44907371458492523
0.5844366321108981
-0.12830960464339058
1.0050462921302887
0.1869849541012914
0.18639324612768954
1.137514228299494
0.49884073297868337
0.2335804015633529
0.1598465672742247
0.24021552609544972
1.4758503221437476
0.5582694702306267
0.27936404587929536
1.0658150275902094
0.46584049498804353
0.4554082352829255
0.30752660350237615
0.12807932027461355
1.0212195001863358
1.1084165499256355
-0.5183219411735909
1.176681332670578
1.3884591560000645
1.2074312576991282
0.16510210531516378
0.47340763218817977
0.2569800395085465
0.6006878997137343
0.7624512700790325
0.9883978316635429
0.23604339150947123
0.8381670618251508
0.47268831487309587
0.708231066916423
0.2557382794673789
0.891016006776164
0.09712519910732977
1.1478529344200723
0.14089981949907449
1.369059261016121
0.6316183704851006
-0.004262497390082019
1.1772858528935568
0.5480073114368479
0.019103701558238782
0.7284273449161929
0.17709600222464214
1.087346084642775
0.9774557973055169
-0.2604798675693642
-0.036508945185077746
0.3533915119032734
0.22716465336285366
0.952870677812821
0.42924369204828805
0.2274000791795636
1.108054627595063
1.0262444274984133
0.43329844713774185
-2.9188270394528724
0.8744291908142903
0.5387269285588171
0.9225430522561232
0.5023868622086308
0.21504205359096704
0.21898789236332683
0.3306528242548783
0.5322634845652946
0.7938038649356541
1.0084259240317088
0.560327605484299
0.32508574783140975
0.5357795212139819
0.720259497449597
0.9970338450876551
0.2795991853126065
0.4591015417209188
0.10264756413567745
0.6209915364416978
0.5214532742219812
0.010635014861803807
0.5617966181004741
0.16671223536124846
0.26069388115090547
0.5237632597737161
0.6954152208885174
0.9026204269461408
0.7654592524612215
0.19683818734648412
0.08196398246515026
0.8510938484258244
0.17486791114244837
0.9381297935273654
0.5746531055134708
0.7918234192163548
0.9860542126038991
0.9084157623333258
0.17734982729176557
-1.4889724474256405
0.0886174490733818
-0.17397977756105923
-0.14090339181362593
0.963478974456385
0.020885029583996722
-0.18498013890714643
0.008746938180058714
4.911021762664275
0.17575423593830944
-0.22480176491746826
0.562397633042793
0.21345781690136198
0.5358331204598735
-0.11915691802402853
0.08168808969759243
1.1641634513202512
0.05130120084848169
1.3411051334287467
0.99318923693935
0.24578176868723303
1.2087857324658475
0.2866549503669955
0.5148795836051859
0.9761324819950664
0.3505542141250842
-0.1181605474537163
0.5271752920366085
0.008341678206430309
3.2590526264136614
1.108807738547869
0.40695354350471574
0.3399423619824231
0.32884456088245917
1.3998989168626665
0.14308094512205513
-0.03481132804870285
0.566356563342331
1.482253391296039
-3.8598172140740923
0.3920460890086306
1.5724444524071746
0.32456673911525785
-0.3256609293905066
0.2668864362766782
0.6974677950812578
1.0536123117132528
0.1974925369471557
1.2830412815075936
0.6535854967206784
1.1342744573423595
0.770325400972733
0.16702830187521567
0.618794608126016
0.39148849071695324
0.33515111194690417
0.7841786923099939
-0.20383398657809945
1.6510131774258006
1.1971258392849797
0.2842693909505873
0.6212457925511038
1.0571340933394144
-0.44902556202054444
1.0946652451042111
0.4049103869885337
1.1927789527596206
0.42977970380806624
-1.3578315317230034
0.03533294732114477
1.8498408877649049
0.7888801336326767
1.018979550073901
0.4915835575442959
1.7783035573947148
0.5501779652053389
0.8837265736292138
0.3880461339899679
-5.600867895647352
0.02044517605921208
-0.02560196429517477
-0.1984003416167643
2.0442153667940985
-0.014393887135905212
-0.2551714057784576
0.04422327832325193
1.1141358733454731
0.09034359925653444
-0.0029859385739148935
0.28552235670215104
0.23046349609320868
-0.0530562115041718
-0.03968120633460543
-0.047352289122508696
1.8785244440354123
0.30608891717370185
1.5087563145275569
0.7985002650607174
0.1395767890088489
0.9205393518251127
0.08444148660915468
0.38631248515500016
5.106566269379856
0.3960910554646876
-0.12026272013197481
0.6672772430297957
-0.0030629884161010993
2.6733743553407066
1.0606414750166064
0.19144725887968234
0.5375558189246717
0.06902707389914124
0.4671170214887961
-0.15689721374268442
0.053403587436013866
0.7651670300602524
0.4867015303084221
-1.2824668020266672
0.2301402651857738
0.7663930775729577
0.3309075620498947
0.2404124547437455
3.6619670908524804e-05
0.41565907806596913
0.7346488227441843
0.4846376397804255
0.31602271227184653
0.41365588604140685
0.5376715460842326
1.089723507112984
0.5371689437388724
0.8851638077259181
0.8760885339830458
0.9579790741492117
0.9065881872716692
0.9863876081574215
0.9547988798419681
0.003480154965192054
1.1923650340472436
0.5275008403261243
0.33317364360657187
0.49633823705914504
1.1821407676552727
0.7878842553820442
1.2999066279831133
1.067518773414836
1.1482558984973115
0.529175115883479
0.17817811901540703
1.122610401282959
1.2501506750754026
0.13207391306549834
0.4450043556408811
0.7716099379376016
0.30229112974330774
0.3138694056612939
-2.9931292220974974
0.6022673098636919
0.25162365551505417
0.1708550243538922
0.09180313135483062
0.7039184870171917
0.5295836459409524
0.5276949287905873
0.4764149127207685
0.48847880013219513
0.6693040539145212
0.9948364280397205
0.4689432170593197
0.8102080938476132
0.06633413486041997
0.0803872939388113
0.8823887365337925
0.7167350764781455
0.03636933146229887
0.6358947077584434
0.05612557716064152
0.1635953177135159
0.366387620323046
0.6271259403173245
0.1301582062090891
0.8049881701668764
0.35187757424441907
0.3038457792231612
0.14690928923134633
0.2940788070061276
0.1532573485528455
0.30498029396112475
0.6010061704173887
0.5544091905854414
1.0160369702818302
0.16745978194955446
0.15711126989926313
0.567970409358732
0.45649201511612836
-1.4667054607123722
0.0126871688254682
-0.057079683128137756
-0.12830588976480722
2.3146297126314925
-0.2622190315116619
0.09056377456023422
0.17617695174688838
1.6111670624484185
0.11006994257816481
-0.1706534064076895
0.3286708536574671
0.5304820943867363
0.30152404662665244
-0.014196203351280388
-0.17195668513053014
0.969766096936661
0.38455601578637016
1.5561735352158161
0.1994073847080264
0.11697789498595508
1.1445681842293365
0.17088114842264154
-0.16414381728404498
3.6929468290092333
0.9553360369088714
0.04106879816988614
0.1567155838641213
-0.1421821852042269
2.337087207057636
1.312252347552148
0.017159626948901233
0.2557516298451055
-0.020108471821493334
0.4619591630296024
-0.21061510881307027
-0.1999859498332126
0.47126190721610295
0.8742590174794125
-1.2691019710908114
0.7428795011774738
0.5242044517482527
0.5834857907016868
-0.10649576540612929
0.33427424083106716
0.5023126940069167
1.3539438302076507
0.15539064345061568
0.9170077904458027
0.7180625180030188
0.5360116308025621
0.8629759005511638
0.6390125961868645
0.5838565871148982
0.24653031319313123
0.6294952834019031
1.0897025832246616
0.30319311497233314
0.8857607436501561
0.8243143325439707
0.6234466723882148
0.8022755708342998
0.2339297218420546
-0.07095763406741686
0.08055151964268886
0.7276042739389394
0.29308498773744174
0.9201946135409604
-0.11691671237921712
0.09512182925786894
1.0984121135197094
0.8141907859459871
0.3773481717979178
0.6811486412245278
0.748639621605177
1.0004208735242734
1.5146774685203281
0.21997324545676386
-2.9563386655316175
0.49609476573030403
0.541797292777503
0.36999843597654175
0.3604336198641651
0.3255042196136315
0.6399941320063558
0.313407596409969
0.7713976830223638
0.46145700612553575
0.7840329065186609
0.16284371038518405
0.7333129219591922
0.012200999688375446
0.8770832476140208
0.060071738027574366
0.9987596822629465
1.022202675718957
0.8767130829741944
0.253426695230357
0.28242728987614596
0.7255346569799563
0.7261297380814903
0.6012242564951544
0.6250316585407835
1.1142316912269634
0.48847614631022224
1.0497837970409183
0.9305621188144965
0.5585380967026157
0.4654817978452408
0.29661940228118905
0.7898789782739294
0.40676550372530335
0.5049752778998059
0.2035766509020376
0.2624053152450008
1.547855560027832
0.9588683386899415
-0.7728938737372554
-0.6440636578708373
-0.509440122303477
-0.7547700497559247
8.689017830539983
-0.6845428247125105
-0.45914860668773594
-0.2538762070680093
1.3426407486755731
-0.5946469677404671
-0.563099872212758
-0.3821714788660992
0.20792264239692487
-0.21838481029909113
-0.624427767483634
-0.6429498314913978
1.0665848349156115
-0.5362759277484273
1.0308146028757048
-0.23975574278403006
-0.45493256568543317
0.4741533560680401
-0.42289862571557996
-0.44910981585984705
8.536256831035292
0.19525206363191566
-0.6053411758871281
-0.20781283865656902
-0.4365759590303221
1.4685578789030347
1.4369579611942622
-0.4731592126600512
0.33623124122858583
-0.3280142037466189
0.15177991458294926
-0.5604842749479393
-0.5905799600246582
0.08524583821513715
0.31807737450857165
1.6345476177305243
0.3996027800651291
0.5014231358175589
-0.024925377189087678
0.6555435913456502
0.3908703250475305
0.03919377518534828
0.6000706521632253
0.5012675332898148
-0.10346860357295956
0.45014549461006437
0.03602618805335853
0.448597329893237
0.20779010390807715
0.252950391254635
0.1881854204940236
1.7935755963131916
0.5429711248837563
1.4539467162989954
0.6166980923464626
0.29694734661294636
0.8607823262252519
-0.043121223307813775
0.08240286395253368
0.9416982451831827
1.0417320453726115
0.11034586811031652
1.1162340316542936
0.5105278865663516
2.804638278298248
1.2611958285997196
0.683158950975152
1.329818909617725
0.3622907448835456
0.3152299626870563
0.15871220291610583
0.1002200410837544
1.3001242182426795
1.0516280621709793
-1.3850570588641755
0.1728743979364978
0.9637889682507498
-0.022314207537718993
0.06257815970360779
0.11103385502874047
0.7816208357848956
0.6132817213527432
1.3144066851871947
0.6411336328867405
0.7278965027464607
0.650704911928941
0.7860257992380738
0.46549697064593326
0.3903436003332279
0.33863731726979324
0.26543749855816245
0.7920261403995721
0.40362496078313953
0.4766850353043958
0.8141661854948589
0.47874966558534765
0.11843993730607552
0.1585602108431233
0.07611715529088416
0.9407014485311335
0.6710880588901653
1.2774096038972178
0.6060296682847077
0.8783080435347959
0.22018889278863557
1.0947987555675414
0.5028597437441108
0.27911245763564774
0.09624098996135688
0.7741782543708777
0.29200852738656
1.005683062173476
1.1238045872607705
-0.7894418340482074
-0.03142262697487863
-0.03606295771309778
0.01430227502657451
0.458212537645876
0.4212534867489629
0.16052620197730955
0.06534157796773155
1.610248372107912
0.5518163867634807
-0.04411288981166446
0.19797962141184688
0.09817929179900699
0.88858027712125
0.5707210173716095
-0.02871426978949442
0.7108339573518301
0.3307750586959664
1.3824598863150823
1.1067383407721754
0.5992572189416306
0.8324230907826556
0.6585437597916848
0.29468424557799994
0.32403653191990694
1.3288977989989368
0.3524992546055283
0.9095767968721837
0.17277387746829154
1.1575851425065091
0.5178374976331224
0.003771882275157609
0.27025765535308305
0.8656994244477942
1.0598513265208447
0.5722754404067032
0.039457369932494504
0.4421965178639487
1.4236012254760333
-2.287659781287958
0.5896777888235657
2.2342114575343204
0.7252799499632284
-1.1760422037176423
0.48678772003006204
1.1442201814537158
0.8407825719375096
-0.19677422241449583
1.728110960170762
0.7878493901573757
0.8236853423455007
0.11138226202400692
-0.027734608173734764
1.645875618656071
1.3522359424295924
-0.01892034370175323
2.1584578893025235
-0.6778390195692932
0.5589495009663172
1.5317253101410402
-0.49742760282302834
0.4475172568367306
1.032422796781767
-1.0310107843593057
-0.15661303976680133
1.107933645273668
0.24729698344591536
3.4985433298504542
-1.5032858108453007
-0.6080201223774594
0.5214130242992373
-0.18469742952960344
1.22458589257492
-0.11574814516982951
3.293360363088534
1.0116500439234304
0.7444593060434107
0.09537371152623524
-5.938681848730502
-0.2817363430800894
-0.36255380514388147
-0.5784830683146076
1.8854681114375877
-0.48451737270046946
-0.29660164161508545
-0.11178715142240656
6.305235138688174
-0.41501827358234517
-0.2962696764971328
-0.10578794730132807
0.08941299343980426
0.25460176857424316
-0.31545977143339776
-0.2772377399974288
1.0868430253794437
-0.011025725304781082
2.227102973485785
0.7176950341945213
-0.0684749064989968
1.940025680398197
-0.20303537509866412
-0.16783960659689393
6.284854705761663
1.0447758230715383
-0.22691676439968428
0.16083711389390254
-0.12606125845740568
2.7754026756809225
2.375368835833761
-0.12846305404356198
1.230234464369135
0.014699997083194392
0.6547208718311722
-0.2940375348107942
-0.4120364696461387
0.6190066520917668
0.6982150989354304
-4.428505263269376
-0.14326666100014568
-0.10943260719113826
-0.3505758764801123
2.571868959754948
0.058015476755151604
0.16123263434654297
0.5760085690851319
2.9100157623454788
-0.19304354059859022
-0.19616852539985014
0.5790988069988177
0.798025930514943
0.4079893261547812
-0.011324941980427211
-0.10404500622230418
1.481796801945078
0.13522114164547958
1.1995657638912411
0.2547184548436546
0.25576909914186186
1.0963404335310087
0.19929235428453282
0.20468413750143832
4.017997538072166
0.17558562322221485
-0.0349673866406687
0.399387894317118
-0.23308713873654188
2.203923442683943
1.6404325446093044
0.1860836367511792
1.8526697278648345
0.4991143239616192
1.2606656296152707
0.06793606597828192
0.023717118646842845
0.17799310310039276
0.5875322787937136
-3.2810741906601915
0.24718723803085468
1.6629667183201613
0.4201196817049401
-0.3609509212707646
0.5359782031720169
1.1039124454299205
0.2907523711319014
0.31221143842658305
0.4373913618942701
1.4596064594363751
0.5084697797588849
0.5852105455403154
1.0153221618470707
0.4818156739576228
0.3952613850743469
0.7241066694807006
1.5064977633072776
-0.07108899079252463
0.7917060143126219
1.0514736888962692
0.4546369579859334
0.7392001835368223
0.9314755658744307
-0.25704845345086713
0.23957528408000808
1.0917640522775174
1.162551494332287
0.4403784067175379
-0.6681095208506076
-0.22213926954699947
1.5465205353651217
0.766097306777351
0.6044570565683726
0.21008050206828993
0.35962861604468543
0.6184198350691886
0.3567194237986694
0.29313879367145684
-3.891620115802315
0.2089201084613439
0.08525300362372079
5.6363152195360294e-05
1.2898237560267243
-0.06310997915393646
0.287616023940921
-0.044569869962023986
1.0803181270365434
0.16255460336272995
-0.09363175639669051
0.3893151222345261
0.7309236233359595
0.4274876122070903
0.25424649861018034
-0.1053294979897574
1.719674874381633
0.046630528611445975
2.006127071907522
0.4748955615468215
-0.17429868226777007
0.6353079718402249
0.43516621127155974
-0.022201534717059532
1.6647890130803384
0.5792171526936193
0.1951929235072104
0.963122179323512
0.39266447445911407
4.667033636965079
1.5464072469540644
-0.10662544580405746
0.48220557095387173
0.24269350027895217
1.1487114000013066
0.2031896483301739
0.06442365268089102
0.6831735078035874
1.0334826339591114
-0.7414596893588288
0.24083277690974272
0.656748953526505
0.24963150353256505
0.26890634285861525
-0.09025836882526712
0.4982473393874222
0.4717139970068732
0.9080956410798879
0.14132503609985608
0.14650186625062936
0.8816271088749517
0.7132275924783829
0.7790330137932934
0.5647455403137822
0.16459672573025833
1.6677679113311081
0.4244515961416449
0.9949342103032913
0.9966907567007096
0.5346239776939232
0.12151377270151136
-0.011098739909602983
0.2755462158481162
0.5656611822147928
0.3288587657025569
0.16044634134144062
0.6837189738019581
0.4074191045189094
1.2404759151553735
0.4278446926161561
0.3522005839866633
0.9121803059858825
0.7258546909390559
0.6573966560383615
0.2764601807352753
0.15303981269340258
0.5959039577088527
0.706755848346928
-1.5159548666374625
-0.06007453021473088
0.25915721847211687
-0.06497461278495242
1.3600098787742796
0.081780745269508
0.3754157426219428
0.3409426858693788
1.619781291170726
0.23861289926215157
0.15145430638904134
0.6680080769063954
0.40039098779865395
0.5649600617170104
0.11100332943007425
0.11413365784926419
1.3941069373532304
0.12229452613200778
1.056413396836762
0.5050676965143027
0.27292070495785886
0.9480882976010941
0.0633342867841132
-0.0564178879273442
2.0768113090611795
0.6029718194029676
0.12751628823533454
0.9931480233107801
0.2936330104212393
2.8179439138081714
2.423353463938728
-0.06147867707819296
0.39373324908114155
0.24798524488126067
0.14997097432591616
-0.09607488390178123
0.18968505303368793
0.8457737267872366
1.6971419051171541
-0.3374209264218502
1.223944905435954
1.6918598131268539
0.8354929706246587
-0.5565890281356699
1.1827033215291247
0.7795007836982988
0.35718774562341754
0.09829443506366392
0.701854859810854
1.7101776948817085
1.1396674037434034
0.18972506488887436
0.9223507447881976
0.8758656238573436
0.34570127419941643
0.7565473157400628
1.3850258435615308
-0.20601421683063506
0.9278339521894614
1.2291737215860352
-0.08196188893340242
1.3280884486591826
0.4227830217763893
-0.6175027494688966
0.060873374318589975
0.917326737690312
1.0533047713666008
0.623566700734475
-0.6775580525631075
0.0036684724202118296
1.1304802199930166
0.5966244814937602
0.6769940159820884
0.38032621358783447
1.652367424023485
0.36216746354389967
1.5108384701030861
0.005247726573945566
-4.5726958577638595
1.501078882364187
2.527739708891005
5.6386208537672236
-0.6199842995468896
1.3656436771352323
1.0229789839013408
1.0031140904650844
-0.42723010698119446
1.9227153916625541
2.535716341403444
0.727152957448506
0.19626034535439268
0.37087333340564105
2.2228530226161154
0.7831220880897093
-0.07415151879211443
2.4484389541139056
-0.5709299856682967
0.08635768400772002
1.3384888773702774
-0.2499275395966654
1.6065555638093545
0.8467129297308083
-0.7778572467909138
-0.034070434083474016
1.34614288080019
0.46857317397495923
1.7022885064568858
-1.3516459470450617
-0.7387066546828871
0.7539864411608705
0.12300600594522651
0.09635317997160722
0.0315843170880854
1.0687701256088065
0.8044663758300099
0.5375167299307373
0.18979959596841112
-7.638133477298854
0.7354227865738183
0.2669280385130551
0.16916857795331242
0.20765670200288028
0.6295785668789516
0.36552516142028557
0.8907610197705708
1.61321907090273
0.8525065928904989
0.6203393532543219
0.21579938345221977
0.6086442785239766
1.0105813638052992
0.8826308208235253
0.18220383693731407
0.43428677730547166
0.4827542037447488
0.06674991680957658
0.5130567330783411
0.19643101310720207
0.07190188075873263
0.6840827203260603
0.16430878122677564
0.35036249479637344
1.0126366539258036
0.285393703419682
0.8230713757902557
0.8248244168342097
0.740907383929839
0.022213120303644626
0.41638878598187473
1.2381833088478613
1.0496160228879354
0.5239855033854339
0.8602764192712099
-0.013271453686146864
1.3122394123382308
0.6355716542019674
-2.94200133881073
-0.03851124675136176
-0.09738988111973707
0.040689070620963705
0.8794393093026391
0.30457183075795863
0.13103354470409614
0.8397833648667723
2.9232049472650656
0.07033057061900122
0.2002746831525552
0.13684627676053418
0.1909738049050716
0.30522068799868335
0.3813059488942961
0.13607730117613773
2.5549715316720967
0.286523825491388
1.2724026110793722
1.1216116232392883
-0.062702535287327
1.4080299348691805
0.5203283364102019
-0.06584888754334554
1.4578012936713827
0.4543644588553862
0.2584040671246919
0.27353917360398095
0.41063573370651074
2.094797588961575
0.5319091500444371
0.1355002934538826
0.9951877160545787
0.43698368059187453
0.23818214700300813
0.2959450477453202
0.32581071552122687
0.3996923968846365
1.612987433221592
-3.0083130337896944
