Architecture: k-jumps
Number of States: 32
Parameters:
8.79680886388148
-10.96612766487031
9.673000327082326
-11.827435736385596
8.899287535158646
-11.079254988130776
8.910331498498184
-12.447133760400133
5.726791755753376
-15.0
-0.2008070378545507
-15.0
-0.19562898055477806
-15.0
-0.23383176484066928
-3.735458392706105
-14.9370057977885
-0.21956462019726072
-8.002072703170892
-11.346812985771328
-1.2531319880532614
-0.6546001001273334
-12.99191930848496
-1.027948303167761
-9.388226197292061
-11.710664444842259
-1.0271475368901617
-15.0
-11.457725880717213
-9.264373887088228
-10.302876462565115
-1.0367884423713782
-9.166944400728573
-2.9602716728427914
12.74382414307039
-4.5399703644893155
-2.1329277842773813
7.192387511869622
-1.6509201706219627
6.29406458836577
-1.6368376460656393
-0.8517662894469621
3.3345908639047144
0.2043876190984174
-0.15538841053756902
0.39987288188337183
1.4656755777054828
0.34376846755782414
0.6846367300160773
1.407366852550484
0.4134533262943847
0.4137407508186023
0.14612776567546315
0.6736276637418717
0.3592473715975882
0.031508863406219625
0.3228727790976716
0.950890308742658
0.09393835235570376
0.06106301772653646
0.6062079850591907
0.6913172042812493
0.8190706734803292
0.7119263621206505
0.7087865037739004
0.2300423905472754
0.9011756561991316
0.9176440825964246
0.8319500830421659
0.36025760178342997
0.4039946048279878
0.09066851503565661
0.058853502861197775
0.10393303398663482
0.17703145058240677
0.24175466193564202
0.9463538474409466
0.5058283357203426
0.43997688815569824
0.5293364055261647
0.4485783822174447
0.24655187300224815
0.18428398471231183
0.9453191630056491
0.5078471576446771
0.27015081009284075
