Architecture: k-jumps
Number of States: 20
Parameters:
1.23281107322361
-1.455108284034294
1.2379147353470386
-1.382563495039448
1.2389342620121964
-1.3055058432010407
1.2589596057033208
-1.2131082789391017
1.2115710744504256
-1.172159581946665
1.2859369007162496
-0.954883909107446
1.1367954192456642
-1.156062795595196
1.2031954681289903
-0.6328483216229515
-7.010985994478834
1.2441670899793886
-1.0818182601231427
-12.580296198513745
1.1750195848360991
-0.4275794361958183
-8.317235320146562
1.0345361622284364
0.030179088988443636
-12.750879983467641
1.1936910662143252
-9.953095214159227
-11.942061228085638
1.1437375937995795
-12.173540471488064
-11.129909006415668
-0.521973084373457
5.994733688186208
-5.820762161607281
-0.7244404701246322
4.179125572026774
-1.9172237795239009
0.46665210402570395
1.5057299858515083
-0.5102708124468461
0.09650250706817588
1.1528426054546552
0.03480918207588801
0.09244257785057987
0.7189544525016394
0.52602200617665
0.058509955379022774
0.42111556823593027
0.853648028795011
