Architecture: full
Number of States: 10
Parameters:
2.438021686019479
2.9704069102604755
2.322486844885326
-6.341497405443566
-15.0
3.1403838199803693
-1.189787037967676
15.0
-15.0
3.639347234052917
7.0482468287456115
2.016158059673525
4.106313885960154
3.6438684841654494
15.0
-0.6961677408663015
-2.3191113236770504
-13.200292509852748
-8.253248266204452
15.0
0.4031458637776375
-9.858526385950748
-9.848402297421243
-9.273493061288022
-6.993089225319099
-9.828842070020213
10.548764228051986
-6.016252423593964
7.521392572034954
7.083839720580147
-0.9759939003640169
-5.468588448350924
11.24805741974397
-3.6171868649937267
-8.627783711937832
-8.651809144561119
13.603569388618068
4.754537555203422
9.219394327179543
9.387693991108543
7.790459491681987
0.5256299028111463
8.468209923701236
3.181172724771336
-10.862703555790903
-0.11131161933947174
-3.1693766327421873
-6.297998770800007
-2.7567256813879952
8.456572605343391
-6.448710238408197
13.318587984654943
1.7216207451906198
-8.417096945720875
1.260471116831792
4.809165129465723
13.85032346374832
-5.492052504030419
0.580391705331645
10.716598422751606
-3.3686209896152977
-0.07546180519878615
-6.892134461784252
0.9171511830802491
-8.248751205957618
-8.119387174243078
10.095818447295798
6.1290625558434115
-8.247678434719349
14.537112923679208
-2.052554446383638
-8.703776025803936
-8.452194931901609
-8.017593837460351
-11.282912662636514
0.0013713745579453395
1.996070601392246
-13.375752516361276
8.181069043101962
12.634303985604165
-15.0
