Architecture: chain
Number of States: 50
Parameters:
0.5213408115441595
0.32799585778840146
0.7278152698053315
0.38251013963845704
0.7834222178344857
0.7683575966772451
0.05767497718011083
0.994836616907266
0.559144976472729
0.8553068078719553
0.8756706798465004
0.18097908300961596
0.6069230817523285
0.8731523409223452
0.4117188590970138
0.04173729352167577
0.6976980705842897
0.7977319386424103
0.8033348674410211
0.45463937628856343
0.22948780657069923
0.14647993960826178
0.3456306045798595
0.002846014087552473
0.28569000879756645
0.5194563581525149
0.43374596691730316
0.19054951152757815
0.6944393671361225
0.8009396456846866
0.8235800224781843
0.5893270147219126
0.23899351114611078
0.6180502201718064
0.6466231540427311
0.08980673507101955
0.39955244710278515
0.09012474161426964
0.9596786829869173
0.3164369337740688
0.9226295219561754
0.40937565891356864
0.6074971749639021
0.24031278477853457
0.11333166589430221
0.932044020791849
0.898830092907065
0.13200085384954785
0.5267171582835021
