Architecture: k-jumps
Number of States: 50
Parameters:
0.8161163310346001
-1.76150979874365
0.8088429700888404
-1.6909072502235984
0.7978702671938166
-1.5741536045543802
0.8120449124424853
-1.7381736360361333
-10.455425562042237
0.7214740872675636
-0.9842944559962918
-11.659279216153877
1.0343759347917587
-7.798422856745242
-10.138613252418853
0.811247812266572
-0.6213733652896402
-10.230660141113807
0.912462634857372
-0.7682782157246536
-10.660333576039374
8.22078696295888
-7.759032554989857
-3.8471315954521645
0.9076710078077707
0.03523638742131042
-8.371471678264419
0.8986772119254687
-6.3854629371893425
-10.075342405422957
0.9034901690904122
-5.549062164842097
-8.263610740772066
-1.9282957575606312
7.495529218548107
-3.3873151583914995
-0.7873167755018835
2.398860020522923
-0.18115041556539924
0.3957821426732672
1.023146247131131
0.07421200511009879
0.49549892466735057
0.4774889697185488
0.1467213349212397
0.19102860993705764
0.11658636903828398
0.4049395881002206
0.844790785147245
0.47898955422077316
0.5782863857067544
0.9837113255685367
0.41224202953386585
0.9651723380899446
0.846709018346655
0.06087900170853016
0.08077052029940775
0.5996523331412695
0.4700375486087961
0.9284938942961843
0.37498503533834826
0.9810396692160681
0.31903338860331576
0.5562179073321094
0.09822456810887092
0.5917580735328842
0.9758339402191738
0.2477487270241927
0.5953029143541615
0.9530855666200085
0.9265376163083153
0.6126699320315275
0.10747987030610373
0.15246060161434394
0.7947174834937717
0.8881578505331413
0.7719855507459071
0.21254564610389393
0.27379532794608663
0.9406586776366396
0.9858437217303871
0.3315297361587959
0.3728963796795176
0.43495784943767724
0.19280227736079525
0.13560007383353734
0.7261136556007403
0.017154013652239453
0.8042243472254417
0.45832024412931793
0.9702984633566331
0.4868143817247653
0.29013698399849397
0.6775575748456943
0.7793700912932479
0.3947402656201705
0.35717439202273504
0.7755126987387776
0.62678711142972
0.5830466262967702
0.09701102586432386
0.3577213385838246
0.7968934839041607
0.6120377421056317
0.24252233800768075
0.8301794982415867
0.6506143787794381
0.9204712645291233
0.03946956008844127
0.16897969588500317
0.5896437350454354
0.26452800427628964
0.13743589264335354
0.28616612031143274
0.4625401558192427
0.7698275218861971
0.3349154100659345
0.5074576484863661
0.17533522399217594
0.9547719578883127
0.7890625416876771
0.4050539965763045
0.7297053338856629
0.18277618657585182
0.18846452713435657
0.009061744759992774
0.15034163937478695
0.38635445491624076
0.7367173204471567
0.06138656271287968
0.8867356065352652
0.4745892532227528
0.4111807669429848
0.9603847981931998
0.4617525804329663
0.005483905194148653
0.0002953268916583429
0.45791064713981977
0.7994455749248278
0.9353112293965062
0.9602801520924378
0.251128598436526
0.28206006688281027
0.8360374870977995
