Architecture: escape_chain
Number of States: 26
Parameters:
-3.40921967971141
-2.433493292045421
-2.8679972559877482
-3.0518164489194493
-2.804032503528058
-2.888381245421728
-2.6839408493197574
-2.219776089967924
-2.4105968965816627
-1.8104556593581185
-2.0219212861215072
-2.4981987187107166
-2.013435363975645
-1.774666344002625
-1.7368661783796144
-1.3390448952602074
-1.5031732909073048
-0.9258538263407763
-0.06300433681934631
8.584572031126317
0.530604494984361
0.47583409649195185
0.8120754536834764
0.010052343470952518
0.49233172934504543
