Architecture: escape_chain
Number of States: 58
Parameters:
-14.127846317077893
-14.417139792348895
-13.975111867975171
-13.93507268094474
-14.483029523771435
-13.935938924983585
-6.20867863045638
-6.198016755754653
-4.698640554580844
-4.3966602363861815
-4.093859128233126
-3.3662698710260504
-2.99897274137828
-2.5320882002812777
-2.417246092766753
-2.3240100864065893
-2.4159958020111847
-2.4693410760824914
-2.9425799044635172
-3.0445343378846608
-4.050380943394076
-4.032467213872016
-4.840925340162394
-4.8323244491473645
-13.079656918550302
-6.179359824118599
-13.149421549357996
-6.119198255800013
-6.173859385884107
-4.8180400994805925
-4.395633780327766
-5.062564356670011
-3.667952975474958
-2.924512536247732
-3.1711679568974636
-2.6617392293308977
-2.5515867749840244
-2.174255314214543
-1.9665935952373501
-1.8738183197058795
-1.5095946473957589
-1.0481993111223218
-1.3383036498567444
-1.5135685688632419
-1.264638265068888
-1.5157999580427928
-1.0999320402051749
-0.5939346429265311
-0.8895654646756502
-0.17989776013744252
-0.32789571229217884
0.3205521389080764
0.6247239872959596
5.4395035963926865
0.25271551618425914
0.19395169724849537
0.8614037074163692
