Architecture: k-jumps
Number of States: 22
Parameters:
0.8044127261063433
0.9602921223573285
0.1694633641307336
0.9179666444515178
0.8702084059167379
0.7140604921150365
0.9718534562636135
0.26294008598828167
0.47321637534536065
0.7692161249609525
0.9650915169047054
0.10372792464525127
0.9199316432653395
0.8668107862448581
0.6898813756831653
0.8372744101461556
0.15353511502574824
0.06489319526351733
0.5784076498412771
0.26698833213346795
0.6028033587617685
0.24057410058164963
0.5102571807109334
0.5565126920820307
0.15758779046104143
0.33812778886943284
0.245092973818129
0.2822625056313274
0.27811714726395953
0.21955556658610065
0.11353644976896926
0.8378895331110217
0.8631551619526374
0.048231533466046694
0.2487096086454218
0.5109717372077299
0.8972439778214774
0.9295606391337506
0.2683524322360811
0.9015877971933075
0.8178187548203715
0.10948792257812812
0.6106432935898453
0.42341080338382164
0.5774697466634116
0.27482257574813895
0.6039451226523055
0.007866398013876341
0.14791636131211194
0.04966322291260594
0.15419251902251307
0.43368712322102243
0.7998888550523827
0.10833857808666814
0.17017482447280785
0.8072419204693517
