Architecture: escape_chain
Number of States: 34
Parameters:
0.7142959715255809
0.37958346001253784
0.9157972177105134
0.9589139425765276
0.814665696384263
0.6479345086819063
0.9317962006691705
0.03966625993746653
0.4555834746139008
0.6723363924058304
0.900761228800469
0.10969452182592587
0.06180677487103858
0.9039155482747196
0.8636101173002972
0.3892855157520485
0.7080603792920568
0.9334255809578005
0.5257734046457877
0.9910908172644578
0.34128942072487845
0.4528273925995402
0.3520853481118421
0.000996943082389401
0.17105555204231082
0.8586827087381386
0.7645437587284085
0.8615480215433896
0.9317847479290475
0.5845318879094501
0.47381127731010475
0.563519165742451
0.6889168652423467
