Architecture: k-jumps
Number of States: 42
Parameters:
8.450786500768244
-10.555093322460632
8.246175192947966
-9.510890382189778
8.47310116716833
-9.377298281111193
8.468633687243283
-9.060878978075245
8.940477137465942
-9.436572325048294
11.7665171656623
-13.489380363273362
-10.920488331755859
7.302660202268728
1.0769733867777909
-8.623652874640122
0.052272230746654366
-5.404365945564389
-10.480220052590377
0.061896841888401964
-3.4058101555436258
-14.23941278312223
-0.12404907069073473
-14.697159241204936
-14.999981481296878
-0.29607965554724575
-1.9693681771547347
-13.33116435169875
-0.824059044897093
-0.8219380502025908
-11.584375189103067
-11.272032714081739
-11.41186908922279
-1.6244226434716151
-1.4197347698991656
-3.799120640993858
9.604095998540084
-4.558735703507931
9.872881917524458
-1.8981238492113721
-1.7573773278105622
2.087188514185822
1.7800254913791482
0.2937328899116425
0.6360794671481838
1.544155140210067
0.8228112499577409
0.24270987329304883
1.055485342813679
0.6073281473813277
0.21621459816641792
0.7775976641116252
0.4269840866791852
0.7827678588627469
0.36150148526916787
0.24627739613713223
0.512283142668254
0.10307461900411614
0.9977248260160936
0.929539570317485
0.9637002408981017
0.7978197822545834
0.09443194462110274
0.48723926386064015
0.0952120638707765
0.5969839742204636
0.18035211940248294
0.24688137159401224
0.9428217024832842
0.7411671422488917
0.8021505152063179
0.1791673357717128
0.8744834498869484
0.02665673113474225
0.6928614816262133
0.030193387385526908
0.07617273977036708
0.10331723512453216
0.028235471494962427
0.8065582912448304
0.6783561032571019
0.8245549072271258
0.5641660620101763
0.21140460962301175
0.2502490728471305
0.910091123746192
0.7630477665305339
0.7652288110569038
0.026511992751953595
0.15848665681977592
0.12944672046615646
0.6062716625804478
0.6865278726822162
0.06845855718683902
0.11574140609670602
0.6652529867820329
0.006159948486932798
0.9099136678368769
0.6911090772285281
0.9522214593481604
0.011073503341004653
0.7837500149163952
0.70325854244324
0.8340718907646142
0.05273037054222818
0.1494930191348559
0.3582936552258321
0.7929305491691834
0.9146896825638678
0.8760564793408061
0.32621604039580165
0.5169082184025263
0.5838837384357602
0.10338449932422744
0.5582015795180889
0.35583584014203395
0.6106201284692314
0.08679410976677226
