Architecture: chain
Number of States: 40
Parameters:
-2.2422554983636815
-2.4391385860553716
-2.232146448023323
-2.2222150289207834
-2.426027655288554
-2.2651223240391327
-2.4162077884609086
-2.222545919167236
-2.417597943706707
-2.248057899126898
-2.2363716839289727
-2.2398963720295235
-2.231441517583803
-2.3259188738795005
-2.3692444030090187
-2.44043525646607
-2.253052439810177
-2.421168867004599
-2.2408023291356653
-2.222548130534073
-2.4546333217027105
-2.2473987795815917
-2.2706495123445176
-2.237849565236667
-2.223541964156198
-2.2902022808072267
-2.2253255617656507
-2.2255347858693364
-2.2887371691583343
-2.4310774322463344
-2.376826844619707
-2.2931966569500872
-2.233745621059326
-2.2281222751396683
-2.2297729007082463
-2.2394471671951464
-2.384830778516237
-2.22216888211209
-2.239926800524038
