Architecture: escape_chain
Number of States: 24
Parameters:
-13.590252613487953
-13.545218617794202
-13.579500830872087
-13.608055630094329
-13.606746518593948
-13.5701092590294
-13.602776281324104
-5.215171107340464
-4.5038559931078685
-4.276461214772689
-4.262671608390427
-5.182400369361433
-3.632128455191296
-2.950628532580042
-2.7790688779647454
-2.0452869620188894
-1.439126429549339
-1.8827462640036667
-1.4559853703520544
-0.7346471113965773
-0.6772339866922116
0.08697430749116314
-11.629145389774536
