Architecture: k-jumps
Number of States: 16
Parameters:
1.1582517186021575
-1.5123397291314031
1.1433060272868552
-1.4534478604000758
1.12449648850677
-1.383509267173124
1.1507795778337515
-1.2976745481139846
1.1141803365943752
-1.2033605464775934
1.1209509602663559
-1.1965750379267286
1.131963946009286
-0.8868673196107316
1.117091235946545
-0.9733684362463507
-7.067991973200322
1.1844450616481992
-1.0412039208138602
-9.553183412624662
0.9404160169981715
-0.22513902843897238
-9.172582310697173
1.0095383276052048
-0.4039260416637931
-9.081002876724664
5.849447375051865
-2.841323919587708
-4.657327772797918
1.1323525397124075
-6.109178291904907
-8.954765772762988
-2.398405072367519
7.702616755284098
-4.306368635922972
3.208173618007008
-0.528608716762903
0.10483304460268389
