Architecture: escape_chain
Number of States: 38
Parameters:
-15.0
-15.0
-15.0
-15.0
-15.0
-15.0
-5.5213896747981
-15.0
-6.22686609187963
-4.81356004254499
-4.103304811720003
-4.223883777118241
-4.209191797927239
-3.2255192831999664
-2.928372589839207
-2.42359737086529
-2.1554981121032717
-2.275665447103693
-2.103337437017568
-1.5757551658100786
-1.5951899410520738
-1.975266483096054
-1.2669098761006976
-0.9742327058124316
-0.32937096878400235
-0.5389884558200454
-2.392452330659248
-0.6907485921445949
-0.36694780137172067
1.223070357291871
0.7215785140403795
5.677673856438706
0.0855794928563054
0.35417838080614106
0.03257473755785867
0.14698905053741518
0.6838211161730411
