Architecture: k-jumps
Number of States: 40
Parameters:
0.3511005930781994
0.5143802575859178
0.5662790027954036
0.700113508364028
0.20470391726477466
0.8364742167306687
0.6352211821181111
0.7979134602912499
0.1636332906949698
0.712460275734027
0.41714759150712355
0.7212568927157719
0.7636383096234078
0.9454724459040124
0.7329337183171861
0.6638246331640802
0.07520983296242478
0.4979273387142449
0.28645967983479614
0.5979306984672786
0.7002028858144611
0.5045961917646273
0.33218984384400063
0.6664940240024234
0.0005839047922352458
0.12387478158141929
0.2604360366342352
0.5983945558173891
0.7275531128942081
0.9821737726312229
0.9308365461382463
0.8281503005627309
0.597157162471613
0.3908903205613027
0.6641821129654155
0.8899806763270315
0.3340136205304286
0.8087042114869888
0.3366772082032159
0.4235218513104019
0.9737346796090885
0.871614903161103
0.6137209095937549
0.689418868400975
0.5532750866099091
0.23808543353393774
0.6808398070648278
0.4256572588068568
0.22476351483174495
0.7290317022485331
0.26157886469138314
0.22753616347815775
0.31492973519438183
0.045862886641375056
0.7797159203804
0.6064949020213076
0.5636052977121625
0.9740909323456591
0.7487886552297757
0.09036984420639793
0.3212489855417805
0.5826570167949208
0.6319384348632681
0.971367713250538
0.3679098851054513
0.8010501437935597
0.05642309751830932
0.7928250861759731
0.2488538403455528
0.8728283647209542
0.7651699199127663
0.060825952300385566
0.20634502360316853
0.935531389658757
0.8225462889974802
0.8937115567195906
0.6088499462117559
0.7149544662443305
0.17226567493329537
0.23734211959906337
0.8822130234978864
0.8777335381840556
0.3752955690276616
0.8841160521687592
0.07488280492522481
0.01429202621851755
0.724391093823333
0.06353059239782666
0.36410272590139725
0.25224226114023274
0.84415895644487
0.6308279021976333
0.3711829355668047
0.9043510621801001
0.02504362188346887
0.29164211515067984
0.41201760769476803
0.895000292030598
0.5649552398633548
0.19269201280220616
0.5549118760681524
0.43564388806082477
0.36732397931910044
0.9183742225510302
0.748568347207565
0.6238086682033668
0.19776706092229757
0.6548319663633902
0.576974284211836
0.6324134173792267
0.37887971192598036
0.9610307598155731
0.9314507442450163
0.2210503150096086
