Architecture: k-jumps
Number of States: 44
Parameters:
11.233257101935756
-12.519565119050004
8.870532835915634
-10.150568667179188
8.493680747093366
-10.061862634669028
9.695678871904093
-9.9035955437334
6.812405260779762
-15.0
12.85473102344921
-15.0
-2.583194561064477
-0.05302859800541823
-5.329953890099965
-6.2248012024798065
-0.028729819045140267
-7.259426629509906
-7.236534424181888
0.009730776656186739
-3.623642624222598
-11.896910903986466
-0.1345774830196734
-2.28068738016497
-8.217714191737906
-1.0666011156760922
-3.7093935875108723
-0.5462440138663165
-0.3414022993930288
6.808431764268529
-5.052863549565359
8.248787800315933
-9.702593612529819
-3.619584344857176
-8.538978276175394
12.31755434864073
-1.846617253154503
-7.539385005872956
8.967656890813508
2.723355957341896
-2.632967255511728
1.2043250126091203
4.021220267263923
-0.3210927905476908
-1.2093569853923598
2.2327183088865885
0.220345513263666
-1.4964729307444555
1.182415110919388
0.9976139560692066
-0.03056458403258888
0.9429086335825771
0.7083407097266294
0.45133378447182865
0.15223275861551958
0.3530410371174773
0.5015726781742375
0.3307096638101822
0.669129746377572
0.15134799864476214
0.1872045412421364
0.47977218307307945
0.8782756456072882
0.5403585192875302
0.5537018455197613
0.299719576339461
0.31885657903817116
0.7575890458026012
0.9806205498655803
0.20894001618172547
0.6187526395916159
0.5576593163260445
0.5413249145815624
0.4981918888614028
0.9509914286760172
0.7265097560724794
0.9991444179602891
0.020166995475184035
0.795007344046552
0.5879023994156514
0.6398255797665382
0.680139055320344
0.30528059579223044
0.37358776686170764
0.45607712534845224
0.6859099385296444
0.5407090616580443
0.01963449383599969
0.34511587899643326
0.38661215426752715
0.11263703031377303
0.377997786090144
0.7790059313931833
0.9366600645660974
0.5452854113963459
0.1280228208872819
0.4516371789538751
0.18602122100977447
0.013783193051219222
0.8179669013302678
0.4233948598224806
0.026209929916060082
0.47831905635899763
0.47573625623208526
0.9118948737378678
0.24819439929372644
0.47293633838007465
0.31912843321469253
0.2487105071182828
0.09249238501794887
0.8232762111922478
0.040718642341967426
0.5155735296413195
0.9177313923515799
0.11398719209287456
0.4591559438244389
0.4290551418073616
0.26610354357244725
0.7371069423431286
0.15456103226152418
0.04506821445003839
0.7139499964357147
0.6504131089264263
0.3560797610593822
