Architecture: combined
Number of States: 46
Parameters:
1.662583610015327
-1.1049344278932451
1.6754386450657008
-1.0274996769569802
1.5539935569456023
-1.0626493604544975
1.6246381986302845
-0.931820246303328
1.514577267784442
-0.9355838555993822
1.7180067987891543
-0.7033105013655259
1.569763331704247
-0.715895444327122
1.600502370295578
-0.5682948461214707
1.6535883659087942
-0.5099651672360901
1.466495019487502
-0.14577890901899143
1.662172816898796
-3.89986507648683
1.037928883541933
0.6963468875620628
2.860612536431613
-3.150338741563996
2.9539406248582316
-5.82720863948095
2.515940275268461
1.814701454815485
-1.986578664857991
4.527635811888897
-0.4448625384775866
1.9555319684178338
0.1675403958131033
1.0965879501934568
0.05080893091888913
0.8405751162973342
0.5645565532934487
0.5904979742659373
0.5005968545543351
0.858749491028663
0.18019301078557282
0.7914086991777478
0.4600166239513101
0.7783613647961412
1.158583193245216
0.32073478124148247
0.873341472488865
0.5582405606034274
0.6162760406012184
0.756208299236566
0.8303751799663083
0.4386027161711722
0.812180210783467
0.22975901970679946
0.42639796393113366
0.34175284042145604
0.7173186313232742
0.25715858139310144
0.5923668788579948
0.8413178348466503
0.8624894949162986
-0.08475107718178497
0.0470717294064405
0.4031012415973218
0.39119569426760825
0.5804912578888066
0.21060603940923486
0.5772654063135082
1.0355826379320352
-0.02826446893872539
0.5606600751714591
0.7698286360537704
0.262581932692406
-0.016251912528294672
0.8559942708500721
1.2568623959706844
0.03989558425637181
0.2597491499207901
0.928885916170285
0.5676605135346035
0.5098327344765938
-0.027304119874352974
0.19224135123725386
0.6595119043038329
0.3041647710683385
-0.11251858553341429
0.1652370760712715
1.0035309699350152
