Architecture: full
Number of States: 42
Parameters:
0.08175618876531622
-8.168528566647732
-0.3558306993415258
-11.601881226541076
-6.44841499350048
2.8440060878115854
-0.07978976462743767
2.494833803641959
-5.047259701810519
8.395070952153462
1.4406667138042413
4.101942785450962
7.389373434632565
5.273889060553788
3.547563065703333
-8.870584872660421
1.2083043767095154
-6.070678160342406
-5.102049645273038
6.294538094161282
9.67143412367684
4.512530156027109
-4.40984437277229
0.4829172797643625
1.9593139502650767
-2.789990751098713
-4.297849825746408
0.3575814162092991
1.0068635522741887
2.30404027018417
-6.9780670007263526
-0.4134536734389257
4.571451488091244
-1.8589396318240696
-2.376729523756906
-8.112985437353306
11.502775999504157
0.7437431009992044
-2.1176002186840006
-0.11471189366951551
8.696886654245903
0.9762170174665826
0.19508972237364258
1.3337186248197654
0.4092669407716563
0.359171985812125
1.011425981920052
-0.3634292206123385
0.0035316269930046737
0.08298710402305012
-0.32050790198215207
3.6985991338502617
3.5062559118201366
-0.27590274687880695
0.21175759717283082
-0.3423984299672201
0.4865334004807568
1.2393538687437389
0.20964077708553588
0.47794100974423953
-0.054770762154566326
-0.5149627339747961
-0.3657696276785951
0.5443390441824527
-0.098994317079092
0.23400225375987985
0.3649588345189531
-0.12553411463271089
-0.14771128681239318
2.852087732483157
2.212622414605215
0.6390079901076331
0.15327626215457127
-0.41721225298043546
-0.047322381745640366
2.604868550029999
0.029231200992132472
-0.5357096414736546
0.9313143724198556
0.47091222101549457
0.6743853622269949
-0.2159229477939549
0.7993901469847745
1.1062830807862816
1.5922799485624892
0.770139921501356
0.27818624728162716
0.7715098117250218
0.2375398117429503
-0.16024102373356217
0.044945870276867556
0.0642918253002961
1.6376499174794326
1.6821126889888476
0.20460629992306814
0.05560819692018164
0.03513805950897662
0.8325920678027251
1.5804214090012654
0.36798930591457046
1.0353859954496116
0.2444226524137881
0.08835277296419625
-0.15827301172693706
1.4728071717732893
0.024998672780044518
0.7586820790938184
0.5937789166603442
0.0939595111988763
0.16330945850102135
1.2312696372812617
1.1069026195366942
0.4176877258699173
0.3466065585029977
-0.28617871655267746
0.42417424432371875
1.6960703740386884
0.48149261633720675
-0.21152799893148355
1.6896135264484284
0.6125426615083553
0.432375198053625
-1.1467233668555412
0.322024262278045
0.44663908688036014
0.6716317796235771
0.27838369039291117
0.6443558584622989
1.3006339576357422
-0.29044711263806816
-0.12132741920450743
-0.16494124589102668
-0.47132896757987297
2.478790951843306
5.4490352693328195
-0.40068032471978643
0.10606813762588833
-0.5355661476083327
0.20422667099779043
2.6879140375381008
0.032152919541345984
0.2398172835327089
-0.2402585546949279
-0.6235900815965834
-0.498053860701645
0.808739189230564
-0.0522755053321017
1.0572228770896908
-0.005662879558663886
-0.4426290921051401
-0.39248119134666315
1.6173301365175876
6.140755528743949
-0.21521539067989365
-0.13845410852090173
-0.5971771489446659
-0.2788389704104493
1.4935198855643579
-0.04788861677238476
-0.539109995389686
2.61045460627846
0.02010029134668218
0.5069169702543296
1.226597623135561
0.05364249029247315
0.888740314469287
0.3417403803212188
1.6560470268746468
1.445138341807392
-0.1630941764589105
0.7851489251495328
0.7382196335839034
1.311632513548583
0.24496918395481782
-1.0186231049374814
-3.7558901192944525
0.4607931669472145
1.0710450832445773
0.659010019280662
1.2171516966598837
-0.38538467458963505
0.9769887661895417
1.02497927763107
0.7007093545651107
0.32747214915907324
0.4929519909352209
1.1359599133841811
0.5499950301093988
0.14910356702228786
0.8988684213712184
1.2688872470693189
0.808182682405876
-0.3897871286486612
-1.360004136663624
1.2996129606564324
1.0673589800370837
0.37907114749396636
1.993663966296115
0.4276218973585129
1.354914859160942
0.5144412053543642
0.24146627154300496
0.8757599263085457
0.4512739394593679
-1.5845434817236996
0.1274585240261342
1.227627989181462
0.4005689990057893
0.8801170149783446
0.29066900898285675
0.19412044048806473
0.591177768226557
0.019432221857808237
0.5289015763813554
0.03994214672658376
0.3301369516927033
-0.4720466053555826
0.32920048649070394
0.31133575455840956
0.002277784277857287
0.7299609327213911
0.5571878134970685
1.2069926964158157
0.7744524356451707
0.38393260604931784
-0.08395337529898533
0.3884181653231343
0.3128190332916762
0.11138591506968273
0.50282095191469
0.7988213820873753
0.052575336145128625
0.6961638737195142
0.5175022776325287
0.6976414708183707
0.5380755176099562
0.20022528663300954
-0.12379192617737719
0.45478781090667336
0.7136937817566726
1.181922242489057
0.12866775682612325
0.28855583346665054
1.2141881348083978
0.9156787877214126
-0.32513753600167283
0.9498133751203335
0.2764673830968305
1.2492896754563865
-0.20001694713094567
0.09729368022364117
1.5855083409890478
-0.4580192498077941
-0.16141629469199043
-0.34674187159697856
-0.45930491659784883
1.8624626964925142
4.915639748747613
-0.3829299650134482
0.40628709315455525
-0.5562167417600774
-0.08848916637073094
1.33781867039253
0.20615845061131524
0.19652664153398453
-0.2245595791391275
-0.654026987359754
-0.5170030741239383
0.8413410404351587
-0.20507591367402797
0.8202945808492064
0.33894443741642954
-0.2828985441657186
-0.3516987548100466
2.2222230324299357
2.827649428709589
0.21515411747045268
-0.07401430427813915
-0.6315582212566277
-0.3387436260826346
0.8684568552582874
-0.34394021712732553
-0.5709769174102302
1.7729239736294364
0.39562895476146276
0.2950312335867049
3.229807029161391
-0.0676704386806268
1.3235969862200194
-0.2850036678985551
1.748163653215886
1.3034458853916107
-0.9479227798536934
0.6852098693732303
0.6199597243681363
1.202245796277024
1.8306168250102146
-2.0460169655780027
-5.168308048312143
0.43761142995831587
0.5655542119228386
1.2424411504423982
0.8533228252081446
-1.042085038218046
1.686212119668577
0.6079274025525698
0.7028742488275955
0.6643553061704323
0.7662340657681024
0.18337910407573327
2.0257581550033503
0.7003810236777522
0.9211022224905514
2.0410484192014575
0.7097000371768528
-1.216069369945659
-2.974102563942809
2.013010059175933
1.6648685754647101
1.1290639284836042
1.6595147562787305
-0.5277330250991834
0.7427561166747989
0.774100657536702
-0.9041293557337108
1.0512469336252612
0.26566800043499883
0.5073325539172351
0.7061094707683596
0.891815283219002
1.2314855285254702
0.778992591188578
0.4100511245111555
0.09796188857134294
-0.017980082051890764
0.3320802924083716
0.3574754951256726
-0.11069438151999302
1.087191604430164
1.569838251728743
0.08906417046288494
0.3424473020862358
-0.1415052732681591
0.036085627337941496
1.9159200434900054
0.0879687069091055
0.6335732883827222
-0.04167655084678076
-0.03068049685076392
-0.13356258738344254
2.341714078071566
0.43842711696560027
0.4053728832132778
0.5337586118612562
-0.07249993903626048
-0.08308573952330249
1.8554766835104772
1.8888157876863594
0.15764177549768937
0.28278423152486576
-0.07597260101705952
0.2657067340821221
0.8663695546890017
0.22593502011165764
-0.03318073785526962
0.7776979641778653
0.6534495283878443
0.11028779298029617
-0.6603610388678679
0.8222573918680374
1.5720825998540227
-0.17253784856113694
2.3463536130856886
1.122314709566835
-0.8980669795312629
0.8909438155723616
1.6881080928838814
1.9199502291431851
1.8532014938212371
-3.3181399360952897
-11.087556785546882
1.171239180380631
1.6526592374900304
2.9300686935553237
2.2206465828975053
-1.3381587542009015
0.8760571067169262
1.2646871406287123
0.7119865692749617
0.9761563329115795
0.9538703628348466
0.24534909775787322
0.6534447262444487
-0.01746393845064207
0.7894045059877157
1.4013212340049617
1.706531126265206
-1.7375124098586106
-4.550166816170545
2.5852108373577143
1.9067849901894893
1.3603920282193753
1.9837111609131342
-0.6411070235677975
3.2484005264510922
1.2324748013767637
-0.892594502143922
1.6402010908371132
0.9360016225246721
-0.6230359423813432
-0.38507716607575704
0.1733893384021369
-0.8168325062231665
1.2542986703775285
0.7330172416826246
-1.3824620497024123
1.270530575534003
0.22018441160342384
1.3261266338949964
1.4649317348390962
-2.8963196074896578
-5.8767134559671526
2.5589564361289425
0.5306149594327896
1.735642840351991
1.1797570166026956
-2.4929920403891837
1.417156389983297
0.6375937684309855
2.5951057523681014
1.3784267970333193
1.9114376244376
-0.45813432163061013
1.1719902814347838
-0.034342507786775264
1.1831039449785576
1.2221839714044975
1.2232109230650556
-1.6369695766705705
-2.2068750972655438
1.1729899912228166
1.044616184469412
1.8681809999067238
0.9389623954902376
-1.0505907985332141
1.4928904545374007
3.790617701831147
-1.769537150678958
0.4984430300838737
1.085598824712574
2.4607430443894076
0.07671166031716713
0.1279351169560916
2.649488138279068
-0.22771366250186886
0.2034665985447004
1.6165632779510086
-0.6809727440155462
-0.46874582483137545
-0.4685095476241153
-0.7079787006424875
4.898701846723804
12.029986398359743
-0.7032496341720109
-0.15430083201689526
-0.7266171508535769
-0.11734786716040793
2.2505763104255156
0.09333139704638577
-0.007501064732448434
-0.5064770450637328
-0.8002706743207056
-0.8566798922590364
0.8614112386688602
-0.06867827063513027
0.903521122782467
0.07354443696946313
-0.5692633604905107
-0.5907029329520453
1.6749243569853707
2.225680829857486
-0.045915959458213904
-0.291542489822528
-0.7936661538488632
-0.6248320340569866
1.8365888485064912
-0.3945898862564912
-0.7660765288285191
1.0709726608072465
0.34536612390575816
0.36207074835868736
1.2904024043901894
0.5998361285077705
-0.3320452823224657
1.2539155042519239
-0.41162427447918787
-0.19450756554974621
0.5647256664723835
-0.6650819984609941
-0.5001172854085332
-0.649778268387784
-0.6902762885104599
5.776239281389696
7.550664461217805
-0.6987486955184102
0.08517746124382726
-0.7232772705550902
-0.16659358236422267
2.2446629026378226
-0.46434977685093787
-0.020725544356234176
-0.47924805873051446
-0.9698270882210203
-0.7596531082466942
1.2471702823067246
-0.3687896990109858
0.6537932040825185
-0.2669229318315299
-0.799702869033214
-0.6597128897368658
2.2706834612862967
3.0721882209893017
-0.1507972685781181
-0.16413740358291384
-0.8177465573423884
-0.5751610707055408
0.7668420769586836
-0.5203812185926597
-0.9644484239553136
1.9956159306784096
0.10551036615733589
-0.07169233747479306
6.902834984026404
-0.21416823982136107
0.47410628527876775
-0.4420839587757448
1.5247163963539023
1.2352190031006125
-1.0114950465759096
0.8498938022663841
0.9420344017415797
1.789810881044948
1.603125642301532
-1.9873664666205155
-4.844976052025734
1.4711312393257154
0.1501420192079257
1.5955749621255284
1.6180671003962148
-1.4319504456441876
0.3948074525362822
0.3484488261297346
1.399273467207878
0.7231709323562354
1.7390701685279437
0.012464987762849159
0.6405179051044513
0.3109428499459437
1.1257859357613145
1.3244418751058944
0.4705725889063931
-0.9543476233829582
-1.4701298549766604
1.5331320272398465
0.3070486116541089
1.5084705884161649
1.200478865309042
-0.5480882350870961
2.119954259666683
1.891117071147859
-0.9241547122515539
0.9183276300581114
0.7840331404210269
4.33649871531211
0.35486120824890405
0.2932128531584928
0.9923595342095706
0.6870865388167054
1.102293277089682
0.05122560758744281
0.17836090043249353
-0.1462905769245502
0.3310400974875591
0.08115149690754962
0.18328611854128488
0.4426783761235979
0.08015727246583357
0.4506287449047166
-0.07645985725158623
0.26583709126985017
0.17635882761823013
0.7662433064059845
0.40637751691635476
0.4239341248147987
-0.165574550673998
0.344681909389331
0.550562005202165
0.7628802163490919
0.9042635069983916
0.7058145252057691
0.1508147635030338
0.31149362171869516
0.6203223227304216
1.3688829257330992
0.7842955262160823
0.2566505950697731
-0.06259181535991257
0.10313979023317865
0.9245179931366357
0.14698020906128367
0.18614358426662891
0.37386343876307343
0.3881315389965169
0.9458958034656819
4.44538827958049
0.6890114887203235
1.6096473727483742
0.5068048336553896
0.40304728838985127
0.88359475107136
-0.4217849306141529
1.444266481359559
0.8180707494663131
1.3944702779794091
0.08937294018598181
-1.0261287864552282
-2.3963396006194655
0.10571341732883699
0.28548706576224636
0.9909720152626154
1.7100950661921157
-0.3265630004075224
0.9533210054467672
0.5603034501949274
0.44799769341359647
0.5321144188121965
0.8581377120997041
0.22953288365818875
1.025309336441149
0.5404632403433691
0.6064765023906044
0.9663849354338631
1.3619548029934503
-0.3064405918978987
-0.48803460986367514
1.0704209259894275
0.7268571182513721
1.2822887013948165
0.2826168615145033
-0.08458800852959368
1.1595053212175852
0.8745972198876754
-0.056962990226366944
0.5949556432344287
0.6604559713290175
1.512835240776504
0.8862060399244223
0.887627551799322
1.1773606766319207
0.17517845467329576
0.31317250040627775
0.07426859216178668
0.3063582940977083
0.356046030245006
0.3088156495438125
-0.21073502066720473
0.5620678936284876
1.26564385660693
0.19006295865408518
0.8189319421210819
-0.03315203817285646
0.7457167143542568
0.7506684226589568
0.11570240880295245
0.7021372345949524
0.3946376343782636
-0.16241482939286367
-0.11933275606100005
0.7720303745651521
0.263598625709968
1.0183759195192787
0.9915223312666235
0.41884313879509283
0.09009769251083435
1.9881295679193294
2.439294640186746
0.8479240660847436
0.6939639088749583
0.15537766219712512
0.06144749960200088
1.274592788609315
0.18852424912291388
0.06855817982939293
1.7152011541638008
0.12546243524504672
0.39385574342485263
-0.40928669498436465
0.6781402449265735
0.17259743411421993
2.015185364193058
0.2341222749925991
0.7047170058459039
0.9877673896245593
-0.21688044541985624
-0.08821153153713783
-0.06250629794598828
-0.3961441148398017
2.3064450024136045
8.672930019985738
-0.30206699912928686
0.5514609180777487
-0.428515055902532
0.33814783875731913
1.685639826388115
0.1519831409963593
0.4106466998539498
-0.13667202534509104
-0.5321640808890167
-0.44459797352907476
0.9792934222515158
0.11451804999797338
0.4152625219754552
0.6144907291230205
-0.21250004841576015
-0.40703632050578314
1.5716536553203204
2.5336349195981973
0.0730535802794967
0.06565196903156378
-0.6080496918177158
-0.3063788379789962
0.9839790717448653
-0.1438191928399554
-0.47584077552575255
1.9200706570818085
0.7909219896629454
0.3902447206084988
-0.3294022649353186
0.47270270878419846
0.7379999588733858
1.1426081946288185
0.8685469920879922
1.2890127744909046
0.1804656960974968
0.5325391574577498
0.18424115559582738
0.38175547057600123
0.2200487282520503
0.42168896774394043
-0.48501336612531115
-0.004640345010673133
0.7320367127042373
0.5150999764935424
0.8097599544398597
0.815934232223664
0.4299272051260093
0.8869959012523584
0.0905990864227631
0.09775749729088079
0.5221884094163954
1.0732036874236164
0.4429610976781271
0.30052314094814486
0.9218373865612147
1.0495390097028727
0.7409232721194513
1.1824267917636664
0.2909565575911535
0.4197937035483082
0.5802812299540351
0.8008807016589403
0.46674568911725095
0.8550851108045808
1.0530642353069428
0.6677846474404286
0.9056229410049406
0.8796691544036422
0.1437457580116047
-1.6092771351877815
0.2880362742671083
0.3189295300959628
2.0473766938715445
0.300335650725419
0.9269163318182659
0.09796218604295709
-0.24162189684735982
-0.1396448194485443
0.09685496223607351
-0.35190981645799546
1.542541157728367
2.352056153265593
-0.3470846522969738
0.6727585331100606
-0.4029233460546661
0.7279021534292668
0.8682610972479231
0.557859014756639
0.4177934397752338
-0.20887503682852226
-0.41828254799851433
-0.13393471031681192
1.629536065158625
0.2377869231338435
0.23742736731374398
0.326920974642979
-0.09611078424762988
-0.3198952204738698
1.6077310771339377
3.7290529268526256
0.564546577666898
0.29685231024426023
-0.1955707994163216
0.1614564868886351
0.7425772791523853
-0.06838474684172571
-0.4272617122539396
2.0205051190011836
0.7008299928704141
0.3117114329265462
0.10951355099077677
-0.23605852868838062
0.4773859216384817
-0.7550469548880435
1.1857390007464021
0.8583692426978446
-1.3479870892316697
2.632953551324336
1.4183484107106625
0.8923633464371798
2.0619093738417957
-3.2741659853519827
-5.970428167653373
1.5659375453610023
1.0847448012969214
0.7573210330999148
0.8797748623877433
-2.354957969081091
1.0123234704212802
1.7607930104150549
1.0086667310664261
1.8024970966122373
1.2812417240653309
-0.4524258606523541
0.7045186179055671
-0.18214593340831692
0.775789349305427
0.9068334842430686
2.151320746245274
-2.0898742456969126
-3.1359225328148033
1.8852650037159655
0.49599622431856877
0.8982570817098897
1.8782352666579425
-1.256375525654619
2.34809540975844
0.9515467923882741
-1.8427828283259868
0.43614827136629264
0.5068388897616015
5.725769932972588
-0.4054632076899461
1.7609605444585557
-1.9076537174792172
2.0595908936364244
1.58088492488155
-2.1938622889200587
2.1649812204857706
2.1371616461289054
4.30151279302341
1.9062107132679567
-4.415738944593221
-15.0
3.841268586896004
0.6130096661161482
1.925915147881947
2.304952280283525
-3.132848568146299
2.0930803334592536
0.6849413494074128
4.9172394247296625
6.954693295844619
3.7624859471937953
-1.4886778385698958
2.16159912463028
-0.38552910731856516
0.7693439209936689
4.902597757531493
1.8603804101279326
-5.5909236980938415
-9.627330550683164
0.8948818787970163
0.6229392552864179
4.6656598336216595
2.8286763377806667
-2.066226888070039
4.1302753923796525
2.3854747023423406
-2.7677665500774684
0.34936372368774116
0.7982148437247791
3.478822639199381
0.011022360741402462
1.0652982854870767
-0.276502988442473
2.210105650491138
1.692730095321477
-1.0441820451580814
1.6970029482379996
0.34390181799340913
0.8334615469715909
0.7302792634022485
-1.963733771503829
-6.181081173365354
1.2075902433380867
0.593263629244638
1.7337622957703527
2.0234709966036055
-1.5845625062262574
1.7123745508592298
0.6199188033328981
1.6736511983866507
0.7555595432246207
0.9002585009734912
-0.19658693165127514
0.8545138752824827
0.2684148909378611
1.4683710118137605
1.3556550778354008
1.1344283195192861
-1.2904662122401742
-2.3506469778062713
1.0731441565746835
1.2418126274624188
1.776468326524989
0.9138647316787731
-0.7542891042387729
2.5254482627042054
1.870125851990423
-0.9078894501878773
0.5783997861722219
0.27321912692040917
3.1149738462565284
0.2254743698164218
0.2590279655540832
1.7325621290261306
0.500761315390743
0.44526644315101405
1.2794690648145133
-0.06835419050303052
0.1016009039198629
0.06474658722887412
-0.29163718919802273
3.672123933870065
3.677499725899455
-0.33752093780581716
0.24361524202738516
-0.2985367237867664
0.3126685443277273
2.819717903322566
0.2984034801568952
0.06878943993627218
-0.26760098771467405
-0.5169334186318031
-0.3061681028871735
1.346878388826892
-0.12821490397706597
0.7830705102293941
0.695008327849396
-0.30440018637180505
-0.34285414568862377
2.480999445239252
5.805944029648703
0.02098474870513101
0.16928275346852634
-0.38372976927804164
-0.20276879685641566
1.7824199259802076
0.007806707999501666
-0.4427161068982093
2.5607282947646617
0.7287278311352686
0.2741423694095007
-4.070787824266805
0.42659647400992934
1.5745867733855494
0.3664526507872197
1.693146368067019
1.1235604918650193
-0.3663912538545852
0.8819187111704315
0.847813304209998
0.9226007834298485
0.5200131426725118
-0.7885227639117486
-3.0179687413714626
0.10184301751285207
0.4841748807951881
0.4377188304045512
1.0482611878742996
-0.3077778070631138
0.6454066703541803
0.39290182436730703
1.159540699403707
0.9345842411001285
0.4711096191637271
0.5721852299909115
0.5631441026503515
0.06632387677115545
0.1740950272374807
1.0078706027045103
0.8619310881487486
-0.4512552578740921
-1.079390796203865
0.6942914952383151
0.9108847642161259
1.1942591964498994
1.5545002229926348
0.06086196256301303
0.5402968772557906
0.5452758610153644
0.1127410426852119
0.8412716970844767
0.9230696148711016
3.089399315551906
0.6865975534977863
0.9382833083788105
1.0853301970367122
0.21083443187108505
0.4673934905050972
0.4092314452746739
-0.16281175322205657
0.0840904471044753
-0.20914074232564703
-0.31004887436145173
2.0192373673206476
2.1059617709304086
-0.17225445704574158
0.31845792027870495
-0.31431433557720345
0.5752182638446696
2.025761593944386
0.5756251249588172
0.1483501401341454
-0.1407663382998777
-0.30818478833382335
-0.1856388920363877
2.235063717898635
-0.03964588625228098
0.3442979956620351
0.6509924930983886
0.0746247979095402
-0.11038334597241217
1.9295102416766132
2.099514492147936
0.267904935564641
0.07021885480865822
-0.4509025811233704
-0.2700882728203437
1.3452350752523814
0.04874324467159731
-0.38124678829988123
2.5813559133865875
0.3874032075621875
0.6922632708935215
1.600045511335313
0.9466305629546409
0.21025959617292736
0.47724279411888404
1.1567622594952582
0.9717337113457492
0.6113279960642908
0.6505830848162008
0.10297658962442034
0.9865318135476314
0.08431646837579601
0.7730328624801195
0.2691555715797683
0.34536414255027165
0.035720617713531085
0.47995418101313386
0.8052533805443162
0.36304679794904615
0.7039515338727412
0.6066248368854045
0.5642608940356362
0.001404124710304021
0.4170913282770514
0.9196891604448336
0.7998939727048269
0.7711650038622464
0.10268520145388414
0.2781857057494259
0.17977145561809185
0.6133537651964506
0.9054175850121642
0.16330915267831553
0.36317027652418676
0.4317822051368924
0.5763707143049591
0.5985057578286466
0.23195147156187554
0.19617720682559078
0.5474533198108601
1.143108829417429
0.7921033869116854
1.1587431238770154
0.0682112613084033
1.1342605064942883
-0.6030365355590211
3.7845391987709
1.4505508519814003
-1.284783597564274
2.2296283335515645
0.9874208816076383
2.4818634241243984
1.5494134048748347
-4.410477230318549
-14.83916899647189
1.940682832952684
0.6285276742913201
3.5399243524461905
2.760608794532973
-3.9200999195014328
1.4604971397958428
1.711174220328649
2.211179273958521
1.472709059240046
3.874444387008478
-0.3985315985375316
1.4955939063513537
0.7862110550582628
1.094175318297619
3.454439479028436
3.022093498453354
-4.361592903403251
-6.951289358324121
2.033237971039731
1.6549282690988194
1.972858768039286
2.9865101979815094
-1.1652668441064813
4.203086749012015
2.305755552167154
-1.647266080418603
0.9395663272175205
0.989484262006899
-1.187047028106514
0.3711153137152783
1.0526113681577915
0.18757432007235383
1.8566416236524426
0.669611285713482
-0.19009892645647347
1.046332253194548
0.556267214069097
0.9017105625981847
0.5497270597502962
-0.6616427998172644
-2.1484605964427312
0.6515358868754815
0.8256396048133946
1.1046487215956065
0.8863296340018056
-0.3496721653007881
0.8969298034461022
0.3061054412993688
0.6895623194389857
0.13469443866185782
0.4531237526547464
0.6226369108127219
0.4570382742248381
0.728341376978408
0.549241459493934
1.4509132493404122
0.8795336741095962
-0.13442666649959062
-0.5191908693168721
0.36315650292821217
0.6318057443593292
0.9757731759917457
1.5114066761006038
0.36956953403122184
0.6678907523740794
1.0968657102781842
-0.05203208638693699
0.9968338723323729
0.27359242833941066
0.6616442402795027
1.0658887116412006
0.7937250801553917
1.5048719099216314
0.17801272221510256
0.1345683620511519
1.2118448598655405
-0.31502556816207333
-0.15209641752873965
-0.27906025965888714
-0.44216161286025524
3.829895034587313
4.389647851784039
-0.3600201986588402
-0.009496313565493533
-0.48445937564557257
0.026550572402520713
3.5856314703956658
0.5066099790597179
0.03957022891655544
-0.32957660656525506
-0.6532394554831964
-0.5196592424283725
1.7509514080705257
0.1058909071397907
1.367423954158063
0.02116379998233682
-0.33585014232616567
-0.3202080994431353
1.6709743351515085
5.1061987466119
0.24039925876560866
0.023962428776894057
-0.579706050114222
-0.41950696655910136
1.2487666767313812
-0.2520779705703511
-0.6887255007583895
1.0479135068437555
0.3422547412015539
0.11001189864096338
-3.1538809997967117
0.7834444175418883
-0.01911944368291778
2.456586786826376
-0.2628889824766429
-0.056867392618737925
0.8364109303038059
-0.5783289464660508
-0.2962898916194291
-0.5416292184704679
-0.6429269735458987
4.804539390616213
8.1568690177074
-0.5585721295125097
0.5417680754367791
-0.6743869733719047
-0.08525710338353605
1.551370908765656
-0.09597805424478253
0.2641637941796337
-0.40486531934129094
-0.8056119131005153
-0.6984614700000865
1.50692132626649
-0.19788807461818397
1.0564740111614745
-0.018577175678105063
-0.5669635287599217
-0.5271725710816689
3.245916584586803
3.0986813868606595
0.018003555731076558
-0.3594274160867251
-0.7817730276191156
-0.4770916844955249
1.9407995493948924
-0.2987187720155692
-0.7939462676781088
2.474712344836192
0.012191550432810852
0.4885868533218892
-4.336063503296927
0.4620579185945331
1.3356016640785446
0.3443150533110255
0.576664998923303
0.28636890624960454
0.15732383705357883
0.36798019364295986
0.25700179045469107
1.13073708800426
0.4980563470427085
0.6762805758210961
-0.203880357164544
0.013959713390336283
0.8689830612312361
0.72376471425226
1.2348625423491342
0.305790979869375
1.074553774867675
0.9384069182546716
0.350165786547378
0.4349690981274252
0.2844143074758074
1.1694172544131505
0.08094649881427868
0.7501508616067488
0.7296441501613956
0.02682006250598799
0.42368893149016823
1.1858746104331197
1.0442226040933382
1.012838673367539
0.9566514873313107
-0.02538987580604885
1.0610552539602152
0.7246965408133706
0.6956200885956639
0.3615962411136612
1.0755782605136255
1.046463830192412
0.2687858729079639
-0.7849508432038218
0.07049787592932691
1.0080101347477068
1.0292924459501018
0.3489311579210186
1.02239724054967
0.17018997231779323
0.17400392007368487
0.2607127590918672
0.1081371097677433
-0.23930629348267354
1.9612126539924246
2.3902167371325973
-0.3504971404301461
0.15142146306126855
-0.09756799333067898
0.08870583110062738
1.7562367388841662
0.46348456994382786
0.2800933748044334
0.014322216315006157
-0.20458561845652395
-0.17277554893090705
1.243194680189836
0.4815825769739949
0.6574559203458143
0.5090522545309132
-0.11847009526596204
0.038242754388564934
0.900729271184463
3.4670461256875167
0.6854361832570146
0.2588924072315595
-0.1693028288262946
0.14973169577755538
1.991175304038492
0.008114731356976667
-0.11533911487175635
0.8377296107711885
1.0520556199159765
0.3800705195085269
-0.6661456892497264
-0.0626974627760268
1.212698230140296
-0.3999584505729505
0.926958794723969
1.7965205766151313
-1.2132780440471949
0.7592280411470422
1.2492153005541782
1.1259179184188217
0.4269171858195636
-2.1678354736576817
-7.265231297066719
0.6418658287791423
0.4737413473088979
0.9170247187683085
1.2321488325810661
-1.5405500411093105
1.3758739220530745
1.2532184647507845
2.1645607504241875
2.6363566892413437
2.262084593258062
-0.3020057150671179
0.4819805746283488
0.27518088773759947
0.8386741927957996
1.5763437220823422
1.776262005318852
-1.4854311683425476
-2.0132136901418494
0.9432286045303511
1.4664247801631933
2.141426427504393
1.6775252052095633
-0.757557756955073
0.745072544303411
1.6959261722293504
-1.0734014650372505
0.10044226325884593
0.4529807479505006
1.1148031333938093
0.3446313487437375
1.1513802690249906
1.2066090666087481
1.0503356116828737
1.5054322199527606
0.06912409652600662
0.15651916046607
0.5707924947138349
0.4486820984478252
0.4045110748545687
-0.16994819977308173
-0.9099236409985461
0.06836237069184034
0.5318432793127417
0.5991387888482562
0.4844204302512332
0.10546932736210762
0.6375432936429365
1.3081233557546637
0.2340904501789583
0.12520753459245948
0.5642273409217843
0.859388291755466
0.4117360914393175
0.08175898890486497
1.0822759124226728
1.169076634720549
0.9643703525545966
0.08284869005928239
0.946841760089116
0.575636657394031
0.5112391772034283
0.6343695696287914
0.943974551037662
0.3868009884547273
0.7314029746340981
-0.05846307613254686
0.697986704166265
0.14919448659119702
0.3446456161867333
-0.503240064568752
0.47603716150584025
-0.01794202587808902
1.6266600520837238
-0.2103162255245648
0.5488157207864716
2.008982488276759
-0.37524705307426903
-0.15642904750996495
-0.12262737166057151
-0.4638119055669976
3.575035923135949
5.052883907237962
-0.39218028198959926
0.2860747785551406
-0.5081457571471854
-0.04012775788822836
4.059605535702063
0.5260087535830229
-0.04319909633459478
-0.21315983971928418
-0.6000795067550725
-0.533015797909831
0.9917298556612962
-0.21030605156807478
1.0436827398793922
-0.024885226555248306
-0.3803480551275851
-0.34332738647924377
3.0372800443499
2.7686357515340627
0.3455108011241689
-0.12455476077763607
-0.6329980302975824
-0.37648564984202265
1.272992633708892
-0.2802913922199734
-0.5809694550505246
1.6270842801522523
-0.040107681636352505
0.4418382560146423
-1.9989761410897917
0.7846774718136671
1.9092669808084572
0.39453573496790045
1.2457068898530101
1.8597003086720811
-0.5984701429326154
0.7906171891764677
0.8862429497508657
0.9702390539768655
0.6101741957318441
-2.2430523027878073
-5.957244503247928
1.7978391575669275
1.4078656832963419
0.6878961391556726
1.5885600536268984
-0.8063845993964818
2.2594820911648683
2.0622786571121607
0.5262649915631628
0.9851653945529572
1.5401967703864592
0.44286042573911605
1.215903816363926
0.7259480180763795
1.332348437686414
2.071484196058719
0.5396277587218209
-1.2357141040948396
-3.04439751023963
0.8623857415672194
1.0887966642059184
1.3745779535740772
1.5669942507547234
-0.27211166274472376
1.1924200729605456
1.1331145685734216
-0.38628539521389166
0.466266913600061
0.4424831745558915
-1.436140363971005
-0.5557739389266172
1.7186953126909954
-2.847175775360892
3.4335650682580368
0.4746761342033978
-2.561998269718752
4.835518161131985
0.6722566457411028
4.0894887060486065
3.5633341275271078
-5.653020826252814
-15.0
2.290780977831108
0.4529465890914415
1.9683813611494954
1.2452208624958792
-5.469005327946408
2.367585716859865
2.1573096739942326
2.9196518865416072
4.670386189867284
2.644687048207825
-2.0717045258975713
1.0850460931576384
-0.6412053651490198
0.5575690800060147
5.030197224717436
1.9773318313404684
-6.362101154741514
-7.463886001462428
2.133153966987449
1.8191457574702286
4.982640601918679
2.9183076574714044
-3.1968090894276853
1.8430173852811276
7.6648439738515615
-4.007410084760836
0.989065821894225
0.9501076055987
4.9372488491209925
0.5839554357372341
0.6357200684625333
1.5618733441154562
0.08392575321082286
0.08693807155813087
2.1047971709972635
-0.3595704883170583
-0.3514007516415689
-0.22075397489126478
-0.5895817605117875
2.59250453826568
7.024030512559817
-0.4488159281667039
0.7020952103768581
-0.5730800481249996
-0.17889709961684444
1.5171599205281878
0.3209273093246872
-0.03615963881334071
-0.2947173508279158
-0.8057152910728926
-0.6036467757162773
0.8714725759834016
0.11318763533465363
1.1477697877474826
-0.022739377901370705
-0.38094354511738593
-0.5585507512711151
3.348138062743219
3.737620814883967
-0.15555983998610468
-0.13136642963451178
-0.6573200260655909
-0.48343705819727084
0.8114382062137862
-0.3815535629840781
-0.6209818705290908
1.5022157329248231
0.5304440211597957
0.021525778309417563
-0.4521465449955255
0.7216150488073818
0.665829484336074
2.078470631374086
0.24685591272673268
0.18313771567563858
1.002632719271156
-0.11915119165441324
0.19257655463103346
0.41000913860570487
-0.15492915247022715
0.8335658049336222
2.197783770049368
0.04430498145200271
0.1630931313857423
0.00583988309877824
0.8717965948596079
1.5193636336251877
0.5430810960642283
0.7050814532497606
-0.20141509091483636
-0.3499174358878593
-0.35605432703662887
1.2228275612936423
0.599230465162685
0.8886535994130514
0.49263034202740746
0.16694551988638237
-0.009116326468388673
1.5073558498135005
4.042967001010753
0.511189216107651
0.477618912059697
-0.29796149438304925
0.07037547867970517
0.4385381379231405
-0.04713257782574835
-0.16699244906200533
1.8611007698475917
0.6369278046994156
0.7611491855106609
-1.0340089035750302
0.8008692374367351
0.33870704264024676
0.5621909443243295
0.3143520999289168
0.6457664950609285
-0.12539925846735112
0.6457195504922691
0.4456650170450337
0.5949814412952118
0.2787112065026942
0.6610761413010724
-0.09695529911524446
-0.04282217700469575
0.22514270109825593
0.3779566315376294
0.3878359486658135
0.5082387437393917
0.4445181488374973
0.5775371310608343
0.3397534138346556
-0.19224669218929608
0.41297938512790233
0.8061625082359769
0.26193232111197906
0.26069887522762814
0.9113922650092633
0.3559081030203061
0.13409525714858972
0.6004462925831239
0.23179478529781725
0.10643174926226759
0.03318496718127421
-0.022385141161085094
0.09396822928363632
0.6722353616184854
0.9512741868198065
0.20174964103740037
0.5275759033698478
0.25168935527468544
0.28345726355450823
3.966652040032593
