Architecture: chain
Number of States: 42
Parameters:
2.0208165633448543
2.021004172196658
2.0209232331685523
2.0203809079503863
2.0212442199853013
2.02091920305837
2.0205196266421774
2.021522793194032
2.021250445618408
2.021096122894724
2.020654732194595
2.02058901626227
2.021369877373698
2.020471965459099
2.0206188755061754
2.0210117078151626
2.0212653939717766
2.0211461763643936
2.019934099084099
2.0212409829519684
2.0209598473767785
2.0212099311974923
2.020190706899137
2.0205814150419674
2.0212011819768265
2.02020579132133
2.021065845585529
2.0210607488952106
2.020575465782452
2.0211206166387345
2.0212847790388992
2.0213388201874376
2.020544339282582
2.020691234522639
2.021083554700015
2.020673424605496
2.0209628955064076
2.021054348207316
2.0202679456824972
2.0207514636684336
2.0214775148859645
