Architecture: combined
Number of States: 24
Parameters:
0.5422373183019369
0.3504148670722559
0.6760610321260264
0.7952725731732109
0.8881264702365028
0.06582998320165778
0.5536306677832582
0.659694675940195
0.29491051461952533
0.09647111023381627
0.8041011942168905
0.23599826012077507
0.24715780318558722
0.9798656450049252
0.10307232204682848
0.9679921004749295
0.300821218189236
0.7846963974009444
0.8370816829505383
0.06463465581889793
0.3007307098932679
0.5212916188006694
0.609920222895237
0.5903135188932369
0.8590950416136345
0.24717643032824166
0.6899816347213847
0.6254057454205173
0.08067607947385014
0.23237844418985643
0.18238018991807314
0.9262998002080008
0.14199566826356858
0.18129224445176406
0.6549643668380374
0.012534283203361474
0.016910094492376904
0.4814199114649479
0.9151388571032273
0.7489255857063135
0.5268272873890151
0.6778659673765416
0.0680535291365909
0.5399165367564966
0.46849189757259424
0.45368830405255367
