Architecture: chain
Number of States: 38
Parameters:
0.19749063986329385
0.0016369785953032068
0.9644638665455859
0.6016185706800187
0.8992793354302212
0.47756058716220495
0.30783085670895105
0.11694452023345858
0.6433836553014473
0.6203160104867955
0.14937576239754302
0.16512218206677765
0.3343206107517789
0.6977158335736859
0.005742444208884145
0.11757979932401041
0.4631076350803873
0.09796816784616957
0.03157075855106284
0.9295923169978664
0.5426525922872536
0.38439803028584774
0.3352107532981976
0.41568837439763495
0.4819400752110117
0.4214026450520052
0.9269655041162724
0.7196358864118334
0.14428005665875987
0.8292989266154084
0.18501138905429537
0.33276470837511984
0.789814398119344
0.856436578575135
0.9959875141569023
0.11826315156027911
0.24650115765108138
