Architecture: k-jumps
Number of States: 34
Parameters:
6.420810450598845
-8.725087755176926
0.739251406959229
-11.634509414553051
1.6364708710528264
-11.243858221742324
5.029650312978061
-10.746692137224718
2.5458075491044334
-13.279756256632906
5.080902304499391
-13.805754228412283
-8.628002738996248
0.6406855551301233
-4.077709028112302
-9.510092726596275
0.3262501504588665
-8.687476503220806
-6.945152438959169
0.7639060524282786
-2.776341370207439
-7.444279088523421
2.1724547263524006
-4.94658521538019
-8.907070075526974
-0.008782639500078846
-2.4965258320626935
-11.135534166732057
0.2083868485962307
-6.498462212047664
-15.0
-0.04032569521867291
-1.2714461700975106
-15.0
-0.28472100056048316
-0.45924817866186735
-14.999952715571448
5.290011297943821
-9.64470719262309
-13.777614914051185
6.101401046339583
-8.815301530596164
-15.0
12.20440509118949
-8.478437563802972
-15.0
10.579040826772212
-3.447004601009506
-13.064425744087817
0.4400925762529919
8.671413869838004
-13.872506469644483
-2.8225165863682364
8.389694380239174
-4.5123858379796955
-0.07571239048164914
2.664818831940915
-0.2923064723905611
0.47376971195951745
1.2768033777975147
0.32577690508442186
0.06037814573836199
0.7225123242842428
0.5996848400361345
0.2501121717235475
1.1643442545695184
0.01758052823106494
0.880430905086262
0.45611513336152476
0.40678070632458063
0.2461802358682918
0.4273433634406991
0.34169056705639606
0.12909291258425673
0.8111022841835837
0.4201741631780734
0.975087117181889
0.9250134610311498
0.20605450721801713
0.9395338396921649
0.06219739019060043
0.7541472584928806
0.6638851670411198
0.5713484943726592
0.12721466798809122
0.12176727825995692
0.099779956162871
0.6511783107330393
0.4575309419741369
0.0660054739744677
0.9203143986704074
0.6167542043934698
0.6870734937422821
0.5010479108518331
