Architecture: k-jumps
Number of States: 48
Parameters:
0.6007846863261052
0.9591922762573338
0.3006583562393641
0.19808276787273593
0.9037634212488799
0.7871013892798949
0.41447743617914445
0.7300414635396046
0.055943495071489324
0.4460877654422003
0.8401156005066439
0.04147184088364764
0.704560205348375
0.4350753389272234
0.7834190743852805
0.1707590158459189
0.9438538965377449
0.47224467144405224
0.4386688337096355
0.4053131751678788
0.5021691808302345
0.4358174352434604
0.7795124228889423
0.7857932084601865
0.8780212681307533
0.42856788217329844
0.8269751271927861
0.8676848227547973
0.9876307815300531
0.1418758633761762
0.48231944498009927
0.8513418627318082
0.7598585092654006
0.10469476100401653
0.08548181070765482
0.9149455347221472
0.0587661431463945
0.7747130525076157
0.7884837871876033
0.38037571260366343
0.7393493149043276
0.1201058964045979
0.3424692764826044
0.8109501692190274
0.38764948733648597
0.5676298269586152
0.48853036540954664
0.27764630778251953
0.340821217981075
0.2903312123157573
0.14507504196788001
0.560085424446261
0.8494038347063313
0.47862445162602474
0.34703337648840027
0.3385921909066615
0.14850416522634047
0.6580944418857828
0.37052843520931056
0.6398864468694355
0.8683423706917588
0.05717272814095675
0.5390640012208121
0.03131723726308833
0.2817531045704543
0.08119850051106736
0.957976313540297
0.33173846522594674
0.9698312683476105
0.9695099794432193
0.8778290860196254
0.5588604118107838
0.38018879276161943
0.482683419285616
0.7489601494590649
0.2720236898227184
0.49443767485271684
0.3766773095959258
0.5250066610656006
0.24997606669097938
0.47188561907781934
0.4222082439611118
0.6755028805476101
0.9855088567465018
0.6411470175572827
0.29740159086659734
0.04849445781945072
0.3405914095644018
0.8515807013626372
0.6256404958609961
0.8521056093866252
0.3207061151764783
0.005161191941269627
0.6339373726462215
0.822875049221078
0.21652588746693913
0.5131779911633035
0.7920502568239421
0.12203626963530256
0.8420627607812974
0.8242702554582713
0.6876372644513782
0.5741920312907508
0.5105963178330888
0.4752748347520407
0.11979969047932282
0.6700646428258354
0.3401937148670585
0.48976146215253136
0.6539944019000034
0.5221435874146374
0.7768142694180522
0.4788227982240997
0.8279659118586993
0.8604616601487225
0.7269439359105434
0.8165958325044262
0.5487533028326289
0.3988055314196014
0.30516097287441213
0.817241836185156
0.22044163369527037
0.04754554206831596
0.1747500153361159
0.9778064180365929
0.47637167277407
0.3094154372754223
0.998715677155675
0.7498128143170805
0.20896509596748591
0.6137402296876658
0.17278914562046144
0.950723687812563
0.744289017064865
