Architecture: k-jumps
Number of States: 44
Parameters:
1.1167963593628027
-1.5455160079580703
1.0871295802552097
-1.492171929364921
1.1040557468936159
-1.4124917878249454
1.0851014454723815
-1.3285062050814682
1.0819606418562109
-1.247527432473691
1.0507510396976312
-1.1980213327733156
1.0712764230401006
-0.9577019806085323
3.988011525139886
1.3457384960058651
-5.147594057218448
0.9882519980204275
-0.40039318461800016
-11.493138951270533
4.599223754204795
-1.621076736103111
-5.716010381654427
0.7777519728064178
0.06284653500381047
-13.307798920260064
0.971872191421228
-10.573271307496338
-12.341115974954175
1.041050290384409
-12.185030780897879
-12.625712824818285
-1.8543825252296944
6.20980328998296
-4.71835786690407
-0.5223829254402536
3.4740755351034713
-1.0002989039054309
0.40751365874063317
0.9297578395176891
0.3976953693630183
0.28853204734827714
0.5093103734225811
0.7492480813773599
0.055624953729495996
0.20374431118595657
0.7125888926741831
0.0016933009735980056
0.9240165756730669
0.5503883221305474
0.9223517036876557
0.057135896487303044
0.7711103348081493
0.1359813942987379
0.38141275981872813
0.47480013434998736
0.4431310900554746
0.497999927469329
0.815926154628895
0.3006316689464841
0.10545410226707752
0.3395089485935747
0.7409397995159662
0.5197066163505677
0.5523347877942469
0.1425153709105219
0.1161483301936862
0.6847309591824391
0.8011308196509145
0.05010314657530268
0.29824276330248223
0.7810556870770569
0.8807048340580046
0.6340564568950294
0.4820929732650976
0.5010832456085907
0.5418320431365563
0.6725083422579129
0.18734459209842313
0.7169506912899001
0.6530079904100914
0.5345766513964283
0.6121296922691267
0.4564818106154145
0.5886677195019455
0.8003466460243158
0.6608155383813087
0.6296938044627806
0.7355870400623581
0.06743579343965844
0.315467272312165
0.8120815654677251
0.7206575357846616
0.10724404769030282
0.23318675535870736
0.023036093115589185
0.5046218060933683
0.08012323826539824
0.25425814241384637
0.5968945302795681
0.18389955194270025
0.21825301544674502
0.8383372774890298
0.4982789395681799
0.4405992323545399
0.5149178626789647
0.28058044372750257
0.39976366426366394
0.3349679396096349
0.473712949900183
0.5802291502499044
0.16656803763710415
0.8059868847830841
0.014250504657885465
0.9490371985636765
0.33275173211334463
0.03183361919888028
0.4834736178125968
0.4771879818182859
0.23322356237845154
0.7325168946150681
0.6137811404602039
